120.008	0.35318
120.054	0.35188
120.1	0.350922
120.146	0.349511
120.192	0.350643
120.238	0.351578
120.284	0.352559
120.33	0.349597
120.377	0.34607
120.422	0.354593
120.468	0.352645
120.514	0.348665
120.56	0.350987
120.606	0.353022
120.652	0.356592
120.698	0.35338
120.744	0.347948
120.79	0.34898
120.836	0.353112
120.882	0.351597
120.928	0.347235
120.974	0.354302
121.02	0.350179
121.065	0.358079
121.112	0.348939
121.158	0.353442
121.203	0.354583
121.25	0.352345
121.296	0.351333
121.342	0.359656
121.388	0.351252
121.434	0.354068
121.48	0.35096
121.526	0.351183
121.572	0.354396
121.618	0.364252
121.664	0.369791
121.71	0.364403
121.756	0.368596
121.802	0.360837
121.848	0.369221
121.894	0.367347
121.941	0.365482
121.986	0.3748
122.033	0.36369
122.078	0.369525
122.125	0.360048
122.171	0.369372
122.218	0.35832
122.264	0.369893
122.31	0.369051
122.356	0.36598
122.402	0.36688
122.449	0.365193
122.495	0.369237
122.541	0.363869
122.587	0.368985
122.634	0.36752
122.68	0.368395
122.726	0.364023
122.772	0.370387
122.819	0.363927
122.864	0.373675
122.912	0.357293
122.957	0.370661
123.004	0.365637
123.051	0.363805
123.097	0.368279
123.143	0.369251
123.19	0.362703
123.236	0.368858
123.282	0.371435
123.329	0.369569
123.376	0.362701
123.421	0.372415
123.468	0.364528
123.515	0.363595
123.561	0.367146
123.608	0.367696
123.655	0.363465
123.701	0.372384
123.747	0.367221
123.794	0.369769
123.84	0.368658
123.886	0.372261
123.934	0.364621
123.979	0.376757
124.026	0.366576
124.073	0.366047
124.119	0.375583
124.166	0.366096
124.212	0.37331
124.258	0.377198
124.305	0.369219
124.351	0.373258
124.397	0.37648
124.444	0.373767
124.49	0.382175
124.536	0.372404
124.583	0.36798
124.629	0.380057
124.676	0.369646
124.722	0.378211
124.768	0.371911
124.815	0.373443
124.861	0.376717
124.907	0.371777
124.954	0.374807
124.999	0.382787
125.047	0.363092
125.092	0.385291
125.139	0.370678
125.185	0.381015
125.232	0.374293
125.278	0.377349
125.324	0.375038
125.37	0.376255
125.417	0.373287
125.463	0.376543
125.508	0.378763
125.555	0.37089
125.601	0.383184
125.647	0.371942
125.693	0.378526
125.74	0.373127
125.786	0.382906
125.832	0.376278
125.878	0.372864
125.924	0.376529
125.971	0.372157
126.017	0.376202
126.063	0.373696
126.11	0.370635
126.156	0.373642
126.202	0.378245
126.248	0.37256
126.295	0.375275
126.341	0.378214
126.387	0.373026
126.434	0.374229
126.48	0.373263
126.526	0.373125
126.573	0.372381
126.619	0.369682
126.666	0.371867
126.712	0.374788
126.758	0.373552
126.805	0.370979
126.851	0.374673
126.898	0.370177
126.944	0.376933
126.99	0.378088
127.037	0.368615
127.083	0.37736
127.13	0.370799
127.176	0.373066
127.222	0.372325
127.269	0.373538
127.316	0.368824
127.362	0.375016
127.409	0.366539
127.455	0.376811
127.501	0.375532
127.548	0.368858
127.595	0.372842
127.641	0.375085
127.688	0.372619
127.735	0.367603
127.782	0.368683
127.828	0.371369
127.875	0.374795
127.921	0.37704
127.967	0.368422
128.014	0.368084
128.061	0.37083
128.108	0.36946
128.154	0.374159
128.201	0.372428
128.248	0.370695
128.294	0.376767
128.341	0.372968
128.388	0.37008
128.434	0.375854
128.481	0.373457
128.527	0.373085
128.574	0.373142
128.621	0.375535
128.668	0.372193
128.714	0.386511
128.761	0.375017
128.808	0.377708
128.855	0.379964
128.901	0.385442
128.948	0.382284
128.995	0.379109
129.041	0.387472
129.089	0.37261
129.135	0.388305
129.182	0.382591
129.228	0.386161
129.276	0.382882
129.322	0.385938
129.369	0.388344
129.416	0.384312
129.463	0.386264
129.509	0.39298
129.556	0.393676
129.603	0.388381
129.649	0.392164
129.697	0.381459
129.743	0.386258
129.79	0.385088
129.837	0.391883
129.883	0.393391
129.93	0.39261
129.977	0.3899
130.024	0.39879
130.071	0.397209
130.117	0.393814
130.164	0.395615
130.211	0.403239
130.257	0.398856
130.304	0.396259
130.351	0.393186
130.398	0.393054
130.444	0.397778
130.491	0.394085
130.537	0.397763
130.584	0.394929
130.631	0.393411
130.679	0.393392
130.725	0.399411
130.772	0.398669
130.819	0.403735
130.866	0.396117
130.912	0.397779
130.959	0.399251
131.006	0.392813
131.052	0.396661
131.099	0.395031
131.146	0.396374
131.193	0.397025
131.239	0.400685
131.286	0.397462
131.333	0.397398
131.381	0.393355
131.427	0.401806
131.474	0.393546
131.521	0.395217
131.568	0.3934
131.616	0.391652
131.662	0.401106
131.709	0.394951
131.756	0.392201
131.803	0.395206
131.85	0.394237
131.897	0.400883
131.944	0.394368
131.991	0.399619
132.037	0.400675
132.084	0.394396
132.132	0.391641
132.178	0.396282
132.225	0.394318
132.273	0.391537
132.32	0.394083
132.367	0.393299
132.414	0.393551
132.461	0.39255
132.508	0.394592
132.555	0.398128
132.602	0.396432
132.65	0.393438
132.697	0.393247
132.744	0.398864
132.791	0.395085
132.838	0.390599
132.885	0.394209
132.933	0.38845
132.979	0.400382
133.027	0.393973
133.073	0.39864
133.121	0.391773
133.168	0.39841
133.215	0.400011
133.262	0.399785
133.309	0.39444
133.356	0.395077
133.404	0.392045
133.451	0.396458
133.498	0.396081
133.545	0.397638
133.592	0.397799
133.639	0.393126
133.687	0.395909
133.733	0.413678
133.78	0.399289
133.827	0.409348
133.874	0.400042
133.921	0.405784
133.968	0.403124
134.015	0.401028
134.063	0.398016
134.109	0.405854
134.157	0.397512
134.203	0.406545
134.25	0.401956
134.297	0.406526
134.344	0.403821
134.391	0.403858
134.438	0.406945
134.484	0.416141
134.532	0.40589
134.579	0.405209
134.626	0.40792
134.673	0.403544
134.72	0.408597
134.766	0.41229
134.813	0.406832
134.86	0.407476
134.907	0.406623
134.954	0.407388
135.001	0.411075
135.047	0.418282
135.094	0.406706
135.141	0.411211
135.189	0.402551
135.235	0.412656
135.282	0.407288
135.329	0.407864
135.376	0.408843
135.422	0.407897
135.47	0.401679
135.517	0.409368
135.564	0.404689
135.611	0.407277
135.658	0.402
135.705	0.411442
135.751	0.411984
135.799	0.406055
135.845	0.411983
135.892	0.408424
135.939	0.406045
135.986	0.410068
136.034	0.405238
136.08	0.409554
136.128	0.405762
136.174	0.411392
136.221	0.414508
136.268	0.409323
136.316	0.408179
136.362	0.415682
136.41	0.404909
136.457	0.409578
136.503	0.41266
136.55	0.407541
136.597	0.411631
136.644	0.408728
136.692	0.40326
136.739	0.406039
136.785	0.416947
136.832	0.414648
136.879	0.410861
136.927	0.406094
136.974	0.412459
137.021	0.407625
137.068	0.41058
137.115	0.409671
137.162	0.415509
137.209	0.405502
137.256	0.411305
137.304	0.404968
137.351	0.414978
137.398	0.414764
137.445	0.411556
137.492	0.409393
137.539	0.412976
137.587	0.411176
137.634	0.413275
137.681	0.407396
137.728	0.415734
137.776	0.409588
137.823	0.410276
137.87	0.413022
137.917	0.411958
137.964	0.410352
138.012	0.413059
138.059	0.408282
138.106	0.420621
138.153	0.41397
138.201	0.412074
138.248	0.412976
138.296	0.410819
138.342	0.418846
138.39	0.409024
138.437	0.414567
138.485	0.409551
138.532	0.415133
138.579	0.410773
138.627	0.409941
138.674	0.419594
138.722	0.408563
138.769	0.41362
138.816	0.411054
138.864	0.410489
138.911	0.411532
138.959	0.41
139.006	0.415155
139.053	0.410796
139.101	0.41356
139.148	0.41407
139.196	0.409299
139.243	0.415781
139.29	0.416547
139.337	0.413796
139.384	0.413162
139.432	0.412499
139.479	0.410625
139.527	0.406867
139.574	0.418746
139.621	0.410813
139.668	0.414929
139.716	0.408859
139.764	0.410142
139.811	0.412306
139.858	0.420135
139.905	0.413928
139.953	0.412113
140	0.413203
140.047	0.415137
140.095	0.409416
140.143	0.411181
140.19	0.414974
140.238	0.407288
140.285	0.4123
140.332	0.427384
140.379	0.413485
140.427	0.416548
140.474	0.413617
140.522	0.407752
140.569	0.424445
140.617	0.424629
140.664	0.429109
140.712	0.425914
140.759	0.425171
140.807	0.425208
140.854	0.422963
140.902	0.428294
140.949	0.432789
140.997	0.419211
141.044	0.430943
141.092	0.423431
141.139	0.427679
141.187	0.429529
141.234	0.426461
141.282	0.426445
141.329	0.427566
141.376	0.434328
141.424	0.431194
141.472	0.4281
141.519	0.437865
141.567	0.429211
141.615	0.432894
141.663	0.430713
141.71	0.43494
141.758	0.428471
141.806	0.437873
141.853	0.432535
141.901	0.438118
141.949	0.435031
141.996	0.434125
142.044	0.437628
142.091	0.438381
142.139	0.431715
142.187	0.435336
142.234	0.436881
142.282	0.435704
142.33	0.43674
142.378	0.439937
142.425	0.437664
142.473	0.434845
142.52	0.4387
142.568	0.436864
142.616	0.436333
142.663	0.442075
142.71	0.436373
142.758	0.440969
142.805	0.438738
142.853	0.437896
142.901	0.440633
142.948	0.442551
142.996	0.435021
143.043	0.44103
143.091	0.437864
143.138	0.441085
143.185	0.439718
143.233	0.438654
143.281	0.434444
143.328	0.439909
143.376	0.438732
143.423	0.44459
143.471	0.437694
143.517	0.450336
143.566	0.434155
143.613	0.440054
143.661	0.439941
143.708	0.444172
143.755	0.440924
143.803	0.433708
143.851	0.434933
143.898	0.451412
143.946	0.432978
143.993	0.445022
144.041	0.433778
144.088	0.447049
144.136	0.443948
144.183	0.446359
144.23	0.438687
144.278	0.439033
144.326	0.433757
144.373	0.440929
144.42	0.443724
144.468	0.435808
144.516	0.436717
144.564	0.441407
144.611	0.440358
144.659	0.440232
144.706	0.44626
144.754	0.435299
144.801	0.440361
144.849	0.437885
144.897	0.433397
144.945	0.435194
144.992	0.436507
145.04	0.440455
145.087	0.441026
145.135	0.440784
145.182	0.438642
145.231	0.432512
145.278	0.450877
145.326	0.445627
145.373	0.455752
145.421	0.44406
145.469	0.444992
145.516	0.447461
145.564	0.448865
145.612	0.446935
145.659	0.449979
145.707	0.447266
145.755	0.452558
145.802	0.45498
145.85	0.450476
145.898	0.450493
145.946	0.452668
145.994	0.449482
146.041	0.455927
146.089	0.448851
146.137	0.450167
146.185	0.45135
146.232	0.454512
146.28	0.451152
146.328	0.449637
146.376	0.447231
146.423	0.457842
146.471	0.450225
146.519	0.456977
146.566	0.457947
146.614	0.452001
146.662	0.453864
146.71	0.451134
146.757	0.457819
146.805	0.458184
146.853	0.445482
146.901	0.455651
146.948	0.456742
146.996	0.448775
147.043	0.462288
147.091	0.460054
147.139	0.451042
147.186	0.464386
147.234	0.454424
147.281	0.463259
147.329	0.453909
147.377	0.45039
147.424	0.463684
147.472	0.450893
147.52	0.460302
147.567	0.458391
147.615	0.459044
147.663	0.455388
147.71	0.462979
147.757	0.465154
147.805	0.454061
147.852	0.464986
147.9	0.456193
147.948	0.458462
147.996	0.45439
148.043	0.465244
148.09	0.461064
148.138	0.454606
148.186	0.463297
148.233	0.460465
148.28	0.463322
148.328	0.459952
148.375	0.459797
148.423	0.458382
148.471	0.460274
148.518	0.461504
148.565	0.467654
148.613	0.458173
148.661	0.458237
148.708	0.464841
148.755	0.45973
148.802	0.465986
148.85	0.46334
148.898	0.456425
148.945	0.465195
148.992	0.46537
149.04	0.463603
149.088	0.457672
149.136	0.459725
149.182	0.468731
149.23	0.462949
149.277	0.467236
149.325	0.456528
149.373	0.462773
149.42	0.462435
149.468	0.45912
149.515	0.463274
149.563	0.468954
149.61	0.459095
149.658	0.466005
149.706	0.461679
149.753	0.463103
149.801	0.461652
149.848	0.462383
149.895	0.462823
149.943	0.460058
149.99	0.46823
150.039	0.454438
150.086	0.469273
150.133	0.463492
150.181	0.464457
150.228	0.46427
150.277	0.457344
150.324	0.465464
150.371	0.465229
150.419	0.458225
150.467	0.459458
150.515	0.46385
150.563	0.460531
150.61	0.466249
150.658	0.458336
150.705	0.469816
150.753	0.460535
150.801	0.467385
150.849	0.458647
150.897	0.461597
150.945	0.459707
150.992	0.46855
151.04	0.464705
151.088	0.461675
151.135	0.465562
151.183	0.459486
151.231	0.462089
151.279	0.460675
151.326	0.468107
151.374	0.464448
151.422	0.460894
151.47	0.462671
151.518	0.461584
151.566	0.465961
151.613	0.463968
151.661	0.465188
151.709	0.461338
151.757	0.466041
151.805	0.460965
151.852	0.46934
151.9	0.463556
151.948	0.470273
151.996	0.466895
152.043	0.478788
152.091	0.47208
152.139	0.479223
152.187	0.480285
152.234	0.4826
152.282	0.466926
152.33	0.483666
152.378	0.471937
152.425	0.486325
152.473	0.474682
152.521	0.474484
152.568	0.485592
152.616	0.479972
152.663	0.484892
152.711	0.470552
152.758	0.484749
152.806	0.478994
152.854	0.481543
152.901	0.478496
152.949	0.483579
152.997	0.48137
153.044	0.485625
153.092	0.482886
153.139	0.485869
153.187	0.48614
153.235	0.486237
153.282	0.48875
153.329	0.488966
153.377	0.48109
153.424	0.489347
153.472	0.487159
153.52	0.476028
153.568	0.487137
153.615	0.484486
153.663	0.488937
153.71	0.490026
153.758	0.477874
153.805	0.492533
153.854	0.478598
153.901	0.493942
153.948	0.489576
153.997	0.477756
154.044	0.486029
154.091	0.495286
154.139	0.478191
154.187	0.486671
154.234	0.491215
154.282	0.486013
154.33	0.48656
154.378	0.487894
154.425	0.492346
154.473	0.48641
154.521	0.488693
154.568	0.488708
154.616	0.485519
154.663	0.490801
154.711	0.486985
154.759	0.487977
154.807	0.484928
154.855	0.483011
154.902	0.495708
154.95	0.482894
154.997	0.493353
155.045	0.481662
155.093	0.490079
155.14	0.496805
155.188	0.483982
155.236	0.490046
155.284	0.48587
155.332	0.48822
155.379	0.490519
155.427	0.481018
155.475	0.482569
155.523	0.483456
155.571	0.488241
155.619	0.483679
155.667	0.489157
155.714	0.495721
155.762	0.48686
155.809	0.492907
155.857	0.480231
155.905	0.488713
155.953	0.480891
156.001	0.487149
156.049	0.483836
156.097	0.483927
156.145	0.488064
156.192	0.489265
156.241	0.47841
156.288	0.491878
156.336	0.487863
156.384	0.492684
156.432	0.481621
156.479	0.496339
156.527	0.481019
156.575	0.490796
156.624	0.478568
156.671	0.491516
156.72	0.48034
156.767	0.490303
156.816	0.482683
156.863	0.498068
156.911	0.484535
156.958	0.495923
157.006	0.490807
157.055	0.486936
157.103	0.483393
157.151	0.490636
157.199	0.486679
157.246	0.49381
157.294	0.484341
157.342	0.495368
157.39	0.491587
157.437	0.49472
157.485	0.49561
157.533	0.493122
157.581	0.491135
157.629	0.502667
157.676	0.498252
157.725	0.489796
157.772	0.506349
157.82	0.49138
157.868	0.497468
157.916	0.490777
157.963	0.501882
158.011	0.495443
158.059	0.501816
158.107	0.500612
158.155	0.494316
158.202	0.506349
158.25	0.498247
158.299	0.495268
158.346	0.505922
158.394	0.494267
158.442	0.50047
158.489	0.502319
158.537	0.495579
158.585	0.501328
158.633	0.494697
158.681	0.502969
158.728	0.50373
158.776	0.498464
158.825	0.497081
158.873	0.500104
158.92	0.505465
158.968	0.501619
159.016	0.499427
159.063	0.49997
159.112	0.493787
159.159	0.506309
159.207	0.49324
159.255	0.502134
159.303	0.499548
159.351	0.503529
159.398	0.507601
159.446	0.500749
159.494	0.503455
159.542	0.506759
159.59	0.497562
159.638	0.50179
159.686	0.501374
159.734	0.500833
159.782	0.497135
159.83	0.504323
159.878	0.504237
159.926	0.49676
159.974	0.502255
160.022	0.502871
160.07	0.500186
160.118	0.50034
160.167	0.497838
160.214	0.508623
160.262	0.500932
160.31	0.505941
160.359	0.498488
160.406	0.50408
160.455	0.500898
160.502	0.504454
160.551	0.498811
160.599	0.506145
160.647	0.499915
160.695	0.507117
160.742	0.512772
160.791	0.504477
160.838	0.506521
160.887	0.500172
160.935	0.504107
160.982	0.50899
161.031	0.502258
161.079	0.503965
161.127	0.504542
161.175	0.511018
161.223	0.506157
161.271	0.51119
161.319	0.504649
161.367	0.508556
161.415	0.515061
161.464	0.495914
161.511	0.517942
161.559	0.505997
161.606	0.513458
161.654	0.504512
161.703	0.503962
161.75	0.510511
161.798	0.508264
161.846	0.506198
161.894	0.508379
161.942	0.509474
161.99	0.507173
162.038	0.516187
162.086	0.509007
162.134	0.511085
162.181	0.517572
162.229	0.507927
162.277	0.506489
162.325	0.505958
162.373	0.509174
162.421	0.511942
162.468	0.515613
162.516	0.511813
162.565	0.50641
162.612	0.515569
162.659	0.517421
162.707	0.510294
162.755	0.512257
162.803	0.510717
162.851	0.507249
162.899	0.509064
162.947	0.506198
162.995	0.511529
163.043	0.512524
163.09	0.512013
163.138	0.511819
163.186	0.511449
163.235	0.50542
163.282	0.515979
163.33	0.509937
163.378	0.511366
163.426	0.512914
163.474	0.503041
163.522	0.517475
163.57	0.503586
163.617	0.515403
163.665	0.511847
163.713	0.506589
163.761	0.510596
163.809	0.513854
163.857	0.507043
163.905	0.511104
163.953	0.514157
164.001	0.509583
164.049	0.507192
164.097	0.512041
164.145	0.508374
164.193	0.512679
164.241	0.510909
164.29	0.508169
164.338	0.510848
164.385	0.517897
164.433	0.508976
164.481	0.523668
164.529	0.516401
164.577	0.523108
164.626	0.521067
164.674	0.5175
164.721	0.529506
164.77	0.517552
164.818	0.520281
164.866	0.529112
164.914	0.51913
164.962	0.524194
165.01	0.523125
165.058	0.516313
165.106	0.525364
165.154	0.525241
165.203	0.51261
165.25	0.527042
165.299	0.519545
165.347	0.524631
165.395	0.523315
165.443	0.523846
165.492	0.516958
165.54	0.525837
165.588	0.527662
165.636	0.523848
165.685	0.525617
165.733	0.53019
165.781	0.532209
165.829	0.527166
165.877	0.529664
165.925	0.536365
165.974	0.524349
166.022	0.53163
166.071	0.522795
166.119	0.533873
166.167	0.530124
166.216	0.525417
166.264	0.533831
166.312	0.527831
166.361	0.521543
166.409	0.537981
166.457	0.526355
166.505	0.534626
166.553	0.536396
166.602	0.525045
166.65	0.533388
166.699	0.531661
166.747	0.526901
166.795	0.53426
166.844	0.529355
166.892	0.53185
166.94	0.528879
166.989	0.52744
167.037	0.526675
167.085	0.542328
167.133	0.532324
167.182	0.527305
167.23	0.536977
167.278	0.536118
167.326	0.532499
167.374	0.532054
167.422	0.534308
167.471	0.529758
167.519	0.534208
167.567	0.534234
167.615	0.527842
167.663	0.536748
167.711	0.534022
167.76	0.532044
167.808	0.529145
167.856	0.539836
167.905	0.526764
167.952	0.539388
168.001	0.533876
168.049	0.531513
168.096	0.541631
168.145	0.535254
168.194	0.528316
168.241	0.543742
168.289	0.533115
168.338	0.529936
168.386	0.534478
168.434	0.541751
168.482	0.539505
168.531	0.546274
168.579	0.53661
168.627	0.553032
168.675	0.542124
168.723	0.545345
168.772	0.540493
168.819	0.554415
168.868	0.536108
168.916	0.547265
168.965	0.542963
169.013	0.542607
169.061	0.543162
169.109	0.552617
169.158	0.542626
169.206	0.544891
169.254	0.543162
169.302	0.544474
169.351	0.541798
169.399	0.550013
169.448	0.534069
169.496	0.544002
169.544	0.54469
169.593	0.546623
169.641	0.541571
169.689	0.544981
169.738	0.54658
169.786	0.542583
169.835	0.541474
169.883	0.551641
169.931	0.543231
169.979	0.549315
170.028	0.541147
170.076	0.547465
170.125	0.543721
170.173	0.54448
170.221	0.54318
170.27	0.545643
170.319	0.537837
170.367	0.549494
170.415	0.544406
170.463	0.545897
170.511	0.550693
170.56	0.540245
170.609	0.537431
170.657	0.550173
170.705	0.549286
170.754	0.544416
170.802	0.550262
170.851	0.539031
170.899	0.545082
170.948	0.543143
170.996	0.545244
171.045	0.545648
171.093	0.543707
171.142	0.545523
171.19	0.555485
171.238	0.5435
171.287	0.548795
171.335	0.545801
171.383	0.552824
171.432	0.542136
171.48	0.550398
171.528	0.552304
171.577	0.544215
171.625	0.545433
171.673	0.555617
171.722	0.546195
171.771	0.545882
171.819	0.547794
171.867	0.547798
171.916	0.551754
171.964	0.54604
172.013	0.550363
172.061	0.55204
172.11	0.544432
172.157	0.557364
172.206	0.5467
172.255	0.550223
172.303	0.547117
172.351	0.551755
172.4	0.546844
172.449	0.546366
172.497	0.556774
172.546	0.539732
172.594	0.550703
172.643	0.548512
172.691	0.549049
172.74	0.550218
172.788	0.548332
172.837	0.547873
172.885	0.549626
172.934	0.550645
172.982	0.544494
173.031	0.550798
173.079	0.5526
173.128	0.548011
173.176	0.548331
173.224	0.554919
173.273	0.549817
173.322	0.545203
173.37	0.551646
173.419	0.541594
173.467	0.558734
173.516	0.545949
173.564	0.553654
173.612	0.548402
173.661	0.549901
173.709	0.553483
173.758	0.541765
173.807	0.548623
173.855	0.551184
173.904	0.546747
173.952	0.554921
174	0.553679
174.049	0.544038
174.098	0.547234
174.146	0.55463
174.195	0.548577
174.243	0.555247
174.291	0.551295
174.34	0.547469
174.389	0.549417
174.437	0.552917
174.486	0.544402
174.533	0.561902
174.583	0.53961
174.631	0.548775
174.679	0.556599
174.727	0.548787
174.776	0.553557
174.825	0.543717
174.873	0.55546
174.921	0.546484
174.97	0.549235
175.018	0.558161
175.066	0.548126
175.114	0.554004
175.163	0.543339
175.211	0.55513
175.261	0.537142
175.309	0.552715
175.357	0.557373
175.406	0.548429
175.454	0.55358
175.503	0.544866
175.551	0.551014
175.6	0.546761
175.649	0.546178
175.697	0.549394
175.745	0.553816
175.794	0.54838
175.842	0.547958
175.891	0.549737
175.939	0.553214
175.988	0.548534
176.037	0.545994
176.085	0.55311
176.134	0.545523
176.182	0.557302
176.23	0.551531
176.279	0.55145
176.327	0.549778
176.376	0.549425
176.425	0.546939
176.473	0.551225
176.521	0.552684
176.57	0.546086
176.618	0.559256
176.668	0.544213
176.716	0.558792
176.764	0.555941
176.813	0.546577
176.862	0.54924
176.91	0.560773
176.959	0.546163
177.008	0.55022
177.056	0.561584
177.105	0.54721
177.153	0.555773
177.202	0.558212
177.251	0.551931
177.298	0.570846
177.348	0.549064
177.396	0.560862
177.444	0.566219
177.493	0.55985
177.542	0.558278
177.591	0.55945
177.638	0.572591
177.688	0.554218
177.736	0.568987
177.785	0.558642
177.833	0.564938
177.882	0.556882
177.931	0.56403
177.979	0.571109
178.027	0.561986
178.075	0.571387
178.124	0.566531
178.173	0.564964
178.222	0.561939
178.27	0.564249
178.319	0.569183
178.367	0.570302
178.416	0.560898
178.464	0.574861
178.513	0.568608
178.562	0.562275
178.611	0.5698
178.659	0.569686
178.708	0.568278
178.757	0.569458
178.806	0.567352
178.854	0.575176
178.903	0.571188
178.951	0.57574
179	0.574626
179.049	0.569417
179.097	0.579277
179.146	0.570588
179.194	0.572834
179.243	0.566951
179.291	0.579999
179.34	0.569368
179.389	0.568768
179.437	0.579515
179.487	0.568004
179.535	0.577931
179.584	0.57382
179.632	0.571971
179.681	0.568899
179.73	0.576952
179.778	0.571839
179.827	0.573605
179.875	0.577574
179.924	0.570376
179.973	0.570622
180.022	0.572998
180.071	0.572628
180.119	0.572132
180.167	0.584314
180.216	0.572215
180.265	0.56724
180.314	0.573467
180.363	0.572138
180.411	0.582141
180.46	0.56685
180.509	0.572187
180.558	0.569283
180.607	0.577325
180.655	0.576175
180.704	0.570886
180.753	0.577533
180.802	0.574784
180.85	0.57493
180.899	0.573729
180.948	0.577683
180.996	0.572661
181.046	0.566745
181.094	0.582238
181.143	0.573328
181.191	0.575564
181.24	0.574012
181.288	0.573249
181.337	0.575563
181.386	0.570053
181.435	0.573372
181.483	0.587602
181.532	0.564449
181.581	0.576265
181.629	0.576708
181.678	0.574144
181.727	0.577642
181.775	0.573793
181.824	0.578305
181.873	0.568154
181.921	0.579805
181.97	0.576324
182.019	0.571101
182.067	0.582064
182.116	0.574137
182.164	0.583165
182.213	0.576681
182.262	0.571442
182.31	0.584555
182.359	0.574587
182.408	0.572854
182.456	0.577753
182.504	0.583796
182.553	0.575054
182.602	0.576031
182.65	0.576434
182.699	0.580577
182.747	0.577313
182.796	0.580229
182.846	0.564799
182.893	0.587459
182.942	0.574718
182.991	0.575111
183.04	0.573277
183.088	0.590319
183.137	0.575334
183.185	0.577024
183.234	0.575721
183.282	0.581743
183.331	0.571452
183.38	0.583572
183.428	0.575162
183.477	0.57457
183.526	0.580319
183.574	0.580804
183.623	0.581134
183.672	0.579535
183.72	0.588126
183.769	0.572099
183.817	0.582193
183.866	0.576313
183.915	0.583234
183.964	0.575873
184.012	0.580939
184.061	0.579361
184.11	0.578057
184.158	0.593012
184.208	0.575224
184.257	0.580689
184.305	0.587611
184.353	0.588743
184.402	0.576285
184.451	0.581622
184.5	0.586365
184.549	0.578699
184.598	0.582046
184.647	0.581589
184.695	0.591579
184.743	0.589437
184.792	0.588399
184.841	0.578273
184.891	0.575998
184.939	0.592859
184.988	0.574825
185.037	0.58231
185.086	0.579759
185.135	0.588374
185.184	0.584563
185.233	0.580773
185.282	0.581475
185.33	0.585117
185.379	0.584951
185.428	0.588315
185.477	0.579181
185.526	0.586467
185.574	0.586213
185.623	0.581018
185.673	0.581111
185.72	0.595666
185.77	0.570648
185.819	0.588775
185.867	0.588489
185.917	0.581635
185.965	0.585759
186.015	0.578501
186.063	0.590195
186.112	0.584346
186.161	0.585459
186.21	0.585586
186.259	0.587668
186.307	0.589972
186.357	0.580638
186.406	0.58536
186.454	0.590589
186.503	0.58724
186.553	0.577209
186.601	0.59044
186.65	0.589695
186.699	0.586096
186.748	0.587636
186.796	0.596417
186.845	0.580022
186.894	0.58988
186.943	0.58903
186.991	0.590652
187.04	0.589581
187.089	0.588651
187.138	0.590003
187.186	0.593229
187.234	0.598262
187.284	0.583469
187.333	0.587225
187.382	0.597227
187.43	0.591288
187.479	0.599172
187.528	0.585494
187.577	0.595015
187.625	0.599462
187.674	0.587609
187.723	0.59258
187.772	0.592108
187.82	0.595058
187.869	0.587681
187.918	0.59896
187.966	0.595626
188.016	0.587917
188.064	0.602121
188.113	0.583452
188.161	0.602353
188.21	0.590044
188.258	0.605582
188.307	0.589889
188.356	0.595958
188.405	0.590725
188.454	0.586944
188.502	0.602021
188.551	0.590713
188.599	0.600892
188.648	0.593766
188.697	0.588889
188.746	0.597248
188.794	0.596078
188.843	0.595339
188.892	0.595745
188.941	0.587334
188.99	0.594452
189.038	0.605732
189.087	0.591354
189.135	0.596583
189.184	0.594741
189.233	0.591614
189.282	0.593876
189.331	0.59165
189.379	0.596847
189.428	0.595337
189.477	0.592699
189.526	0.595425
189.575	0.58986
189.623	0.596992
189.673	0.586775
189.721	0.601695
189.77	0.594188
189.819	0.594691
189.867	0.595677
189.916	0.593986
189.966	0.584616
190.014	0.60396
190.063	0.595402
190.112	0.591511
190.16	0.602225
190.209	0.587658
190.258	0.59706
190.307	0.592144
190.356	0.593491
190.405	0.587223
190.453	0.602115
190.503	0.584825
190.551	0.596956
190.6	0.598118
190.649	0.59001
190.697	0.598196
190.747	0.587849
190.796	0.594553
190.845	0.588206
190.893	0.598659
190.943	0.589939
190.991	0.601751
191.04	0.58794
191.089	0.596749
191.138	0.599233
191.187	0.59064
191.236	0.591052
191.286	0.589515
191.334	0.600371
191.383	0.599657
191.432	0.593425
191.481	0.595115
191.53	0.591008
191.579	0.592707
191.628	0.597613
191.677	0.59453
191.725	0.595928
191.774	0.595982
191.823	0.592222
191.872	0.59767
191.922	0.583632
191.97	0.602188
192.02	0.592688
192.068	0.598068
192.118	0.592957
192.166	0.59837
192.215	0.591717
192.264	0.601481
192.313	0.59062
192.363	0.587076
192.412	0.595862
192.46	0.60174
192.509	0.59484
192.558	0.596201
192.607	0.602215
192.655	0.599162
192.704	0.59995
192.754	0.593799
192.803	0.592351
192.852	0.600267
192.901	0.601912
192.949	0.599421
192.999	0.591243
193.047	0.605496
193.096	0.600202
193.145	0.60817
193.194	0.593625
193.244	0.599708
193.292	0.614312
193.341	0.597608
193.389	0.613288
193.438	0.605029
193.487	0.607413
193.536	0.600544
193.585	0.600713
193.633	0.61156
193.683	0.596139
193.731	0.611733
193.78	0.60688
193.829	0.597747
193.878	0.607224
193.926	0.60955
193.975	0.603537
194.024	0.610328
194.074	0.60249
194.122	0.614484
194.171	0.608197
194.219	0.620484
194.268	0.615455
194.317	0.605971
194.366	0.609172
194.415	0.616509
194.464	0.609565
194.513	0.614259
194.561	0.618702
194.61	0.612131
194.659	0.619361
194.707	0.614931
194.757	0.604487
194.805	0.622161
194.854	0.616373
194.903	0.616585
194.951	0.615445
195	0.611578
195.049	0.616405
195.098	0.611814
195.146	0.623656
195.195	0.606336
195.244	0.617504
195.292	0.624329
195.341	0.618471
195.39	0.607098
195.439	0.611213
195.488	0.619638
195.537	0.606959
195.585	0.620804
195.634	0.615372
195.682	0.621772
195.731	0.617226
195.78	0.60648
195.829	0.619654
195.878	0.61801
195.926	0.616684
195.976	0.603506
196.025	0.614788
196.073	0.624437
196.122	0.608282
196.171	0.620289
196.22	0.611888
196.268	0.616206
196.317	0.621316
196.366	0.614905
196.415	0.608854
196.463	0.623886
196.512	0.610845
196.561	0.61975
196.61	0.609262
196.659	0.617323
196.708	0.61262
196.756	0.619429
196.806	0.606558
196.854	0.619916
196.903	0.611285
196.952	0.621249
197.001	0.613354
197.049	0.615255
197.099	0.604952
197.148	0.620688
197.196	0.616205
197.245	0.611935
197.294	0.617437
197.343	0.614084
197.392	0.61716
197.441	0.616673
197.49	0.60412
197.539	0.612784
197.588	0.616227
197.637	0.610391
197.686	0.613978
197.736	0.605597
197.784	0.623596
197.834	0.612132
197.882	0.628327
197.932	0.619799
197.98	0.627025
198.03	0.619302
198.078	0.630879
198.127	0.631143
198.176	0.614597
198.226	0.619541
198.275	0.621401
198.323	0.634406
198.372	0.620046
198.422	0.625872
198.47	0.629148
198.519	0.629487
198.568	0.622786
198.618	0.624091
198.667	0.623596
198.716	0.629293
198.764	0.630755
198.814	0.617915
198.863	0.630548
198.912	0.620081
198.961	0.633142
199.01	0.620594
199.06	0.620784
199.109	0.628732
199.158	0.62465
199.206	0.633767
199.256	0.619383
199.305	0.633849
199.353	0.633606
199.403	0.62078
199.452	0.627635
199.501	0.631067
199.55	0.62156
199.599	0.628434
199.648	0.633066
199.697	0.626728
199.746	0.624809
199.795	0.634478
199.845	0.621814
199.893	0.635136
199.942	0.628717
199.991	0.635601
200.04	0.630288
200.089	0.625665
200.138	0.628834
200.187	0.630708
200.236	0.629513
200.285	0.629895
200.335	0.624226
200.383	0.642009
200.433	0.624074
200.482	0.631671
200.531	0.628368
200.579	0.646397
200.629	0.616389
200.677	0.640032
200.727	0.622216
200.776	0.635654
200.824	0.635741
200.873	0.628361
200.923	0.627574
200.971	0.638304
201.021	0.623834
201.069	0.645721
201.118	0.626279
201.167	0.639917
201.216	0.632398
201.265	0.638141
201.313	0.634483
201.363	0.623591
201.412	0.63394
201.461	0.637031
201.51	0.629798
201.558	0.640707
201.608	0.629504
201.656	0.638713
201.706	0.623926
201.755	0.634746
201.804	0.628009
201.853	0.641574
201.902	0.63439
201.95	0.637884
201.999	0.631152
202.048	0.637326
202.098	0.628151
202.146	0.646398
202.195	0.62402
202.243	0.651604
202.292	0.633913
202.341	0.632721
202.39	0.632938
202.439	0.642501
202.488	0.630652
202.536	0.644824
202.586	0.625391
202.635	0.64186
202.684	0.630292
202.733	0.633324
202.782	0.635261
202.831	0.638778
202.88	0.633273
202.929	0.639016
202.978	0.634235
203.026	0.644348
203.075	0.635692
203.125	0.623627
203.174	0.643019
203.222	0.637391
203.272	0.632424
203.32	0.638791
203.369	0.641206
203.418	0.635538
203.468	0.624727
203.517	0.639306
203.565	0.639487
203.614	0.635924
203.664	0.63599
203.712	0.638324
203.761	0.638219
203.811	0.631424
203.86	0.638278
203.909	0.630826
203.958	0.643805
204.007	0.634171
204.056	0.636948
204.105	0.63776
204.155	0.632795
204.203	0.641627
204.253	0.634208
204.302	0.637663
204.351	0.639097
204.4	0.635684
204.449	0.63618
204.498	0.638359
204.547	0.63582
204.597	0.631505
204.645	0.647727
204.694	0.643184
204.743	0.6481
204.792	0.645593
204.842	0.642759
204.891	0.643253
204.94	0.645477
204.989	0.636792
205.038	0.653801
205.088	0.639668
205.137	0.644755
205.185	0.658317
205.235	0.642897
205.283	0.655305
205.333	0.644031
205.382	0.645283
205.431	0.652713
205.48	0.653109
205.529	0.647006
205.579	0.637889
205.628	0.64846
205.677	0.644989
205.727	0.647974
205.775	0.658596
205.824	0.652348
205.874	0.640083
205.923	0.656219
205.972	0.657565
206.021	0.652307
206.07	0.656217
206.12	0.652103
206.169	0.654028
206.218	0.655861
206.267	0.651155
206.316	0.658528
206.365	0.655705
206.415	0.656225
206.464	0.64824
206.513	0.662898
206.562	0.651781
206.612	0.654147
206.661	0.650071
206.709	0.666061
206.759	0.652736
206.808	0.657392
206.857	0.656651
206.907	0.650625
206.956	0.651228
207.005	0.657278
207.054	0.652982
207.103	0.660096
207.152	0.653957
207.202	0.653948
207.251	0.659863
207.3	0.654055
207.349	0.653518
207.398	0.6583
207.448	0.650809
207.496	0.668023
207.546	0.651652
207.595	0.654699
207.644	0.661819
207.693	0.658946
207.742	0.659369
207.791	0.663767
207.84	0.657809
207.889	0.660399
207.938	0.654969
207.987	0.662004
208.037	0.652982
208.085	0.664599
208.134	0.661379
208.183	0.658072
208.232	0.658557
208.281	0.664054
208.33	0.658658
208.38	0.653734
208.428	0.664332
208.478	0.653683
208.527	0.659972
208.576	0.660633
208.624	0.666452
208.674	0.645597
208.723	0.669525
208.771	0.661554
208.82	0.656219
208.869	0.66819
208.918	0.651591
208.967	0.660688
209.017	0.653027
209.066	0.652671
209.115	0.671216
209.164	0.662491
209.213	0.659566
209.262	0.657957
209.311	0.660067
209.36	0.654815
209.408	0.672483
209.458	0.654918
209.507	0.657795
209.556	0.658457
209.605	0.660022
209.654	0.660785
209.703	0.655624
209.753	0.656225
209.802	0.663363
209.851	0.660901
209.9	0.660718
209.949	0.655951
209.998	0.658908
210.047	0.658975
210.096	0.662629
210.146	0.649942
210.195	0.659858
210.244	0.66122
210.293	0.656125
210.342	0.659176
210.392	0.650266
210.442	0.657313
210.49	0.666173
210.539	0.65731
210.588	0.663522
210.637	0.662655
210.687	0.653219
210.736	0.653966
210.785	0.662829
210.834	0.662972
210.884	0.654218
210.933	0.66148
210.982	0.652058
211.031	0.668828
211.08	0.656431
211.13	0.655226
211.179	0.656596
211.228	0.674075
211.277	0.655297
211.326	0.665219
211.376	0.654206
211.425	0.6626
211.474	0.66144
211.523	0.660972
211.572	0.660698
211.621	0.65815
211.671	0.654516
211.72	0.66469
211.77	0.652581
211.818	0.674237
211.868	0.657394
211.917	0.662884
211.966	0.675619
212.015	0.661916
212.065	0.667808
212.114	0.666047
212.164	0.653485
212.213	0.669585
212.262	0.665415
212.311	0.664162
212.361	0.667368
212.41	0.665234
212.459	0.663497
212.508	0.67421
212.557	0.665867
212.606	0.675513
212.656	0.657824
212.705	0.666031
212.754	0.669822
212.803	0.667903
212.854	0.653274
212.903	0.665816
212.952	0.663157
213.001	0.671877
213.05	0.6655
213.1	0.663142
213.15	0.660842
213.198	0.672955
213.248	0.666345
213.297	0.662541
213.347	0.662683
213.396	0.672156
213.446	0.663613
213.495	0.673325
213.544	0.663844
213.593	0.670454
213.643	0.659167
213.692	0.674128
213.742	0.655671
213.79	0.679764
213.84	0.658965
213.889	0.673396
213.939	0.663817
213.988	0.668812
214.038	0.667364
214.086	0.675845
214.136	0.657354
214.185	0.683027
214.234	0.667196
214.284	0.66463
214.333	0.670984
214.382	0.667294
214.431	0.665586
214.48	0.677375
214.53	0.665177
214.579	0.667539
214.628	0.677027
214.677	0.668922
214.727	0.660374
214.776	0.676146
214.825	0.671534
214.874	0.669183
214.923	0.670605
214.973	0.672107
215.022	0.673996
215.071	0.671436
215.12	0.670899
215.169	0.673111
215.218	0.675113
215.267	0.672995
215.316	0.677124
215.365	0.672835
215.414	0.673524
215.463	0.673475
215.512	0.679407
215.561	0.674774
215.611	0.666527
215.66	0.680452
215.709	0.675335
215.758	0.674548
215.807	0.679132
215.856	0.670257
215.905	0.670264
215.954	0.680831
216.004	0.666299
216.052	0.680173
216.102	0.667488
216.15	0.684389
216.2	0.671145
216.249	0.676289
216.298	0.668757
216.347	0.679083
216.396	0.676873
216.446	0.672051
216.494	0.682222
216.543	0.679626
216.593	0.67685
216.642	0.678093
216.691	0.67409
216.74	0.679759
216.788	0.687592
216.838	0.669141
216.888	0.67416
216.936	0.682533
216.986	0.670935
217.035	0.681708
217.084	0.676668
217.133	0.679382
217.182	0.682146
217.231	0.67726
217.28	0.681051
217.329	0.67626
217.379	0.669576
217.428	0.68134
217.477	0.669045
217.527	0.675383
217.576	0.67774
217.624	0.687075
217.673	0.679703
217.722	0.674564
217.771	0.682233
217.821	0.668028
217.87	0.67896
217.92	0.673503
217.969	0.679595
218.017	0.685011
218.067	0.668431
218.116	0.675917
218.165	0.678888
218.214	0.681815
218.263	0.678512
218.313	0.667542
218.362	0.679176
218.411	0.675605
218.46	0.675923
218.51	0.665792
218.559	0.685572
218.608	0.673591
218.657	0.679477
218.707	0.670618
218.756	0.681935
218.805	0.667567
218.854	0.682359
218.904	0.67207
218.952	0.680925
219.002	0.672221
219.051	0.675528
219.1	0.68155
219.15	0.670252
219.199	0.670722
219.248	0.677025
219.297	0.685061
219.346	0.673877
219.395	0.678553
219.445	0.673968
219.494	0.676541
219.544	0.663209
219.593	0.678394
219.643	0.666082
219.692	0.678616
219.741	0.68213
219.791	0.666803
219.84	0.674291
219.889	0.677454
219.939	0.675284
219.988	0.679993
220.037	0.674128
220.086	0.685084
220.135	0.670726
220.185	0.672796
220.234	0.68498
220.283	0.668095
220.333	0.675399
220.381	0.686723
220.431	0.676457
220.48	0.676382
220.529	0.679638
220.579	0.673684
220.628	0.679879
220.677	0.686209
220.726	0.67411
220.775	0.682839
220.824	0.686327
220.874	0.672192
220.923	0.679204
220.972	0.679933
221.021	0.681314
221.07	0.681735
221.12	0.673903
221.168	0.69211
221.218	0.679535
221.267	0.682441
221.316	0.686093
221.365	0.680117
221.414	0.693414
221.464	0.679597
221.513	0.681799
221.562	0.681776
221.612	0.681075
221.661	0.686295
221.71	0.687179
221.759	0.679006
221.809	0.684055
221.858	0.68714
221.907	0.691353
221.956	0.684407
222.005	0.684912
222.055	0.683892
222.104	0.685401
222.153	0.69507
222.202	0.685631
222.251	0.680738
222.301	0.684999
222.35	0.678939
222.399	0.691284
222.448	0.688762
222.498	0.675743
222.548	0.689024
222.597	0.692077
222.646	0.689389
222.696	0.683594
222.745	0.682056
222.794	0.696058
222.844	0.688225
222.893	0.696819
222.942	0.686998
222.992	0.68849
223.041	0.689542
223.09	0.690206
223.14	0.691076
223.188	0.698198
223.238	0.686248
223.288	0.688384
223.338	0.685906
223.386	0.710143
223.435	0.689774
223.485	0.68804
223.534	0.694429
223.584	0.687736
223.633	0.69169
223.682	0.70555
223.732	0.689536
223.781	0.694449
223.831	0.688835
223.88	0.699528
223.929	0.693879
223.978	0.696849
224.027	0.696268
224.076	0.697041
224.126	0.694323
224.175	0.687762
224.224	0.701184
224.274	0.691291
224.323	0.701791
224.372	0.688017
224.422	0.695219
224.471	0.69674
224.52	0.701801
224.569	0.690191
224.619	0.696705
224.668	0.696319
224.718	0.691737
224.767	0.701014
224.816	0.696863
224.865	0.694354
224.914	0.701075
224.964	0.700179
225.013	0.693096
225.062	0.699396
225.111	0.701653
225.16	0.708082
225.21	0.687977
225.259	0.701518
225.308	0.704454
225.356	0.70507
225.406	0.696257
225.455	0.695842
225.505	0.698318
225.554	0.701445
225.603	0.702235
225.652	0.7012
225.701	0.701355
225.75	0.696781
225.799	0.699236
225.848	0.701144
225.898	0.683921
225.947	0.706008
225.996	0.695219
226.045	0.710053
226.094	0.696957
226.144	0.694699
226.193	0.698809
226.242	0.691977
226.292	0.699928
226.34	0.706772
226.39	0.692038
226.439	0.705495
226.488	0.704045
226.537	0.693212
226.586	0.704512
226.635	0.698632
226.684	0.702113
226.734	0.698018
226.783	0.716918
226.832	0.71491
226.881	0.711789
226.931	0.699061
226.979	0.724696
227.029	0.704879
227.078	0.71601
227.127	0.710744
227.177	0.708204
227.225	0.723689
227.275	0.701592
227.324	0.714365
227.373	0.713228
227.422	0.709779
227.472	0.700735
227.521	0.718448
227.57	0.713338
227.619	0.707175
227.668	0.711779
227.718	0.704123
227.767	0.713591
227.816	0.709066
227.866	0.705463
227.915	0.71102
227.964	0.706926
228.013	0.720355
228.063	0.704881
228.112	0.710049
228.161	0.712962
228.21	0.713144
228.26	0.705581
228.309	0.720446
228.359	0.703395
228.408	0.711948
228.457	0.711667
228.507	0.70649
228.556	0.705976
228.606	0.701504
228.655	0.716941
228.704	0.719214
228.753	0.707247
228.803	0.706744
228.852	0.704606
228.902	0.712445
228.951	0.703173
229	0.714538
229.05	0.711019
229.099	0.707256
229.149	0.706171
229.197	0.721015
229.247	0.701935
229.297	0.706397
229.346	0.71173
229.395	0.70965
229.444	0.713114
229.494	0.707863
229.543	0.713498
229.593	0.705683
229.642	0.717303
229.691	0.709821
229.74	0.716991
229.79	0.708939
229.839	0.710801
229.888	0.716001
229.938	0.711351
229.987	0.71689
230.036	0.716956
230.087	0.700048
230.135	0.725105
230.184	0.7186
230.233	0.714744
230.282	0.721083
230.332	0.713968
230.381	0.713492
230.431	0.71545
230.48	0.718288
230.529	0.715749
230.578	0.712939
230.627	0.718131
230.677	0.718239
230.726	0.706692
230.775	0.720441
230.824	0.724124
230.874	0.70827
230.923	0.718439
230.972	0.716237
231.021	0.71874
231.07	0.721972
231.119	0.71633
231.169	0.707329
231.218	0.726229
231.267	0.712842
231.316	0.715268
231.366	0.715295
231.414	0.723267
231.464	0.709981
231.513	0.72485
231.562	0.718764
231.611	0.715626
231.66	0.721635
231.71	0.711498
231.759	0.716697
231.809	0.719356
231.857	0.730963
231.906	0.720077
231.957	0.70506
232.005	0.723979
232.054	0.723863
232.104	0.718749
232.152	0.727035
232.202	0.715712
232.251	0.720216
232.3	0.714635
232.35	0.712439
232.399	0.726739
232.448	0.711137
232.498	0.717385
232.547	0.708396
232.596	0.724658
232.646	0.711839
232.695	0.724948
232.744	0.716924
232.793	0.71809
232.842	0.717634
232.892	0.708517
232.941	0.719676
232.99	0.72559
233.04	0.707312
233.089	0.716241
233.138	0.720365
233.187	0.71432
233.237	0.715244
233.287	0.707966
233.336	0.714309
233.385	0.721441
233.435	0.706692
233.483	0.729099
233.533	0.707329
233.582	0.718342
233.631	0.714313
233.681	0.714863
233.73	0.720374
233.779	0.710353
233.829	0.707345
233.879	0.717727
233.928	0.722059
233.977	0.717495
234.026	0.71968
234.075	0.715471
234.125	0.718169
234.174	0.724118
234.224	0.706662
234.273	0.722746
234.322	0.722026
234.371	0.72716
234.421	0.715437
234.47	0.723199
234.519	0.72016
234.568	0.724062
234.618	0.72192
234.667	0.720657
234.717	0.721448
234.766	0.730049
234.815	0.727686
234.865	0.722888
234.914	0.726145
234.963	0.730706
235.013	0.717162
235.062	0.734405
235.112	0.724922
235.16	0.735388
235.21	0.72415
235.26	0.723564
235.309	0.721665
235.359	0.726902
235.409	0.718226
235.458	0.731886
235.508	0.719816
235.556	0.738535
235.606	0.71767
235.655	0.728373
235.704	0.732995
235.754	0.717639
235.804	0.727515
235.853	0.722635
235.903	0.727684
235.952	0.72229
236.002	0.729275
236.051	0.730004
236.1	0.724813
236.15	0.725903
236.199	0.727695
236.249	0.722412
236.298	0.723835
236.347	0.729827
236.396	0.733117
236.446	0.728214
236.496	0.715499
236.545	0.72146
236.595	0.725824
236.644	0.732598
236.694	0.718845
236.743	0.727781
236.792	0.73174
236.841	0.735468
236.891	0.717811
236.94	0.733089
236.99	0.727384
237.04	0.716836
237.089	0.73365
237.139	0.723504
237.188	0.731536
237.238	0.727803
237.287	0.727266
237.336	0.737014
237.386	0.732668
237.435	0.737333
237.485	0.726842
237.535	0.723564
237.584	0.73087
237.633	0.737366
237.683	0.728271
237.732	0.742589
237.781	0.729164
237.831	0.731549
237.88	0.73043
237.929	0.734599
237.979	0.735583
238.028	0.73137
238.078	0.730361
238.127	0.733921
238.176	0.736875
238.226	0.729506
238.275	0.73505
238.325	0.731374
238.374	0.737042
238.423	0.729566
238.473	0.736484
238.522	0.731216
238.572	0.722257
238.621	0.744519
238.67	0.737695
238.719	0.730451
238.768	0.740044
238.818	0.727662
238.867	0.740625
238.917	0.728785
238.965	0.748412
239.016	0.719786
239.064	0.743356
239.114	0.725
239.163	0.738999
239.212	0.748373
239.261	0.729439
239.311	0.730328
239.36	0.742694
239.41	0.72602
239.458	0.748527
239.507	0.735887
239.556	0.739502
239.606	0.73265
239.655	0.743407
239.704	0.732251
239.753	0.733324
239.802	0.740562
239.852	0.733798
239.901	0.731969
239.95	0.734257
239.999	0.744003
240.048	0.740458
240.097	0.732862
240.146	0.739244
240.196	0.726452
240.245	0.738685
240.294	0.736996
240.343	0.740055
240.393	0.731416
240.441	0.743608
240.491	0.729076
240.54	0.743155
240.59	0.72689
240.638	0.75406
240.688	0.731098
240.736	0.746895
240.785	0.736867
240.834	0.740039
240.884	0.731982
240.933	0.743429
240.982	0.73602
241.031	0.747158
241.08	0.736405
241.129	0.741282
241.178	0.73975
241.227	0.744226
241.277	0.736379
241.325	0.750013
241.375	0.728312
241.424	0.742399
241.473	0.745775
241.523	0.7355
241.572	0.743061
241.621	0.735796
241.671	0.73937
241.72	0.739405
241.77	0.726324
241.819	0.756749
241.868	0.744791
241.917	0.738784
241.967	0.738591
242.016	0.750833
242.065	0.746324
242.114	0.751143
242.163	0.736364
242.212	0.747227
242.262	0.737836
242.311	0.740039
242.36	0.753407
242.409	0.74835
242.459	0.741752
242.508	0.752516
242.558	0.737023
242.607	0.750652
242.656	0.74932
242.705	0.751313
242.754	0.744336
242.803	0.751003
242.853	0.740857
242.902	0.747307
242.951	0.744815
243.001	0.746409
243.05	0.750505
243.099	0.740057
243.149	0.747745
243.198	0.751406
243.247	0.743436
243.297	0.739077
243.346	0.755765
243.395	0.744795
243.444	0.748225
243.493	0.747977
243.543	0.747917
243.592	0.748524
243.641	0.744574
243.691	0.747365
243.74	0.741112
243.789	0.7573
243.838	0.748231
243.888	0.735357
243.938	0.749036
243.986	0.753091
244.036	0.748499
244.085	0.742088
244.135	0.745877
244.184	0.742546
244.233	0.752366
244.283	0.742423
244.331	0.757388
244.381	0.744672
244.431	0.737754
244.48	0.741157
244.529	0.754343
244.579	0.739313
244.628	0.747485
244.677	0.748952
244.727	0.742897
244.776	0.747108
244.825	0.745786
244.875	0.743468
244.924	0.745589
244.973	0.749971
245.022	0.753903
245.072	0.739213
245.122	0.749246
245.171	0.749577
245.22	0.751175
245.268	0.761142
245.318	0.7479
245.367	0.747785
245.417	0.74434
245.466	0.748565
245.515	0.761921
245.565	0.740333
245.613	0.758458
245.663	0.746787
245.712	0.75181
245.761	0.74611
245.81	0.755642
245.859	0.757978
245.908	0.748602
245.958	0.751083
246.007	0.748423
246.057	0.742985
246.105	0.766495
246.154	0.74523
246.203	0.763503
246.252	0.743804
246.302	0.747181
246.351	0.753958
246.4	0.748546
246.45	0.747054
246.499	0.755393
246.548	0.747462
246.597	0.754534
246.646	0.749779
246.696	0.747744
246.744	0.763464
246.794	0.745894
246.843	0.759228
246.892	0.748837
246.942	0.738172
246.991	0.766175
247.039	0.761882
247.089	0.754367
247.138	0.750069
247.187	0.758435
247.237	0.746414
247.285	0.759595
247.335	0.749909
247.384	0.75507
247.433	0.752884
247.482	0.751427
247.531	0.751879
247.581	0.744698
247.63	0.759233
247.679	0.75993
247.728	0.750268
247.778	0.74622
247.827	0.747936
247.876	0.757303
247.925	0.751945
247.975	0.751141
248.024	0.750292
248.073	0.751588
248.122	0.758074
248.172	0.73801
248.221	0.75239
248.271	0.745867
248.32	0.760923
248.369	0.75315
248.418	0.748268
248.468	0.747809
248.517	0.749675
248.567	0.752324
248.615	0.764451
248.665	0.749516
248.715	0.746211
248.763	0.766576
248.813	0.74713
248.862	0.752836
248.911	0.759078
248.961	0.744807
249.01	0.764709
249.06	0.755626
249.109	0.759896
249.158	0.763695
249.208	0.757311
249.257	0.765708
249.305	0.772146
249.355	0.752668
249.404	0.767078
249.454	0.758396
249.503	0.763702
249.552	0.76108
249.602	0.752297
249.652	0.760375
249.701	0.771367
249.751	0.753029
249.799	0.776176
249.849	0.756049
249.898	0.768351
249.947	0.769374
249.997	0.76608
250.046	0.76261
250.096	0.762187
250.145	0.759683
250.194	0.772242
250.244	0.764202
250.293	0.762073
250.342	0.769637
250.391	0.770914
250.441	0.767436
250.49	0.762278
250.539	0.773896
250.589	0.757484
250.638	0.771769
250.687	0.772182
250.737	0.7615
250.786	0.774289
250.835	0.76961
250.885	0.765152
250.934	0.773461
250.983	0.762463
251.032	0.769323
251.082	0.772051
251.131	0.771205
251.18	0.770715
251.23	0.762744
251.279	0.774491
251.328	0.76729
251.378	0.771197
251.427	0.774819
251.476	0.773246
251.525	0.771411
251.575	0.766135
251.624	0.773969
251.673	0.774056
251.722	0.76442
251.772	0.764223
251.821	0.782814
251.87	0.765404
251.919	0.780781
251.968	0.770902
252.017	0.77633
252.067	0.764411
252.116	0.773405
252.165	0.779187
252.214	0.773496
252.263	0.775685
252.312	0.782684
252.361	0.768373
252.411	0.7692
252.46	0.77082
252.51	0.772424
252.558	0.779137
252.607	0.777303
252.657	0.768084
252.706	0.784425
252.756	0.766629
252.804	0.789241
252.854	0.782798
252.903	0.780652
252.951	0.797544
253.001	0.775075
253.051	0.779845
253.1	0.783991
253.149	0.790105
253.198	0.777428
253.247	0.786168
253.296	0.778558
253.345	0.789147
253.394	0.779222
253.444	0.779787
253.493	0.778237
253.542	0.783618
253.592	0.781152
253.641	0.788291
253.69	0.781654
253.739	0.783763
253.788	0.784842
253.837	0.783817
253.887	0.780973
253.936	0.786478
253.985	0.78409
254.035	0.774306
254.084	0.773122
254.134	0.781945
254.183	0.780514
254.232	0.788025
254.281	0.774048
254.33	0.791855
254.38	0.774546
254.429	0.784084
254.478	0.778663
254.527	0.78449
254.577	0.767973
254.626	0.78526
254.676	0.775189
254.725	0.783964
254.774	0.783599
254.823	0.782158
254.873	0.771335
254.922	0.791819
254.971	0.778438
255.021	0.773955
255.07	0.776583
255.119	0.786289
255.169	0.776832
255.218	0.783984
255.268	0.774057
255.317	0.79241
255.367	0.769749
255.416	0.780204
255.465	0.783514
255.514	0.787963
255.564	0.781287
255.613	0.777077
255.663	0.781117
255.712	0.78789
255.761	0.77862
255.81	0.787368
255.86	0.772639
255.909	0.793886
255.959	0.772737
256.008	0.784106
256.057	0.78136
256.107	0.780257
256.156	0.785219
256.206	0.774421
256.255	0.785893
256.304	0.7848
256.353	0.788303
256.403	0.773215
256.453	0.781033
256.501	0.789753
256.551	0.785053
256.6	0.775193
256.65	0.773723
256.699	0.785721
256.749	0.777097
256.799	0.780086
256.847	0.791867
256.897	0.783999
256.947	0.774758
256.996	0.784605
257.046	0.780313
257.095	0.783859
257.143	0.799124
257.193	0.773571
257.243	0.777256
257.293	0.781003
257.341	0.797375
257.391	0.780954
257.441	0.771192
257.49	0.791996
257.539	0.780449
257.589	0.782906
257.638	0.788257
257.687	0.784941
257.737	0.774815
257.787	0.785028
257.836	0.781966
257.886	0.785418
257.936	0.777779
257.984	0.7935
258.034	0.781409
258.083	0.797515
258.133	0.776579
258.182	0.778932
258.232	0.788041
258.281	0.782033
258.331	0.782059
258.38	0.789665
258.43	0.775273
258.479	0.795377
258.529	0.776102
258.578	0.786166
258.628	0.781084
258.677	0.788608
258.726	0.787381
258.776	0.78366
258.826	0.778672
258.875	0.781372
258.924	0.786492
258.974	0.789575
259.024	0.770367
259.073	0.787685
259.122	0.795055
259.172	0.796418
259.222	0.783904
259.271	0.801083
259.32	0.792154
259.37	0.792075
259.419	0.796787
259.469	0.790767
259.519	0.78777
259.568	0.795344
259.617	0.800453
259.666	0.791336
259.715	0.803165
259.765	0.782491
259.814	0.799782
259.865	0.783289
259.914	0.803977
259.963	0.796656
260.013	0.788128
260.062	0.805455
260.111	0.802734
260.161	0.798032
260.21	0.807265
260.259	0.798851
260.308	0.799967
260.358	0.799971
260.407	0.80912
260.456	0.798492
260.505	0.806967
260.555	0.79625
260.604	0.805293
260.654	0.796478
260.703	0.802736
260.753	0.798669
260.801	0.810668
260.851	0.795411
260.9	0.805514
260.95	0.797079
261	0.800376
261.049	0.80157
261.098	0.806551
261.147	0.805022
261.196	0.811709
261.245	0.805365
261.295	0.793662
261.345	0.801017
261.394	0.809807
261.443	0.80828
261.492	0.795743
261.542	0.80262
261.592	0.795113
261.64	0.811639
261.69	0.804759
261.739	0.808189
261.788	0.799255
261.837	0.808936
261.887	0.795716
261.937	0.80708
261.985	0.811498
262.035	0.805837
262.085	0.798909
262.134	0.800722
262.183	0.808988
262.232	0.809497
262.282	0.800282
262.331	0.806317
262.381	0.796026
262.43	0.810706
262.48	0.795228
262.529	0.802161
262.579	0.803302
262.627	0.817469
262.677	0.796142
262.726	0.816975
262.776	0.79798
262.825	0.807987
262.875	0.799882
262.924	0.805607
262.974	0.800163
263.022	0.81393
263.072	0.793547
263.121	0.817561
263.171	0.802909
263.22	0.806446
263.27	0.799827
263.319	0.80702
263.368	0.801393
263.417	0.814191
263.467	0.798459
263.516	0.816042
263.565	0.812469
263.614	0.801033
263.664	0.796081
263.713	0.814503
263.763	0.79767
263.812	0.815248
263.861	0.806053
263.91	0.810898
263.96	0.798159
264.009	0.815517
264.057	0.813626
264.107	0.80173
264.157	0.794168
264.206	0.810071
264.255	0.809017
264.304	0.810216
264.354	0.802515
264.403	0.809236
264.452	0.810574
264.502	0.796765
264.551	0.819989
264.6	0.808052
264.649	0.81208
264.699	0.799195
264.748	0.81212
264.797	0.81068
264.846	0.807992
264.896	0.802654
264.944	0.816342
264.993	0.810129
265.043	0.802395
265.092	0.807403
265.141	0.812283
265.191	0.803462
265.241	0.797535
265.289	0.819829
265.339	0.808843
265.388	0.812748
265.437	0.808149
265.486	0.803446
265.535	0.817619
265.585	0.800449
265.634	0.811516
265.683	0.808214
265.733	0.803854
265.782	0.810382
265.831	0.806312
265.88	0.811434
265.929	0.814139
265.978	0.808752
266.028	0.80047
266.077	0.814016
266.126	0.803825
266.175	0.816789
266.224	0.812908
266.273	0.810481
266.323	0.803473
266.372	0.811392
266.422	0.813137
266.47	0.822794
266.52	0.809694
266.57	0.805524
266.619	0.816345
266.668	0.803558
266.717	0.816811
266.767	0.810803
266.816	0.808955
266.865	0.813726
266.915	0.816673
266.964	0.815009
267.013	0.807849
267.063	0.813831
267.112	0.811072
267.161	0.817894
267.211	0.805641
267.26	0.816549
267.31	0.807022
267.359	0.807333
267.409	0.810434
267.458	0.821382
267.507	0.812738
267.556	0.817993
267.605	0.811592
267.654	0.822341
267.705	0.79822
267.754	0.818604
267.803	0.815868
267.852	0.817996
267.901	0.817554
267.951	0.813347
268	0.815726
268.049	0.816088
268.098	0.819909
268.147	0.818584
268.197	0.810572
268.246	0.814221
268.296	0.81028
268.344	0.829124
268.393	0.821375
268.442	0.817171
268.492	0.814187
268.54	0.829921
268.59	0.812084
268.64	0.81
268.688	0.828588
268.737	0.821839
268.787	0.815274
268.836	0.820154
268.885	0.821806
268.934	0.818933
268.983	0.81241
269.032	0.824055
269.081	0.82737
269.13	0.817458
269.179	0.818905
269.228	0.829486
269.277	0.825521
269.326	0.817371
269.375	0.82665
269.424	0.824558
269.473	0.824042
269.523	0.809681
269.572	0.825256
269.62	0.829702
269.67	0.819193
269.719	0.814002
269.768	0.83251
269.817	0.821989
269.866	0.825409
269.915	0.828363
269.963	0.831996
270.012	0.824415
270.061	0.826056
270.11	0.824536
270.159	0.81431
270.208	0.821201
270.257	0.826179
270.306	0.826228
270.355	0.820234
270.404	0.831768
270.453	0.818133
270.502	0.822888
270.551	0.826856
270.6	0.821352
270.65	0.822382
270.699	0.821491
270.748	0.822229
270.797	0.821918
270.846	0.818616
270.895	0.832346
270.944	0.816757
270.993	0.824069
271.042	0.824534
271.091	0.822353
271.14	0.824222
271.19	0.817277
271.238	0.827783
271.287	0.82675
271.337	0.816403
271.386	0.819686
271.435	0.827444
271.484	0.81763
271.533	0.820905
271.582	0.828442
271.631	0.825955
271.68	0.822707
271.729	0.823018
271.778	0.829162
271.828	0.814809
271.877	0.822048
271.926	0.823731
271.974	0.834597
272.024	0.811988
272.073	0.822395
272.122	0.820963
272.171	0.828448
272.221	0.812269
272.27	0.834217
272.319	0.820814
272.368	0.824179
272.417	0.82124
272.466	0.822856
272.516	0.81784
272.565	0.82386
272.615	0.818195
272.663	0.832568
272.713	0.815736
272.761	0.834298
272.811	0.815804
272.86	0.818751
272.91	0.820312
272.959	0.819113
273.008	0.833466
273.057	0.824826
273.106	0.817098
273.155	0.835993
273.205	0.814032
273.254	0.827986
273.303	0.822964
273.352	0.823652
273.401	0.831125
273.451	0.830974
273.5	0.833686
273.549	0.826283
273.598	0.835851
273.648	0.820644
273.696	0.844923
273.745	0.83483
273.795	0.805247
273.844	0.827853
273.893	0.832488
273.942	0.828867
273.991	0.824404
274.04	0.842159
274.09	0.825656
274.139	0.821148
274.188	0.84296
274.237	0.82968
274.286	0.84157
274.336	0.823387
274.384	0.844125
274.433	0.831323
274.482	0.843143
274.532	0.825788
274.581	0.831859
274.63	0.84382
274.679	0.832073
274.728	0.835186
274.777	0.845443
274.826	0.844602
274.875	0.840396
274.925	0.822447
274.973	0.855679
275.023	0.836997
275.071	0.84317
275.12	0.840628
275.169	0.849378
275.218	0.840608
275.267	0.839218
275.316	0.842251
275.365	0.840317
275.415	0.834542
275.463	0.846783
275.513	0.833155
275.562	0.841641
275.611	0.847043
275.659	0.849818
275.709	0.83207
275.758	0.841487
275.807	0.840809
275.856	0.845545
275.905	0.84443
275.954	0.834904
276.003	0.844313
276.052	0.835686
276.101	0.840765
276.15	0.84975
276.199	0.843374
276.249	0.830293
276.298	0.843536
276.346	0.846555
276.395	0.847997
276.445	0.830053
276.494	0.839341
276.543	0.842712
276.592	0.849757
276.641	0.830698
276.69	0.855666
276.739	0.839155
276.787	0.849404
276.837	0.838808
276.885	0.850503
276.935	0.833357
276.984	0.845187
277.033	0.845181
277.082	0.835917
277.131	0.844592
277.181	0.840429
277.231	0.826729
277.279	0.858014
277.329	0.828189
277.377	0.848642
277.427	0.832105
277.476	0.846923
277.525	0.851084
277.575	0.828694
277.624	0.842042
277.672	0.848394
277.722	0.836939
277.77	0.869243
277.82	0.830415
277.869	0.854891
277.918	0.842545
277.968	0.838921
278.017	0.855698
278.066	0.849551
278.115	0.838227
278.164	0.856072
278.214	0.842575
278.263	0.851219
278.312	0.857021
278.362	0.840037
278.41	0.861419
278.46	0.845181
278.509	0.849451
278.558	0.846407
278.607	0.8508
278.656	0.868279
278.705	0.851795
278.755	0.84057
278.803	0.858284
278.853	0.843639
278.902	0.849375
278.952	0.844968
279	0.863251
279.05	0.839165
279.099	0.851239
279.149	0.846999
279.197	0.858979
279.247	0.83922
279.296	0.850562
279.346	0.848732
279.394	0.865223
279.444	0.838733
279.493	0.861155
279.542	0.845576
279.591	0.854523
279.64	0.848472
279.69	0.843941
279.739	0.862857
279.788	0.84787
279.838	0.844465
279.887	0.8504
279.936	0.857192
279.985	0.849208
280.034	0.858253
280.083	0.84554
280.132	0.858779
280.182	0.842195
280.231	0.856832
280.28	0.85096
280.329	0.858677
280.378	0.855882
280.428	0.845473
280.477	0.856958
280.526	0.8559
280.575	0.842111
280.624	0.859103
280.673	0.852584
280.722	0.856834
280.771	0.861161
280.82	0.859142
280.869	0.856843
280.919	0.844932
280.968	0.854599
281.017	0.859609
281.066	0.856913
281.115	0.863137
281.164	0.847883
281.213	0.861329
281.262	0.855739
281.311	0.862785
281.361	0.849818
281.409	0.864118
281.459	0.852271
281.508	0.858747
281.557	0.862323
281.606	0.858874
281.654	0.86349
281.703	0.857762
281.753	0.844772
281.802	0.868624
281.851	0.859326
281.9	0.855675
281.95	0.840437
281.998	0.864514
282.047	0.869991
282.096	0.85164
282.145	0.861222
282.194	0.857416
282.244	0.848478
282.292	0.863657
282.342	0.856271
282.391	0.850283
282.44	0.863496
282.489	0.847767
282.538	0.864699
282.587	0.852933
282.636	0.86286
282.685	0.854186
282.734	0.86467
282.783	0.861521
282.833	0.847836
282.881	0.862976
282.93	0.868708
282.98	0.840481
283.029	0.859755
283.078	0.859195
283.127	0.862709
283.177	0.846417
283.225	0.864491
283.274	0.861774
283.323	0.854208
283.372	0.857273
283.422	0.848048
283.471	0.867206
283.521	0.838352
283.57	0.863016
283.619	0.851789
283.668	0.86271
283.717	0.85166
283.766	0.858673
283.815	0.85945
283.865	0.8556
283.913	0.862348
283.962	0.860709
284.012	0.850153
284.061	0.851649
284.111	0.853751
284.16	0.853143
284.209	0.862213
284.259	0.843182
284.308	0.862051
284.357	0.861222
284.406	0.849817
284.455	0.868831
284.504	0.848501
284.554	0.843332
284.603	0.866228
284.652	0.852742
284.701	0.847399
284.75	0.866543
284.8	0.847442
284.848	0.862222
284.898	0.855814
284.947	0.85831
284.996	0.849977
285.046	0.850313