95.0182	0.302581
95.0582	0.29342
95.0975	0.296828
95.1369	0.297133
95.1769	0.293541
95.216	0.299951
95.256	0.29344
95.2954	0.299013
95.3354	0.292929
95.3754	0.291266
95.4145	0.299134
95.4545	0.295271
95.4943	0.297048
95.5338	0.299263
95.5739	0.294953
95.6139	0.296389
95.6538	0.296487
95.6938	0.294779
95.734	0.293261
95.7736	0.297615
95.8131	0.300745
95.8533	0.29728
95.8931	0.299276
95.9332	0.295413
95.9729	0.299455
96.0136	0.295479
96.0531	0.308563
96.0929	0.303551
96.1339	0.292285
96.174	0.298698
96.2141	0.299176
96.2545	0.296742
96.2949	0.298958
96.3352	0.299018
96.3757	0.298004
96.4161	0.295202
96.4563	0.292756
96.4968	0.290035
96.5372	0.296137
96.5776	0.301447
96.6177	0.308388
96.6584	0.306085
96.6992	0.304738
96.7397	0.304565
96.7798	0.30541
96.8204	0.301221
96.8613	0.298952
96.9019	0.302082
96.9428	0.300491
96.984	0.296609
97.0245	0.30033
97.0645	0.303119
97.1056	0.297304
97.1466	0.298987
97.1867	0.306753
97.2275	0.304228
97.2684	0.306388
97.3093	0.306138
97.3506	0.3027
97.391	0.308304
97.4317	0.304683
97.4733	0.298633
97.5138	0.306311
97.5546	0.302087
97.5958	0.295953
97.6365	0.300584
97.6779	0.297956
97.7183	0.309054
97.7597	0.302544
97.8007	0.307066
97.8417	0.307623
97.8829	0.308075
97.9237	0.313847
97.9652	0.307126
98.0065	0.308127
98.0476	0.306355
98.0879	0.311658
98.1296	0.299443
98.1708	0.301027
98.2118	0.301742
98.2533	0.300225
98.2941	0.307668
98.3354	0.30649
98.3773	0.302386
98.4181	0.313198
98.4596	0.310825
98.5007	0.315909
98.542	0.315661
98.5832	0.316118
98.6251	0.307935
98.6659	0.313495
98.7076	0.304417
98.749	0.302713
98.7908	0.29984
98.8321	0.304608
98.8737	0.305928
98.915	0.311982
98.9565	0.310558
98.9978	0.315099
99.0398	0.310833
99.0814	0.31838
99.1232	0.317365
99.1655	0.311587
99.2068	0.316588
99.2483	0.312055
99.2901	0.306839
99.3319	0.305532
99.3739	0.304583
99.4153	0.308718
99.4574	0.308198
99.4989	0.314305
99.5409	0.312398
99.5832	0.311968
99.6252	0.319405
99.6667	0.324378
99.7089	0.318775
99.7506	0.320342
99.7928	0.315365
99.8353	0.312126
99.8771	0.313494
99.9189	0.310165
99.9617	0.304058
100.003	0.321035
100.045	0.309383
100.087	0.316213
100.129	0.31816
100.172	0.316489
100.214	0.324966
100.256	0.322893
100.298	0.321296
100.34	0.321835
100.382	0.317012
100.424	0.312742
100.467	0.308663
100.509	0.315322
100.55	0.317714
100.593	0.311724
100.635	0.3189
100.677	0.319659
100.72	0.316589
100.762	0.319651
100.805	0.320526
100.847	0.323361
100.889	0.329014
100.931	0.325543
100.975	0.31945
101.016	0.331613
101.059	0.318004
101.101	0.313556
101.143	0.317879
101.186	0.316378
101.229	0.316038
101.271	0.325775
101.314	0.319354
101.356	0.331857
101.399	0.326027
101.441	0.329547
101.483	0.328016
101.526	0.331508
101.568	0.332728
101.611	0.328352
101.654	0.336255
101.696	0.335507
101.739	0.323779
101.781	0.327429
101.823	0.327279
101.866	0.32297
101.909	0.325057
101.951	0.329204
101.993	0.332636
102.036	0.329032
102.079	0.329249
102.122	0.331203
102.164	0.333869
102.207	0.333441
102.25	0.330677
102.292	0.339877
102.335	0.33701
102.378	0.333564
102.42	0.336907
102.463	0.325254
102.506	0.330121
102.549	0.331421
102.592	0.323429
102.635	0.332397
102.678	0.331986
102.721	0.32903
102.763	0.331324
102.806	0.330069
102.849	0.332432
102.892	0.335421
102.935	0.330925
102.978	0.335427
103.021	0.328684
103.064	0.336981
103.107	0.333245
103.15	0.328566
103.193	0.333182
103.236	0.329761
103.278	0.336633
103.322	0.32946
103.365	0.329015
103.408	0.336177
103.451	0.335941
103.494	0.336723
103.537	0.336208
103.581	0.326357
103.624	0.332935
103.667	0.332847
103.711	0.336984
103.753	0.343104
103.797	0.334728
103.839	0.345102
103.882	0.338933
103.926	0.335151
103.969	0.340818
104.012	0.343339
104.056	0.336467
104.099	0.344516
104.142	0.339255
104.185	0.342873
104.229	0.341087
104.272	0.337554
104.316	0.344425
104.359	0.346816
104.402	0.341699
104.445	0.34759
104.489	0.346845
104.533	0.340135
104.576	0.348891
104.619	0.349608
104.663	0.347438
104.706	0.351982
104.749	0.347482
104.793	0.345298
104.836	0.347895
104.88	0.341012
104.923	0.347411
104.966	0.351236
105.011	0.343774
105.054	0.351695
105.098	0.345413
105.141	0.355578
105.185	0.346424
105.229	0.345759
105.273	0.349167
105.316	0.354881
105.36	0.350286
105.403	0.355266
105.447	0.349267
105.491	0.349279
105.536	0.348859
105.579	0.356728
105.623	0.359517
105.666	0.356177
105.71	0.355757
105.755	0.346976
105.798	0.360505
105.842	0.351049
105.886	0.358868
105.93	0.353283
105.973	0.358602
106.018	0.348289
106.061	0.358348
106.105	0.35533
106.149	0.359954
106.193	0.359363
106.237	0.364852
106.281	0.354958
106.325	0.36254
106.369	0.358329
106.413	0.356005
106.456	0.366299
106.501	0.356035
106.545	0.356266
106.589	0.357388
106.633	0.358312
106.677	0.357881
106.721	0.360301
106.765	0.364926
106.809	0.369861
106.853	0.372681
106.896	0.369116
106.941	0.35908
106.985	0.369871
107.03	0.358013
107.073	0.374676
107.118	0.36126
107.162	0.365109
107.206	0.368243
107.25	0.363049
107.294	0.360398
107.338	0.36841
107.382	0.371004
107.427	0.366472
107.471	0.375973
107.515	0.367527
107.559	0.364121
107.604	0.368309
107.648	0.365289
107.692	0.367448
107.736	0.369424
107.781	0.361531
107.824	0.377164
107.869	0.358352
107.913	0.367215
107.957	0.371302
108.001	0.369139
108.046	0.366283
108.09	0.368294
108.134	0.368177
108.178	0.369095
108.223	0.363789
108.267	0.3657
108.312	0.367937
108.356	0.364299
108.4	0.371938
108.445	0.359355
108.489	0.365658
108.534	0.355997
108.578	0.36689
108.622	0.365475
108.667	0.367418
108.711	0.369656
108.755	0.373725
108.8	0.366662
108.844	0.366835
108.889	0.368864
108.933	0.36841
108.978	0.368887
109.022	0.36539
109.067	0.364231
109.111	0.362921
109.156	0.363956
109.2	0.37028
109.245	0.36337
109.289	0.373987
109.334	0.371345
109.379	0.375161
109.423	0.378018
109.467	0.372565
109.512	0.368825
109.557	0.370678
109.601	0.372466
109.646	0.364767
109.69	0.370906
109.735	0.364259
109.78	0.36686
109.825	0.364704
109.869	0.372436
109.914	0.371463
109.959	0.373742
110.003	0.380123
110.047	0.379277
110.093	0.368125
110.138	0.375162
110.182	0.380788
110.227	0.368404
110.272	0.374695
110.316	0.370496
110.361	0.366242
110.406	0.369944
110.451	0.374507
110.495	0.378362
110.541	0.372322
110.585	0.380437
110.63	0.380214
110.675	0.382827
110.719	0.381749
110.764	0.37619
110.809	0.377012
110.854	0.370622
110.899	0.377917
110.944	0.372359
110.989	0.368199
111.034	0.372234
111.079	0.371399
111.124	0.376632
111.169	0.379733
111.214	0.377409
111.259	0.385013
111.304	0.382519
111.348	0.386837
111.393	0.379886
111.438	0.379489
111.483	0.378481
111.529	0.364268
111.574	0.379443
111.619	0.369251
111.663	0.377013
111.708	0.377527
111.754	0.372965
111.799	0.37792
111.844	0.385066
111.889	0.38247
111.933	0.393277
111.979	0.376196
112.025	0.382101
112.069	0.38689
112.114	0.377084
112.16	0.371335
112.204	0.384726
112.248	0.38248
112.294	0.36907
112.339	0.376362
112.384	0.376906
112.429	0.389314
112.474	0.386494
112.519	0.38814
112.564	0.389829
112.609	0.391792
112.654	0.384188
112.7	0.383536
112.744	0.39218
112.789	0.381108
112.834	0.385811
112.879	0.384217
112.924	0.381434
112.968	0.389216
113.014	0.37408
113.059	0.373617
113.104	0.386683
113.148	0.389546
113.194	0.384498
113.239	0.380894
113.284	0.386799
113.329	0.384201
113.374	0.386203
113.419	0.382653
113.464	0.384774
113.509	0.378038
113.554	0.385751
113.599	0.389094
113.644	0.3819
113.689	0.387198
113.734	0.379847
113.779	0.382735
113.824	0.386875
113.869	0.3905
113.914	0.387584
113.958	0.394884
114.004	0.37966
114.049	0.392255
114.094	0.386002
114.139	0.384767
114.184	0.380016
114.23	0.382994
114.275	0.384089
114.32	0.382107
114.365	0.386703
114.411	0.376777
114.456	0.384784
114.501	0.391424
114.546	0.385649
114.591	0.387488
114.636	0.385169
114.682	0.385267
114.726	0.3877
114.772	0.38606
114.817	0.379185
114.862	0.389276
114.908	0.382962
114.953	0.383209
114.998	0.38817
115.044	0.378818
115.089	0.391514
115.134	0.395724
115.179	0.38935
115.225	0.385976
115.27	0.388815
115.315	0.391595
115.361	0.384887
115.407	0.387273
115.452	0.389024
115.497	0.392286
115.543	0.380869
115.588	0.392636
115.634	0.38327
115.679	0.389723
115.725	0.388723
115.77	0.390009
115.816	0.390046
115.862	0.385713
115.906	0.397215
115.952	0.389053
115.998	0.387312
116.043	0.391775
116.088	0.391559
116.134	0.385212
116.179	0.395216
116.225	0.388348
116.271	0.388204
116.316	0.391937
116.362	0.389172
116.407	0.390484
116.452	0.390907
116.498	0.388888
116.544	0.385128
116.59	0.391501
116.635	0.390738
116.681	0.393737
116.727	0.391237
116.772	0.39391
116.818	0.391886
116.864	0.393379
116.909	0.394658
116.955	0.394392
117	0.395151
117.047	0.386998
117.092	0.395494
117.138	0.388745
117.184	0.393268
117.23	0.391264
117.276	0.388803
117.321	0.40197
117.367	0.391472
117.413	0.396195
117.459	0.392955
117.505	0.388346
117.55	0.395895
117.597	0.389702
117.642	0.398393
117.688	0.405687
117.734	0.39511
117.78	0.400275
117.826	0.402948
117.872	0.395587
117.917	0.402926
117.963	0.395714
118.009	0.396232
118.055	0.399484
118.101	0.396694
118.147	0.394231
118.193	0.396358
118.238	0.392537
118.285	0.391193
118.331	0.396789
118.377	0.399401
118.423	0.403139
118.468	0.404041
118.514	0.398959
118.56	0.404487
118.605	0.403601
118.651	0.395703
118.697	0.401138
118.744	0.396974
118.79	0.399708
118.836	0.39803
118.881	0.404388
118.927	0.393361
118.973	0.401168
119.019	0.398394
119.064	0.406182
119.11	0.400473
119.156	0.401407
119.202	0.401545
119.249	0.39845
119.295	0.399098
119.34	0.410434
119.386	0.399018
119.432	0.403433
119.478	0.403709
119.525	0.39296
119.57	0.406359
119.616	0.402945
119.662	0.400839
119.708	0.406974
119.754	0.408029
119.8	0.411295
119.846	0.401587
119.892	0.407716
119.938	0.407777
119.984	0.403117
120.03	0.405594
120.076	0.406216
120.123	0.395097
120.169	0.399733
120.215	0.406261
120.261	0.4061
120.307	0.409259
120.353	0.410522
120.399	0.419496
120.445	0.412223
120.491	0.417768
120.538	0.405089
120.584	0.416777
120.63	0.409516
120.676	0.411883
120.722	0.41093
120.769	0.405745
120.814	0.408745
120.861	0.403833
120.907	0.411016
120.953	0.418357
120.999	0.407383
121.046	0.41326
121.091	0.419244
121.138	0.412115
121.184	0.41005
121.231	0.411249
121.277	0.411819
121.323	0.408271
121.369	0.407665
121.416	0.409896
121.461	0.4114
121.508	0.407244
121.554	0.409689
121.601	0.411821
121.646	0.42289
121.693	0.410981
121.739	0.417216
121.786	0.412057
121.832	0.418238
121.879	0.411471
121.925	0.419032
121.971	0.416878
122.018	0.409829
122.064	0.412085
122.11	0.414983
122.157	0.414745
122.203	0.421017
122.249	0.418719
122.296	0.419988
122.342	0.419255
122.388	0.416024
122.435	0.411991
122.481	0.419267
122.528	0.412563
122.574	0.41453
122.62	0.411956
122.667	0.408451
122.714	0.409023
122.76	0.422885
122.806	0.416341
122.852	0.422835
122.9	0.413733
122.946	0.423397
122.992	0.426518
123.039	0.416614
123.085	0.425823
123.131	0.420678
123.178	0.416467
123.225	0.418999
123.271	0.418594
123.317	0.423812
123.364	0.414472
123.411	0.418068
123.458	0.416322
123.504	0.423793
123.551	0.419172
123.597	0.424264
123.644	0.427346
123.69	0.429086
123.737	0.42339
123.783	0.43039
123.83	0.425364
123.876	0.427735
123.923	0.423182
123.969	0.429519
124.016	0.418569
124.062	0.424557
124.108	0.427184
124.155	0.425945
124.202	0.420488
124.247	0.435821
124.295	0.421437
124.341	0.432234
124.388	0.429444
124.434	0.433515
124.48	0.43405
124.527	0.427069
124.573	0.426608
124.619	0.426601
124.666	0.424941
124.713	0.425629
124.76	0.424356
124.806	0.433477
124.852	0.430969
124.899	0.431071
124.946	0.430292
124.992	0.437365
125.038	0.43792
125.085	0.429626
125.131	0.433543
125.178	0.428278
125.224	0.43165
125.271	0.420322
125.317	0.42756
125.364	0.422703
125.41	0.431101
125.457	0.422539
125.504	0.424516
125.551	0.431799
125.597	0.435886
125.644	0.431423
125.69	0.432646
125.736	0.438799
125.783	0.42548
125.83	0.427525
125.877	0.42441
125.923	0.424451
125.969	0.429358
126.016	0.421113
126.063	0.422529
126.11	0.429737
126.156	0.430654
126.203	0.427343
126.25	0.432951
126.297	0.431766
126.343	0.438006
126.39	0.430824
126.437	0.427398
126.484	0.431881
126.53	0.433428
126.577	0.421382
126.624	0.426054
126.67	0.438205
126.717	0.42458
126.765	0.429631
126.811	0.436166
126.858	0.434638
126.905	0.43749
126.952	0.436651
126.999	0.432184
127.045	0.438314
127.092	0.437988
127.139	0.435766
127.186	0.429193
127.233	0.434328
127.28	0.431606
127.327	0.428661
127.373	0.443216
127.42	0.43195
127.467	0.437692
127.513	0.438472
127.561	0.437972
127.608	0.438926
127.655	0.436093
127.702	0.43911
127.748	0.441049
127.795	0.434561
127.842	0.438292
127.889	0.430793
127.936	0.43376
127.983	0.429463
128.03	0.439853
128.077	0.437702
128.124	0.444529
128.171	0.437555
128.218	0.444538
128.265	0.440372
128.312	0.444
128.359	0.440003
128.405	0.445997
128.453	0.427257
128.5	0.4369
128.547	0.432389
128.594	0.434432
128.641	0.438747
128.688	0.439757
128.735	0.43544
128.782	0.439989
128.83	0.434936
128.877	0.443084
128.923	0.448683
128.97	0.439897
129.017	0.440374
129.064	0.441891
129.112	0.433814
129.159	0.436778
129.206	0.437913
129.253	0.445009
129.3	0.441294
129.347	0.444557
129.395	0.441698
129.442	0.442281
129.489	0.440431
129.536	0.442628
129.584	0.430075
129.631	0.446064
129.678	0.441062
129.725	0.440941
129.773	0.439535
129.82	0.443055
129.868	0.438746
129.914	0.447996
129.961	0.444835
130.008	0.445333
130.056	0.43741
130.103	0.441199
130.15	0.445776
130.198	0.436758
130.245	0.444637
130.292	0.442804
130.34	0.440149
130.387	0.445955
130.434	0.445733
130.482	0.441282
130.528	0.452896
130.576	0.443068
130.623	0.441603
130.67	0.448218
130.718	0.443131
130.765	0.44483
130.812	0.448358
130.859	0.443537
130.907	0.441586
130.954	0.451849
131.001	0.455823
131.049	0.44783
131.096	0.4514
131.143	0.451648
131.19	0.451361
131.237	0.451593
131.285	0.445416
131.331	0.45662
131.379	0.444341
131.426	0.452842
131.473	0.452577
131.521	0.446784
131.568	0.457107
131.616	0.447455
131.662	0.458187
131.71	0.451174
131.757	0.459101
131.805	0.455544
131.852	0.457549
131.899	0.457141
131.946	0.458421
131.993	0.451334
132.04	0.457791
132.087	0.452222
132.135	0.448345
132.182	0.454595
132.229	0.455582
132.277	0.452952
132.324	0.458217
132.371	0.45409
132.419	0.452895
132.466	0.453687
132.514	0.455642
132.561	0.457492
132.608	0.456074
132.656	0.452886
132.703	0.453458
132.75	0.459028
132.797	0.45864
132.845	0.451253
132.893	0.455824
132.94	0.460745
132.987	0.457983
133.035	0.456853
133.082	0.45556
133.129	0.458955
133.177	0.457382
133.224	0.457298
133.271	0.465828
133.319	0.448066
133.366	0.464001
133.413	0.453418
133.461	0.455086
133.508	0.461409
133.556	0.45803
133.602	0.471234
133.65	0.453183
133.698	0.463123
133.745	0.463098
133.793	0.456073
133.84	0.466601
133.888	0.456728
133.934	0.469
133.982	0.462945
134.03	0.459429
134.077	0.459197
134.124	0.465138
134.171	0.464236
134.219	0.460199
134.267	0.466827
134.314	0.464672
134.361	0.471701
134.409	0.464185
134.456	0.473169
134.503	0.471221
134.551	0.461371
134.598	0.464378
134.646	0.462771
134.693	0.472081
134.741	0.458798
134.788	0.467235
134.835	0.462738
134.882	0.474253
134.93	0.468402
134.977	0.473702
135.025	0.471265
135.072	0.476862
135.12	0.470294
135.167	0.474882
135.214	0.473102
135.261	0.475958
135.309	0.464631
135.356	0.47092
135.404	0.464209
135.452	0.469
135.5	0.466272
135.547	0.475072
135.594	0.476914
135.642	0.465922
135.69	0.47265
135.738	0.473422
135.785	0.47147
135.832	0.477171
135.88	0.469185
135.928	0.465843
135.975	0.47448
136.024	0.459211
136.071	0.472646
136.118	0.474861
136.166	0.469194
136.214	0.475023
136.261	0.47973
136.309	0.472599
136.357	0.475321
136.404	0.479105
136.452	0.47025
136.5	0.478072
136.547	0.476659
136.595	0.471796
136.642	0.470386
136.69	0.464444
136.738	0.472869
136.785	0.478411
136.833	0.474235
136.881	0.474359
136.929	0.480354
136.976	0.480079
137.024	0.478412
137.072	0.482559
137.119	0.479401
137.167	0.47189
137.215	0.473532
137.263	0.477812
137.311	0.468425
137.358	0.479067
137.406	0.47803
137.453	0.484036
137.501	0.482233
137.549	0.477384
137.597	0.481266
137.645	0.478409
137.693	0.475297
137.74	0.486108
137.788	0.476586
137.835	0.485832
137.883	0.477189
137.931	0.474193
137.979	0.480004
138.027	0.478938
138.074	0.488023
138.122	0.485316
138.169	0.489117
138.218	0.480989
138.266	0.479769
138.313	0.494548
138.361	0.482721
138.409	0.480507
138.456	0.479444
138.504	0.483653
138.552	0.479366
138.6	0.476032
138.647	0.482962
138.696	0.47413
138.743	0.484544
138.79	0.495594
138.839	0.47809
138.886	0.494491
138.934	0.48313
138.981	0.488173
139.029	0.482699
139.076	0.487827
139.124	0.482342
139.172	0.476767
139.221	0.473779
139.268	0.486505
139.316	0.482224
139.363	0.488449
139.411	0.488688
139.459	0.483847
139.507	0.489868
139.554	0.495313
139.603	0.481061
139.65	0.492668
139.697	0.484246
139.746	0.477521
139.793	0.481993
139.841	0.477802
139.889	0.487575
139.937	0.483569
139.985	0.482978
140.033	0.485588
140.08	0.490111
140.128	0.487851
140.176	0.488172
140.224	0.49188
140.271	0.494053
140.32	0.479428
140.367	0.489325
140.415	0.482169
140.463	0.49054
140.511	0.481969
140.558	0.49148
140.607	0.484545
140.654	0.496064
140.703	0.486507
140.75	0.49775
140.798	0.494216
140.846	0.489981
140.893	0.495535
140.941	0.487036
140.989	0.488627
141.037	0.489197
141.085	0.483045
141.133	0.492884
141.181	0.49242
141.229	0.486739
141.278	0.490614
141.325	0.494532
141.373	0.490695
141.421	0.495785
141.469	0.492627
141.517	0.496853
141.566	0.483145
141.613	0.49425
141.661	0.486074
141.709	0.488783
141.757	0.494948
141.805	0.497957
141.853	0.489988
141.901	0.503065
141.949	0.490046
141.997	0.495783
142.045	0.497109
142.093	0.504428
142.141	0.499835
142.189	0.492647
142.237	0.492665
142.285	0.489606
142.334	0.489406
142.381	0.502136
142.429	0.492402
142.477	0.495833
142.525	0.497249
142.573	0.497031
142.622	0.493628
142.669	0.508783
142.717	0.501228
142.765	0.49456
142.813	0.498363
142.861	0.503293
142.909	0.494527
142.957	0.500247
143.005	0.502451
143.053	0.502122
143.101	0.49729
143.149	0.502079
143.197	0.501146
143.245	0.511902
143.293	0.499992
143.341	0.503743
143.388	0.512646
143.437	0.496809
143.485	0.500348
143.533	0.503504
143.581	0.501611
143.629	0.496583
143.677	0.507595
143.725	0.498311
143.773	0.507906
143.821	0.499112
143.869	0.507024
143.917	0.512475
143.964	0.511588
144.013	0.501985
144.061	0.510483
144.109	0.508133
144.157	0.511965
144.204	0.510335
144.252	0.510933
144.3	0.508896
144.348	0.508175
144.396	0.510516
144.444	0.508343
144.492	0.513485
144.54	0.508801
144.588	0.514627
144.636	0.514132
144.684	0.506197
144.732	0.508621
144.781	0.505595
144.829	0.507043
144.876	0.515697
144.925	0.502799
144.973	0.512858
145.021	0.505879
145.068	0.516372
145.117	0.506894
145.165	0.511873
145.213	0.510725
145.261	0.505892
145.309	0.510023
145.356	0.522029
145.405	0.508424
145.453	0.510069
145.501	0.505181
145.548	0.51784
145.597	0.502736
145.645	0.511631
145.693	0.512615
145.74	0.519319
145.788	0.511288
145.837	0.509438
145.884	0.520095
145.933	0.50635
145.981	0.519419
146.029	0.513615
146.077	0.514604
146.124	0.511983
146.173	0.50411
146.221	0.51208
146.269	0.508402
146.317	0.512745
146.365	0.510258
146.413	0.519377
146.461	0.515343
146.508	0.518852
146.556	0.516355
146.604	0.519568
146.653	0.514775
146.7	0.521326
146.749	0.505762
146.797	0.510033
146.845	0.514042
146.893	0.513913
146.941	0.517523
146.988	0.519315
147.036	0.513451
147.084	0.519795
147.133	0.513797
147.18	0.521624
147.228	0.522078
147.276	0.523465
147.325	0.509616
147.372	0.520472
147.421	0.505293
147.468	0.516875
147.516	0.514519
147.565	0.508574
147.612	0.518153
147.66	0.520048
147.708	0.513449
147.756	0.513209
147.804	0.521028
147.853	0.511039
147.901	0.510549
147.949	0.519275
147.997	0.517892
148.046	0.50791
148.093	0.51714
148.142	0.515265
148.19	0.516752
148.238	0.52112
148.286	0.51837
148.334	0.522726
148.382	0.522444
148.43	0.51666
148.478	0.523981
148.527	0.514462
148.575	0.516217
148.623	0.51948
148.672	0.50546
148.72	0.523477
148.768	0.518766
148.815	0.525504
148.863	0.520338
148.911	0.52039
148.961	0.509609
149.008	0.521277
149.056	0.519777
149.104	0.524361
149.153	0.504111
149.201	0.513364
149.249	0.517614
149.298	0.512558
149.346	0.520891
149.394	0.524371
149.442	0.523307
149.49	0.522042
149.538	0.525416
149.587	0.517129
149.635	0.531259
149.683	0.519145
149.732	0.524247
149.78	0.516575
149.828	0.521271
149.876	0.523585
149.925	0.515942
149.973	0.526792
150.022	0.519797
150.07	0.529476
150.118	0.530323
150.166	0.525169
150.214	0.526862
150.263	0.523893
150.311	0.525013
150.358	0.530271
150.407	0.516507
150.456	0.511893
150.504	0.519447
150.553	0.518858
150.6	0.530337
150.649	0.521819
150.697	0.531786
150.745	0.520108
150.793	0.528583
150.842	0.519361
150.89	0.526132
150.939	0.524577
150.987	0.524697
151.036	0.523066
151.084	0.521882
151.132	0.529898
151.18	0.531118
151.229	0.523287
151.277	0.530628
151.325	0.529457
151.373	0.529883
151.422	0.527845
151.47	0.533045
151.519	0.526392
151.566	0.536308
151.615	0.525455
151.663	0.530302
151.712	0.528469
151.76	0.528963
151.808	0.529535
151.856	0.541842
151.905	0.530609
151.954	0.52987
152.001	0.542644
152.05	0.539053
152.098	0.536182
152.146	0.540968
152.195	0.533575
152.242	0.543018
152.291	0.534931
152.339	0.537012
152.388	0.524112
152.436	0.526553
152.484	0.536928
152.533	0.529674
152.581	0.536837
152.629	0.53758
152.677	0.535435
152.726	0.532693
152.774	0.53348
152.822	0.537673
152.87	0.530241
152.918	0.530857
152.966	0.532299
153.015	0.526651
153.063	0.530409
153.111	0.532039
153.16	0.532772
153.209	0.526036
153.256	0.545483
153.304	0.535889
153.353	0.533806
153.401	0.547116
153.449	0.542165
153.498	0.535613
153.545	0.543058
153.593	0.540925
153.643	0.523065
153.69	0.538853
153.739	0.530573
153.787	0.535762
153.835	0.535701
153.884	0.537552
153.932	0.537583
153.98	0.545464
154.029	0.53329
154.076	0.554945
154.125	0.53578
154.174	0.536422
154.222	0.54345
154.27	0.541761
154.318	0.532942
154.366	0.541137
154.415	0.535425
154.463	0.543238
154.511	0.539696
154.56	0.540286
154.608	0.546127
154.656	0.545632
154.704	0.539416
154.753	0.542505
154.801	0.541521
154.849	0.544305
154.897	0.543089
154.945	0.541382
154.994	0.524519
155.042	0.547949
155.09	0.541494
155.139	0.540435
155.187	0.545829
155.235	0.549642
155.283	0.552161
155.331	0.550724
155.38	0.537666
155.428	0.553318
155.476	0.547225
155.524	0.543574
155.573	0.530872
155.621	0.543036
155.669	0.545253
155.717	0.542211
155.766	0.541281
155.814	0.545672
155.862	0.551965
155.911	0.5432
155.959	0.548128
156.007	0.544964
156.056	0.547388
156.104	0.544142
156.152	0.547541
156.2	0.543879
156.248	0.53796
156.297	0.539195
156.345	0.540153
156.393	0.545115
156.442	0.536608
156.49	0.548121
156.539	0.536629
156.587	0.543306
156.635	0.55581
156.683	0.557706
156.732	0.550154
156.78	0.557313
156.828	0.55239
156.876	0.554695
156.924	0.548699
156.973	0.5465
157.021	0.555356
157.069	0.555983
157.118	0.548601
157.167	0.5506
157.214	0.560969
157.262	0.557327
157.31	0.556434
157.359	0.548549
157.407	0.556778
157.456	0.54356
157.504	0.556032
157.552	0.550492
157.601	0.539922
157.649	0.55245
157.697	0.552454
157.745	0.549381
157.793	0.558365
157.841	0.555832
157.89	0.556801
157.938	0.55682
157.986	0.563198
158.034	0.556715
158.081	0.565586
158.13	0.541675
158.179	0.549702
158.227	0.547993
158.275	0.554977
158.323	0.55385
158.372	0.542771
158.419	0.569455
158.468	0.544627
158.516	0.559967
158.564	0.562477
158.612	0.555291
158.661	0.554644
158.708	0.566407
158.757	0.559917
158.805	0.560736
158.852	0.563429
158.901	0.55225
158.949	0.564112
158.997	0.558492
159.045	0.562786
159.093	0.568349
159.142	0.554351
159.189	0.573316
159.238	0.561892
159.286	0.56109
159.334	0.571119
159.382	0.556763
159.43	0.563375
159.478	0.562412
159.527	0.558125
159.574	0.564939
159.623	0.558745
159.671	0.56329
159.719	0.5552
159.767	0.570459
159.815	0.557559
159.864	0.556997
159.911	0.568502
159.959	0.563733
160.008	0.563533
160.056	0.56293
160.103	0.563366
160.152	0.550931
160.2	0.566556
160.248	0.558691
160.296	0.56353
160.344	0.560929
160.393	0.56177
160.441	0.562506
160.489	0.566458
160.537	0.5586
160.585	0.567474
160.633	0.570893
160.681	0.564678
160.729	0.56389
160.777	0.56622
160.826	0.560794
160.873	0.567082
160.922	0.563742
160.97	0.560852
161.017	0.575709
161.066	0.561978
161.114	0.573249
161.161	0.572635
161.21	0.566883
161.258	0.574467
161.306	0.573428
161.354	0.572809
161.402	0.565928
161.449	0.575145
161.498	0.560088
161.546	0.57235
161.593	0.576069
161.642	0.563047
161.69	0.572072
161.738	0.566433
161.786	0.574733
161.835	0.560903
161.882	0.579958
161.93	0.569034
161.978	0.576469
162.026	0.573971
162.074	0.567304
162.122	0.573917
162.17	0.56542
162.218	0.572159
162.267	0.563193
162.315	0.56687
162.363	0.572174
162.411	0.572113
162.459	0.572754
162.507	0.568783
162.555	0.577954
162.603	0.575114
162.651	0.575425
162.699	0.569031
162.747	0.568788
162.795	0.567933
162.843	0.572631
162.892	0.568979
162.94	0.572713
162.988	0.562904
163.036	0.579608
163.084	0.569015
163.132	0.573477
163.181	0.564616
163.229	0.575676
163.278	0.565375
163.325	0.575824
163.373	0.575565
163.422	0.568893
163.471	0.563654
163.519	0.57496
163.567	0.572902
163.615	0.571722
163.663	0.574751
163.712	0.574717
163.76	0.572088
163.809	0.565086
163.857	0.569783
163.904	0.57792
163.953	0.566085
164.001	0.577215
164.05	0.572994
164.099	0.570686
164.146	0.583157
164.194	0.579147
164.242	0.580673
164.291	0.572036
164.339	0.57332
164.388	0.576783
164.436	0.582338
164.484	0.584194
164.532	0.578568
164.58	0.583225
164.628	0.576644
164.676	0.582704
164.725	0.572406
164.772	0.591563
164.821	0.572707
164.868	0.590474
164.917	0.576001
164.965	0.59237
165.013	0.580999
165.062	0.578044
165.109	0.591618
165.157	0.591378
165.206	0.58077
165.254	0.59005
165.302	0.588094
165.349	0.596811
165.397	0.583568
165.446	0.581107
165.493	0.599089
165.541	0.588012
165.589	0.58392
165.636	0.598645
165.684	0.589048
165.732	0.593187
165.78	0.586528
165.829	0.586385
165.876	0.60039
165.925	0.588208
165.972	0.600651
166.02	0.588128
166.068	0.582809
166.116	0.597394
166.163	0.592155
166.212	0.584591
166.26	0.591476
166.307	0.592419
166.356	0.584479
166.403	0.60465
166.451	0.58882
166.499	0.59288
166.547	0.593717
166.595	0.588168
166.642	0.59253
166.69	0.587418
166.738	0.594133
166.786	0.583299
166.834	0.593076
166.882	0.592461
166.93	0.589297
166.977	0.593526
167.025	0.593535
167.073	0.589669
167.121	0.58978
167.169	0.602649
167.217	0.587368
167.264	0.594134
167.312	0.585267
167.36	0.587834
167.408	0.588416
167.456	0.590804
167.504	0.585353
167.552	0.596146
167.6	0.580849
167.648	0.592941
167.696	0.58656
167.744	0.596633
167.792	0.586921
167.84	0.593189
167.888	0.587182
167.936	0.595197
167.984	0.577394
168.032	0.592372
168.08	0.589157
168.128	0.590064
168.177	0.585442
168.224	0.593669
168.272	0.590819
168.321	0.58992
168.369	0.591237
168.417	0.584734
168.465	0.594098
168.513	0.590062
168.561	0.593022
168.609	0.587352
168.657	0.586304
168.706	0.58298
168.754	0.590485
168.802	0.596701
168.85	0.590809
168.897	0.59568
168.946	0.589013
168.995	0.581651
169.043	0.593934
169.091	0.587827
169.139	0.592872
169.187	0.588829
169.236	0.589438
169.284	0.590254
169.332	0.593223
169.38	0.59377
169.429	0.58819
169.477	0.588196
169.526	0.59327
169.573	0.601655
169.622	0.588719
169.671	0.585687
169.719	0.597109
169.767	0.59825
169.815	0.59593
169.864	0.595253
169.912	0.599043
169.96	0.594046
170.008	0.598541
170.057	0.596105
170.105	0.595924
170.153	0.597544
170.202	0.59402
170.25	0.602036
170.299	0.591734
170.347	0.600243
170.395	0.603339
170.443	0.597262
170.492	0.595803
170.54	0.602924
170.588	0.598735
170.637	0.598393
170.685	0.607346
170.733	0.603782
170.782	0.595419
170.83	0.60536
170.878	0.607216
170.926	0.59494
170.975	0.599542
171.023	0.601707
171.071	0.606034
171.12	0.601546
171.168	0.600362
171.217	0.600003
171.265	0.604157
171.313	0.606213
171.361	0.60488
171.41	0.602258
171.458	0.604744
171.507	0.597298
171.555	0.605529
171.603	0.607771
171.651	0.606729
171.7	0.601926
171.748	0.601013
171.797	0.605127
171.845	0.605714
171.894	0.600456
171.942	0.611914
171.99	0.604215
172.038	0.61172
172.087	0.600563
172.136	0.597672
172.184	0.610985
172.232	0.605674
172.281	0.600335
172.329	0.615846
172.377	0.605892
172.426	0.600804
172.475	0.604375
172.524	0.604394
172.572	0.606319
172.621	0.603461
172.669	0.612646
172.718	0.606196
172.765	0.615673
172.815	0.597927
172.863	0.616135
172.911	0.61734
172.959	0.603174
173.008	0.609594
173.056	0.613409
173.104	0.608156
173.153	0.611816
173.201	0.613692
173.249	0.611808
173.298	0.612682
173.346	0.61292
173.394	0.617323
173.443	0.608134
173.491	0.621781
173.54	0.608909
173.588	0.620322
173.635	0.623252
173.684	0.609407
173.732	0.624005
173.781	0.603226
173.829	0.622482
173.877	0.617603
173.925	0.615269
173.973	0.619998
174.022	0.611259
174.069	0.628563
174.118	0.61323
174.166	0.618529
174.214	0.617087
174.263	0.618947
174.31	0.62365
174.358	0.623723
174.407	0.61961
174.455	0.619066
174.504	0.609766
174.552	0.62435
174.6	0.622988
174.648	0.622638
174.696	0.621399
174.744	0.620345
174.792	0.621432
174.84	0.627649
174.889	0.616174
174.937	0.619799
174.985	0.621181
175.033	0.62742
175.081	0.61631
175.129	0.62389
175.178	0.616608
175.226	0.624517
175.274	0.620597
175.323	0.613839
175.371	0.619665
175.418	0.633564
175.466	0.618172
175.515	0.614132
175.563	0.622387
175.611	0.616903
175.66	0.618837
175.708	0.615331
175.756	0.619502
175.805	0.619574
175.853	0.618188
175.901	0.629193
175.95	0.614548
175.998	0.620065
176.046	0.626736
176.094	0.621155
176.143	0.614691
176.191	0.633356
176.239	0.612024
176.288	0.619707
176.336	0.619285
176.385	0.621139
176.433	0.620674
176.481	0.628183
176.53	0.614093
176.578	0.629878
176.626	0.620104
176.675	0.621167
176.723	0.622247
176.772	0.618588
176.82	0.625028
176.868	0.623224
176.917	0.61099
176.965	0.627065
177.013	0.626942
177.062	0.626242
177.11	0.620665
177.159	0.624161
177.208	0.622468
177.256	0.631042
177.305	0.619501
177.352	0.633881
177.401	0.620579
177.45	0.626989
177.498	0.626607
177.546	0.630907
177.595	0.616599
177.643	0.627498
177.692	0.620305
177.741	0.629302
177.789	0.625763
177.838	0.623271
177.886	0.629873
177.934	0.63509
177.983	0.626195
178.032	0.627002
178.08	0.634149
178.128	0.627823
178.178	0.616375
178.226	0.620414
178.275	0.626406
178.323	0.633411
178.372	0.628185
178.421	0.627505
178.47	0.627032
178.518	0.642266
178.567	0.624577
178.615	0.630236
178.665	0.622017
178.713	0.635386
178.762	0.626487
178.811	0.62346
178.859	0.629404
178.908	0.631624
178.956	0.632992
179.005	0.631781
179.054	0.627858
179.102	0.640546
179.151	0.625914
179.2	0.639335
179.248	0.632352
179.297	0.629514
179.346	0.63142
179.395	0.628182
179.443	0.631473
179.492	0.630162
179.541	0.632313
179.59	0.634475
179.639	0.627694
179.687	0.643526
179.736	0.639023
179.785	0.633059
179.834	0.638821
179.883	0.634074
179.93	0.651478
179.98	0.628129
180.028	0.632997
180.077	0.640449
180.126	0.633098
180.175	0.633106
180.223	0.642112
180.272	0.636289
180.321	0.632831
180.369	0.645834
180.419	0.631624
180.467	0.652076
180.515	0.636665
180.565	0.630588
180.613	0.636247
180.662	0.642207
180.711	0.631852
180.76	0.631712
180.808	0.642264
180.857	0.641628
180.906	0.632841
180.954	0.645859
181.003	0.634043
181.052	0.64166
181.101	0.64664
181.149	0.649038
181.198	0.640567
181.246	0.65414
181.295	0.640231
181.344	0.638173
181.393	0.641379
181.442	0.636372
181.491	0.643718
181.539	0.650156
181.588	0.640488
181.636	0.652571
181.686	0.639775
181.734	0.645207
181.783	0.642299
181.832	0.646986
181.881	0.637929
181.93	0.63765
181.979	0.640129
182.027	0.655531
182.076	0.639706
182.125	0.645266
182.174	0.641091
182.222	0.647987
182.272	0.639727
182.32	0.653719
182.37	0.638491
182.418	0.650178
182.467	0.64388
182.515	0.655838
182.565	0.637872
182.613	0.653905
182.663	0.635996
182.712	0.644302
182.761	0.646033
182.809	0.657419
182.857	0.646335
182.906	0.645183
182.956	0.641916
183.004	0.649397
183.054	0.644044
183.102	0.654562
183.151	0.643289
183.2	0.648456
183.249	0.639001
183.298	0.648372
183.347	0.643559
183.395	0.657008
183.445	0.641481
183.493	0.654117
183.542	0.646282
183.591	0.661292
183.639	0.657211
183.688	0.656377
183.737	0.642863
183.786	0.652862
183.835	0.652047
183.884	0.650614
183.933	0.647443
183.982	0.64773
184.03	0.657569
184.079	0.655325
184.128	0.651714
184.176	0.660364
184.225	0.660815
184.274	0.649208
184.323	0.657589
184.372	0.65918
184.42	0.664294
184.469	0.653765
184.518	0.651171
184.566	0.661451
184.616	0.644728
184.665	0.655173
184.714	0.657115
184.762	0.657651
184.811	0.662175
184.859	0.658301
184.908	0.654503
184.957	0.658346
185.006	0.646223
185.055	0.658295
185.104	0.659775
185.152	0.660256
185.201	0.662551
185.249	0.659298
185.299	0.645077
185.347	0.663501
185.396	0.657662
185.445	0.657543
185.494	0.647474
185.542	0.666155
185.592	0.648515
185.64	0.660199
185.689	0.652275
185.738	0.657649
185.787	0.652941
185.835	0.655802
185.884	0.656516
185.933	0.657199
185.982	0.657825
186.03	0.657434
186.079	0.650082
186.128	0.658653
186.178	0.645469
186.226	0.658831
186.275	0.655095
186.323	0.662735
186.373	0.643341
186.421	0.65648
186.47	0.654526
186.519	0.653368
186.568	0.654494
186.617	0.656364
186.665	0.661876
186.714	0.650301
186.763	0.66309
186.812	0.657309
186.861	0.655839
186.909	0.658854
186.958	0.652966
187.007	0.652534
187.057	0.649385
187.105	0.658146
187.154	0.653784
187.203	0.658565
187.252	0.661733
187.301	0.65858
187.35	0.65956
187.399	0.656392
187.447	0.667417
187.497	0.65401
187.545	0.66602
187.595	0.648151
187.643	0.661513
187.692	0.656881
187.741	0.657923
187.791	0.658027
187.84	0.652312
187.888	0.674836
187.937	0.666556
187.986	0.658977
188.035	0.665067
188.084	0.665756
188.133	0.663781
188.182	0.657444
188.231	0.668355
188.28	0.661745
188.329	0.660142
188.378	0.66247
188.427	0.655191
188.476	0.674283
188.525	0.667813
188.573	0.671983
188.622	0.664867
188.671	0.668418
188.72	0.66893
188.769	0.666265
188.817	0.680732
188.866	0.668145
188.916	0.659559
188.965	0.668284
189.013	0.676166
189.062	0.671071
189.11	0.674118
189.16	0.660303
189.209	0.671391
189.258	0.67209
189.307	0.672665
189.355	0.679167
189.404	0.67303
189.453	0.680363
189.502	0.670402
189.551	0.666307
189.599	0.679601
189.648	0.670896
189.697	0.674429
189.745	0.682063
189.794	0.677033
189.843	0.672921
189.892	0.678688
189.941	0.678894
189.989	0.674926
190.038	0.674431
190.086	0.685419
190.136	0.668613
190.185	0.670778
190.233	0.673417
190.282	0.673697
190.331	0.673592
190.38	0.676543
190.429	0.67279
190.478	0.669274
190.526	0.684488
190.575	0.672226
190.624	0.681294
190.672	0.680928
190.721	0.667854
190.771	0.666872
190.819	0.677332
190.867	0.684516
190.917	0.663781
190.966	0.670461
191.014	0.672643
191.064	0.672337
191.112	0.67582
191.161	0.68181
191.21	0.669904
191.259	0.678213
191.308	0.676096
191.357	0.680825
191.406	0.673395
191.455	0.671761
191.504	0.669052
191.553	0.674549
191.602	0.674567
191.651	0.672826
191.7	0.677082
191.749	0.677183
191.798	0.67114
191.847	0.677265
191.895	0.694536
191.944	0.677781
191.993	0.682589
192.043	0.669491
192.091	0.68315
192.14	0.676736
192.189	0.678262
192.238	0.677831
192.287	0.673037
192.336	0.68132
192.385	0.677673
192.434	0.684308
192.482	0.688481
192.532	0.669657
192.581	0.683393
192.63	0.678458
192.679	0.679962
192.728	0.683308
192.777	0.680751
192.827	0.671718
192.875	0.689738
192.925	0.68054
192.974	0.684287
193.022	0.684067
193.072	0.678029
193.121	0.683746
193.17	0.680531
193.219	0.69374
193.268	0.684383
193.317	0.677324
193.366	0.682824
193.415	0.682318
193.464	0.692188
193.513	0.674951
193.562	0.682425
193.612	0.682153
193.66	0.689375
193.71	0.683436
193.758	0.692712
193.807	0.687639
193.856	0.691534
193.906	0.680027
193.954	0.698251
194.003	0.68987
194.052	0.680982
194.102	0.68436
194.15	0.69832
194.199	0.685284
194.248	0.689282
194.296	0.690762
194.346	0.675022
194.395	0.696096
194.444	0.686768
194.493	0.692417
194.541	0.702716
194.591	0.679503
194.64	0.695717
194.689	0.685312
194.737	0.691195
194.787	0.686214
194.836	0.685635
194.885	0.678689
194.934	0.691773
194.983	0.693557
195.032	0.68548
195.08	0.695436
195.13	0.688506
195.178	0.691911
195.228	0.688545
195.276	0.697493
195.324	0.700046
195.374	0.686436
195.423	0.682206
195.472	0.686305
195.522	0.682229
195.57	0.702892
195.62	0.678834
195.668	0.703497
195.717	0.687633
195.766	0.692554
195.815	0.698174
195.863	0.695967
195.912	0.691915
195.962	0.688815
196.011	0.688192
196.06	0.683954
196.109	0.699603
196.157	0.693578
196.207	0.685163
196.256	0.687207
196.305	0.696286
196.354	0.684615
196.403	0.695
196.452	0.688231
196.501	0.696026
196.55	0.698987
196.599	0.689231
196.648	0.68474
196.697	0.692807
196.746	0.696794
196.795	0.691245
196.844	0.692133
196.894	0.686334
196.942	0.700613
196.992	0.689614
197.04	0.700478
197.09	0.68762
197.139	0.690038
197.188	0.702321
197.238	0.684224
197.287	0.694993
197.336	0.689876
197.384	0.702131
197.434	0.685075
197.483	0.689989
197.532	0.690759
197.581	0.698521
197.631	0.682338
197.68	0.696762
197.729	0.69857
197.779	0.687498
197.827	0.707105
197.876	0.698473
197.925	0.695101
197.975	0.691636
198.024	0.695216
198.073	0.689854
198.121	0.711316
198.171	0.688444
198.22	0.698598
198.269	0.703418
198.318	0.695896
198.367	0.704811
198.416	0.705619
198.464	0.713399
198.514	0.694932
198.563	0.706595
198.612	0.699131
198.661	0.704074
198.71	0.701341
198.759	0.69979
198.808	0.703101
198.857	0.704982
198.906	0.715659
198.955	0.708895
199.004	0.708687
199.053	0.704138
199.102	0.713767
199.151	0.705941
199.2	0.703109
199.249	0.705564
199.298	0.711883
199.347	0.706547
199.396	0.707055
199.444	0.711984
199.493	0.704287
199.542	0.707887
199.591	0.705599
199.64	0.708468
199.689	0.717185
199.738	0.702513
199.787	0.715958
199.836	0.702993
199.884	0.724452
199.933	0.708561
199.983	0.702937
200.032	0.70444
200.08	0.716726
200.13	0.702573
200.179	0.706312
200.228	0.712726
200.276	0.713771
200.325	0.716065
200.375	0.699322
200.423	0.709324
200.473	0.703186
200.521	0.711849
200.571	0.702354
200.62	0.70567
200.669	0.700556
200.718	0.712027
200.767	0.69673
200.816	0.715106
200.864	0.711401
200.914	0.697259
200.963	0.707576
201.012	0.708265
201.061	0.70666
201.11	0.708912
201.16	0.695635
201.208	0.721389
201.257	0.701655
201.306	0.702172
201.356	0.69607
201.405	0.712633
201.454	0.696681
201.503	0.714957
201.552	0.700559
201.6	0.716607
201.65	0.693365
201.7	0.702787
201.749	0.705411
201.798	0.698838
201.847	0.709366
201.896	0.697156
201.945	0.702089
201.994	0.707199
202.043	0.709383
202.093	0.701459
202.141	0.723692
202.191	0.688848
202.24	0.709011
202.289	0.713438
202.339	0.700129
202.387	0.715184
202.437	0.702018
202.486	0.704293
202.535	0.706217
202.584	0.710216
202.633	0.709912
202.682	0.709311
202.731	0.707361
202.78	0.709417
202.829	0.707754
202.879	0.705298
202.928	0.707219
202.977	0.707654
203.026	0.709027
203.075	0.713695
203.124	0.704849
203.173	0.71537
203.222	0.700773
203.272	0.704424
203.321	0.702183
203.37	0.708993
203.419	0.707331
203.469	0.704473
203.518	0.706745
203.567	0.710096
203.615	0.717452
203.664	0.703757
203.714	0.708771
203.763	0.706405
203.812	0.716443
203.861	0.711161
203.91	0.704779
203.958	0.723537
204.008	0.704789
204.057	0.722423
204.106	0.707823
204.155	0.723502
204.204	0.714362
204.253	0.720241
204.302	0.711159
204.351	0.731459
204.4	0.714923
204.449	0.717601
204.498	0.718806
204.548	0.714669
204.596	0.723291
204.645	0.723394
204.694	0.718663
204.743	0.719176
204.792	0.726034
204.841	0.717728
204.89	0.720189
204.938	0.729584
204.988	0.704285
205.036	0.733039
205.086	0.710325
205.135	0.726166
205.184	0.722741
205.233	0.711786
205.282	0.723893
205.331	0.718234
205.38	0.719036
205.429	0.72351
205.478	0.71277
205.527	0.723229
205.576	0.724271
205.626	0.711497
205.675	0.719062
205.724	0.716336
205.773	0.718203
205.821	0.734313
205.871	0.706917
205.92	0.718984
205.969	0.718518
206.018	0.722091
206.067	0.718101
206.117	0.716232
206.166	0.720223
206.215	0.719041
206.263	0.724548
206.313	0.715978
206.361	0.726431
206.411	0.715182
206.46	0.716978
206.51	0.716603
206.559	0.722874
206.607	0.726292
206.656	0.718973
206.706	0.713337
206.755	0.713733
206.804	0.725564
206.853	0.713726
206.902	0.719238
206.952	0.706048
207.001	0.716939
207.05	0.706877
207.099	0.717996
207.149	0.715069
207.198	0.724052
207.247	0.718475
207.296	0.716879
207.346	0.70912
207.395	0.727742
207.444	0.720908
207.493	0.71975
207.542	0.72194
207.592	0.719946
207.641	0.717669
207.69	0.725819
207.739	0.718835
207.788	0.731411
207.838	0.713487
207.887	0.731355
207.936	0.723845
207.986	0.715403
208.034	0.737594
208.084	0.720147
208.133	0.725293
208.182	0.72528
208.231	0.7266
208.28	0.722076
208.328	0.739826
208.378	0.723121
208.427	0.721731
208.477	0.7255
208.526	0.727022
208.575	0.733871
208.624	0.724653
208.673	0.730046
208.722	0.732295
208.771	0.731785
208.82	0.733417
208.869	0.726507
208.919	0.727205
208.968	0.736062
209.017	0.72175
209.066	0.74041
209.115	0.73324
209.165	0.725972
209.214	0.733981
209.263	0.735101
209.311	0.7355
209.361	0.724678
209.41	0.727216
209.459	0.731773
209.508	0.727151
209.558	0.731966
209.607	0.721916
209.656	0.736571
209.705	0.734493
209.754	0.726303
209.804	0.721397
209.853	0.728563
209.902	0.728263
209.951	0.738226
210.001	0.72162
210.05	0.732678
210.099	0.727539
210.148	0.724079
210.198	0.722279
210.247	0.725869
210.296	0.736294
210.346	0.731154
210.395	0.735431
210.445	0.727865
210.494	0.735124
210.543	0.731202
210.592	0.73708
210.641	0.733607
210.69	0.737587
210.739	0.727558
210.789	0.72662
210.838	0.728725
210.888	0.731853
210.936	0.745746
210.985	0.74064
211.035	0.735548
211.084	0.733612
211.133	0.739509
211.183	0.739366
211.232	0.742429
211.282	0.731594
211.33	0.751167
211.38	0.730655
211.429	0.74664
211.478	0.744753
211.527	0.734263
211.576	0.742052
211.626	0.738194
211.675	0.735356
211.725	0.73908
211.774	0.739581
211.823	0.744863
211.872	0.738491
211.921	0.737899
211.971	0.730854
212.019	0.744353
212.069	0.73287
212.118	0.730509
212.168	0.729063
212.216	0.741863
212.267	0.721926
212.315	0.740863
212.365	0.73644
212.414	0.738934
212.463	0.728924
212.512	0.736094
212.562	0.729998
212.61	0.748624
212.659	0.737989
212.71	0.71733
212.759	0.730326
212.808	0.741417
212.858	0.731513
212.907	0.740169
212.956	0.736919
213.005	0.745509
213.054	0.735873
213.103	0.742711
213.153	0.730104
213.202	0.742415
213.251	0.739883
213.301	0.734325
213.351	0.726694
213.4	0.742156
213.45	0.734062
213.499	0.737706
213.548	0.739978
213.597	0.740934
213.646	0.744628
213.695	0.748101
213.745	0.727242
213.794	0.74804
213.844	0.725085
213.894	0.739948
213.943	0.738388
213.992	0.745614
214.042	0.729851
214.09	0.750505
214.14	0.739242
214.189	0.738905
214.239	0.739086
214.288	0.743184
214.337	0.743103
214.386	0.746622
214.436	0.740109
214.485	0.745766
214.535	0.732637
214.584	0.741015
214.633	0.747536
214.682	0.751341
214.732	0.729242
214.781	0.743848
214.83	0.750285
214.88	0.742116
214.928	0.760303
214.978	0.743882
215.027	0.745373
215.077	0.741402
215.126	0.751739
215.175	0.751318
215.224	0.750591
215.274	0.734662
215.323	0.742575
215.372	0.756049
215.421	0.740213
215.47	0.754998
215.519	0.737904
215.568	0.756108
215.618	0.739875
215.667	0.746089
215.716	0.748871
215.765	0.751292
215.815	0.741759
215.864	0.747387
215.913	0.747031
215.962	0.747055
216.012	0.740206
216.06	0.755065
216.11	0.738486
216.159	0.760864
216.208	0.744098
216.257	0.750815
216.307	0.744381
216.356	0.738828
216.405	0.751481
216.455	0.746389
216.504	0.750864
216.553	0.750729
216.602	0.750487
216.652	0.739945
216.701	0.751967
216.75	0.751665
216.8	0.745716
216.849	0.753613
216.898	0.74215
216.947	0.759566
216.997	0.742574
217.046	0.752215
217.095	0.751162
217.144	0.750568
217.194	0.746926
217.243	0.756478
217.292	0.746979
217.341	0.761385
217.391	0.746967
217.44	0.746904
217.489	0.764658
217.538	0.740256
217.588	0.750335
217.637	0.744
217.687	0.748333
217.736	0.745596
217.785	0.751436
217.834	0.751461
217.883	0.754703
217.933	0.750054
217.983	0.746065
218.032	0.755126
218.081	0.760247
218.13	0.754994
218.179	0.759011
218.229	0.754506
218.279	0.744533
218.327	0.767752
218.377	0.738388
218.425	0.767532
218.476	0.738224
218.524	0.761718
218.574	0.752179
218.624	0.748251
218.673	0.757914
218.722	0.763184
218.771	0.755147
218.821	0.746033
218.87	0.757113
218.919	0.763171
218.968	0.756077
219.017	0.753804
219.067	0.746365
219.116	0.759488
219.165	0.750695
219.214	0.765597
219.264	0.740541
219.313	0.767489
219.362	0.751434
219.411	0.763027
219.461	0.753046
219.51	0.758295
219.56	0.750338
219.609	0.761782
219.658	0.75623
219.708	0.757603
219.757	0.753313
219.806	0.767741
219.856	0.750299
219.905	0.767887
219.955	0.753699
220.004	0.762903
220.053	0.766871
220.103	0.759946
220.151	0.770091
220.2	0.768606
220.25	0.757793
220.299	0.772818
220.348	0.759102
220.398	0.766113
220.447	0.770651
220.496	0.76804
220.545	0.776333
220.594	0.764547
220.643	0.772057
220.693	0.768129
220.742	0.768098
220.791	0.771921
220.84	0.7746
220.889	0.767832
220.938	0.769157
220.987	0.768593
221.037	0.755975
221.086	0.772865
221.135	0.775889
221.184	0.774032
221.233	0.773285
221.283	0.765802
221.332	0.775439
221.381	0.789565
221.43	0.765938
221.479	0.783529
221.528	0.774164
221.578	0.770568
221.627	0.776016
221.676	0.779622
221.725	0.775534
221.774	0.779268
221.824	0.773751
221.872	0.782806
221.921	0.782
221.971	0.778615
222.02	0.777703
222.069	0.776091
222.118	0.783969
222.167	0.789192
222.216	0.779287
222.266	0.764802
222.315	0.779072
222.364	0.784117
222.413	0.775964
222.463	0.767708
222.512	0.78077
222.561	0.775574
222.61	0.776976
222.659	0.773483
222.708	0.775542
222.758	0.770162
222.808	0.768305
222.856	0.787265
222.906	0.77205
222.955	0.773571
223.004	0.782095
223.053	0.7759
223.103	0.773685
223.152	0.774245
223.201	0.781769
223.25	0.773545
223.3	0.768547
223.349	0.783456
223.398	0.771913
223.447	0.786326
223.497	0.762625
223.545	0.795173
223.595	0.765486
223.645	0.773325
223.693	0.788801
223.743	0.76755
223.792	0.782137
223.842	0.773646
223.891	0.773313
223.94	0.78451
223.989	0.775817
224.038	0.783349
224.087	0.779117
224.137	0.768128
224.186	0.777707
224.235	0.784551
224.285	0.771778
224.333	0.787445
224.382	0.78348
224.432	0.769244
224.482	0.776496
224.531	0.77738
224.579	0.786933
224.629	0.778271
224.678	0.774954
224.727	0.782283
224.776	0.778784
224.825	0.775309
224.875	0.772768
224.923	0.800199
224.973	0.771431
225.022	0.783427
225.071	0.778044
225.12	0.788827
225.169	0.788912
225.218	0.776929
225.267	0.776679
225.316	0.78224
225.366	0.777241
225.415	0.773346
225.464	0.78756
225.513	0.788925
225.562	0.785767
225.612	0.782377
225.661	0.787287
225.71	0.784835
225.759	0.781693
225.808	0.782589
225.857	0.77974
225.907	0.775249
225.956	0.783205
226.005	0.77966
226.054	0.783508
226.103	0.790708
226.153	0.778243
226.202	0.792558
226.251	0.785996
226.3	0.784815
226.349	0.783888
226.398	0.77948
226.447	0.777832
226.497	0.774241
226.546	0.772986
226.596	0.778321
226.645	0.778998
226.694	0.777278
226.743	0.781213
226.792	0.77719
226.841	0.785098
226.89	0.778394
226.939	0.781114
226.989	0.774415
227.039	0.765516
227.088	0.786801
227.137	0.780522
227.186	0.778606
227.235	0.78711
227.285	0.764948
227.334	0.789513
227.383	0.784271
227.432	0.787786
227.482	0.782278
227.531	0.790167
227.581	0.783927
227.63	0.788756
227.679	0.792714
227.728	0.775869
227.777	0.789083
227.826	0.788476
227.876	0.774499
227.925	0.790249
227.974	0.785871
228.024	0.776633
228.073	0.794176
228.123	0.773121
228.172	0.796686
228.22	0.792322
228.271	0.771459
228.319	0.794002
228.369	0.775731
228.418	0.785046
228.467	0.792831
228.517	0.774045
228.565	0.795839
228.614	0.788598
228.663	0.778282
228.713	0.784173
228.762	0.785634
228.811	0.791574
228.86	0.779944
228.909	0.797934
228.959	0.774043
229.007	0.803431
229.057	0.771455
229.106	0.79413
229.155	0.782176
229.204	0.790571
229.253	0.788811
229.303	0.779013
229.351	0.799254
229.4	0.786875
229.449	0.789754
229.498	0.797067
229.548	0.788449
229.596	0.80162
229.646	0.793528
229.695	0.792281
229.744	0.796315
229.792	0.799203
229.841	0.795117
229.89	0.793445
229.939	0.793933
229.988	0.806438
230.037	0.794801
230.086	0.788747
230.135	0.797191
230.184	0.795352
230.233	0.804515
230.283	0.789554
230.331	0.808867
230.38	0.790697
230.429	0.793294
230.478	0.782956
230.527	0.794831
230.576	0.784977
230.625	0.791851
230.674	0.79091
230.723	0.793729
230.772	0.797258
230.821	0.794628
230.87	0.795101
230.919	0.802473
230.968	0.789093
231.017	0.793316
231.066	0.800815
231.115	0.798033
231.164	0.780869
231.213	0.800217
231.262	0.795154
231.311	0.797042
231.361	0.791507
231.41	0.802684
231.458	0.802382
231.508	0.797502
231.557	0.796682
231.605	0.803512
231.655	0.783401
231.704	0.794694
231.753	0.787551
231.802	0.803023
231.852	0.782266
231.9	0.796902
231.95	0.790365
231.998	0.80537
232.048	0.786904
232.097	0.802893
232.146	0.793668
232.195	0.797219
232.244	0.787658
232.294	0.787672
232.343	0.789095
232.392	0.796204
232.442	0.785266
232.491	0.793207
232.54	0.785565
232.589	0.798137
232.638	0.796389
232.687	0.794532
232.736	0.799745
232.786	0.780825
232.835	0.797396
232.884	0.792643
232.933	0.798724
232.982	0.788914
233.031	0.795086
233.08	0.794771
233.13	0.779648
233.178	0.807317
233.228	0.780748
233.277	0.795042
233.327	0.787683
233.375	0.809054
233.425	0.790428
233.474	0.804187
233.523	0.794915
233.572	0.804607
233.622	0.793263
233.671	0.789549
233.721	0.792876
233.769	0.815145
233.818	0.796474
233.867	0.797763
233.917	0.797582
233.966	0.803968
234.015	0.802352
234.064	0.803779
234.112	0.813551
234.162	0.796522
234.211	0.806809
234.26	0.806632
234.309	0.801733
234.358	0.799186
234.407	0.801678
234.456	0.801533
234.505	0.813258
234.554	0.805837
234.604	0.793305
234.653	0.805501
234.702	0.805643
234.751	0.803806
234.799	0.806534
234.848	0.804557
234.898	0.803051
234.947	0.798597
234.997	0.788798
235.045	0.811854
235.094	0.797152
235.143	0.807115
235.193	0.795368
235.241	0.813173
235.291	0.791435
235.34	0.806158
235.39	0.786818
235.438	0.81847
235.487	0.810155
235.536	0.800724
235.586	0.79793
235.635	0.81184
235.684	0.806302
235.733	0.803251
235.782	0.807277
235.832	0.798837
235.88	0.810827
235.93	0.789084
235.98	0.804524
236.029	0.80506
236.078	0.808157
236.126	0.813123
236.176	0.793696
236.225	0.818446
236.275	0.796661
236.324	0.807588
236.372	0.819503
236.422	0.799148
236.471	0.80317
236.52	0.813452
236.57	0.795866
236.618	0.81389
236.668	0.805563
236.717	0.805787
236.766	0.803765
236.816	0.793236
236.865	0.822738
236.914	0.810169
236.963	0.810933
237.013	0.800915
237.061	0.817781
237.111	0.799154
237.16	0.816948
237.209	0.804151
237.258	0.81345
237.308	0.797684
237.357	0.817048
237.407	0.802064
237.456	0.814646
237.505	0.804842
237.554	0.816361
237.603	0.80914
237.653	0.800436
237.703	0.811063
237.752	0.815151
237.801	0.812606
237.85	0.819469
237.899	0.815302
237.948	0.821422
237.997	0.810879
238.047	0.814244
238.096	0.812416
238.145	0.820272
238.194	0.815936
238.243	0.824761
238.293	0.812557
238.342	0.817373
238.391	0.818057
238.441	0.815379
238.489	0.832802
238.54	0.805669
238.589	0.82755
238.638	0.824702
238.687	0.815158
238.736	0.825725
238.785	0.823912
238.835	0.816008
238.884	0.829393
238.933	0.832076
238.982	0.816857
239.032	0.825931
239.081	0.828197
239.13	0.821736
239.179	0.829738
239.228	0.823538
239.278	0.819068
239.327	0.826129
239.376	0.820414
239.425	0.81938
239.474	0.831255
239.524	0.814778
239.573	0.833055
239.622	0.810871
239.672	0.818505
239.721	0.825503
239.77	0.818822
239.82	0.816751
239.869	0.819047
239.918	0.824239
239.967	0.812697
240.016	0.825439
240.065	0.829633
240.114	0.821603
240.164	0.812164
240.214	0.806232
240.263	0.823112
240.312	0.822344
240.361	0.820549
240.411	0.809987
240.459	0.828846
240.509	0.809992
240.558	0.820984
240.607	0.826335
240.656	0.814431
240.706	0.808127
240.755	0.827383
240.805	0.82104
240.854	0.827515
240.903	0.823487
240.952	0.831321
241.002	0.813446
241.051	0.826375
241.1	0.815409
241.15	0.819765
241.199	0.822018
241.248	0.822493
241.297	0.829944
241.347	0.81501
241.397	0.809638
241.445	0.840489
241.495	0.811742
241.544	0.828489
241.594	0.825505
241.643	0.822436
241.693	0.818561
241.742	0.823972
241.792	0.806396
241.841	0.835354
241.89	0.826286
241.94	0.824238
241.989	0.83067
242.038	0.825326
242.088	0.825011
242.137	0.834428
242.186	0.829538
242.236	0.820841
242.285	0.833145
242.335	0.834783
242.384	0.827694
242.433	0.829634
242.483	0.831123
242.532	0.825437
242.582	0.823102
242.631	0.838192
242.68	0.823654
242.729	0.841297
242.779	0.835605
242.828	0.835313
242.877	0.82879
242.927	0.832831
242.977	0.82464
243.025	0.852818
243.075	0.833425
243.124	0.840617
243.173	0.831066
243.223	0.836026
243.271	0.846086
243.321	0.832267
243.37	0.831287
243.419	0.843158
243.468	0.839545
243.517	0.846461
243.567	0.830208
243.615	0.846164
243.665	0.836019
243.714	0.831251
243.763	0.838451
243.813	0.839838
243.861	0.842625
243.911	0.828497
243.96	0.849304
244.009	0.833067
244.058	0.839277
244.108	0.838546
244.157	0.834428
244.207	0.833627
244.255	0.851487
244.305	0.825433
244.353	0.855635
244.402	0.835255
244.452	0.831894
244.501	0.846422
244.551	0.819197
244.599	0.855131
244.649	0.830639
244.698	0.833688
244.747	0.842938
244.797	0.834967
244.846	0.832242
244.895	0.844952
244.944	0.828328
244.994	0.828044
245.043	0.841807
245.092	0.83967
245.141	0.838281
245.19	0.842951
245.239	0.842714
245.289	0.82577
245.338	0.84285
245.388	0.839814
245.437	0.838664
245.486	0.832271
245.536	0.838938
245.584	0.849279
245.634	0.832723
245.683	0.844459
245.732	0.84216
245.782	0.828725
245.831	0.849927
245.88	0.84044
245.929	0.846298
245.979	0.833056
246.028	0.837737
246.077	0.846583
246.126	0.837121
246.176	0.828613
246.225	0.842979
246.275	0.826238
246.324	0.844956
246.373	0.840219
246.423	0.830507
246.472	0.841089
246.521	0.840162
246.571	0.839272
246.62	0.832164
246.67	0.838012
246.719	0.837612
246.768	0.84115
246.817	0.84482
246.867	0.825979
246.916	0.842109
246.966	0.829838
247.015	0.843092
247.064	0.849716
247.113	0.835563
247.163	0.836709
247.212	0.851319
247.261	0.835985
247.31	0.841979
247.36	0.829509
247.409	0.847152
247.459	0.83744
247.508	0.848693
247.556	0.849504
247.607	0.826433
247.656	0.844541
247.705	0.857824
247.754	0.844725
247.804	0.835503
247.853	0.852255
247.902	0.842737
247.951	0.853532
248	0.849181
248.049	0.852017
248.099	0.842706
248.149	0.838456
248.198	0.851257
248.247	0.850796
248.296	0.841678
248.345	0.851381
248.394	0.854825
248.444	0.846459
248.493	0.84025
248.543	0.843418
248.591	0.857723
248.641	0.847442
248.69	0.841616
248.739	0.846038
248.789	0.840075
248.837	0.863484
248.887	0.844338
248.936	0.856805
248.986	0.839889
249.034	0.859302
249.084	0.848541
249.132	0.862748
249.181	0.857051
249.232	0.831915
249.28	0.864391
249.33	0.843628
249.379	0.853881
249.428	0.860605
249.478	0.840852
249.526	0.865794
249.575	0.856175
249.625	0.853767
249.674	0.853288
249.724	0.846698
249.773	0.852411
249.821	0.868184
249.871	0.837452
249.92	0.861446
249.969	0.838946
250.019	0.849904
250.069	0.835019
250.117	0.869657
250.167	0.83602
250.216	0.857362
250.266	0.83987
250.314	0.861787
250.364	0.849862
250.413	0.84976
250.462	0.844819
250.512	0.844486
250.561	0.842989
250.611	0.851569
250.66	0.849088
250.708	0.862237
250.758	0.838579
250.808	0.848595
250.857	0.858407
250.907	0.834668
250.955	0.868378
251.005	0.841512
251.054	0.858968
251.104	0.843513
251.153	0.842554
251.203	0.848338
251.252	0.850931
251.301	0.848506
251.351	0.84525
251.4	0.84356
251.449	0.852629
251.499	0.850543
251.548	0.847155
251.598	0.849594
251.647	0.853763
251.697	0.845246
251.746	0.851898
251.796	0.836646
251.845	0.849689
251.894	0.862882
251.943	0.851431
251.993	0.851887
252.042	0.857774
252.091	0.853502
252.141	0.851946
252.191	0.849138
252.24	0.857347
252.289	0.862762
252.339	0.851212
252.388	0.857364
252.438	0.846193
252.487	0.863012
252.537	0.849875
252.586	0.853291
252.635	0.86523
252.685	0.853786
252.734	0.858399
252.783	0.874885
252.833	0.854882
252.882	0.859656
252.932	0.852558
252.981	0.858547
253.031	0.855177
253.08	0.867329
253.129	0.863111
253.179	0.8536
253.228	0.866187
253.277	0.860458
253.327	0.85537
253.376	0.865927
253.425	0.863631
253.475	0.862762
253.524	0.874857
253.573	0.865484
253.623	0.857443
253.672	0.861193
253.722	0.853254
253.771	0.86488
253.82	0.871144
253.87	0.85876
253.919	0.862716
253.969	0.864357
254.018	0.862109
254.068	0.864315
254.117	0.865459
254.167	0.853034
254.216	0.870617
254.265	0.862355
254.314	0.873802
254.364	0.860034
254.412	0.878396
254.463	0.851303
254.512	0.863833
254.562	0.859579
254.612	0.86258
254.661	0.873852
254.71	0.869859
254.759	0.872729
254.809	0.856743
254.857	0.882019
254.907	0.857869
254.957	0.865915
255.007	0.855438
255.056	0.878836
255.104	0.882737
255.153	0.874438
255.204	0.851179
255.252	0.883866
255.302	0.867996
255.351	0.879033
255.4	0.866014
255.45	0.8667
255.5	0.861462
255.549	0.87488
255.598	0.873757
255.647	0.867046
255.696	0.875151
255.746	0.857856
255.796	0.868269
255.844	0.878431
255.894	0.870888
255.943	0.876538
255.993	0.856365
256.042	0.887175
256.091	0.869178
256.141	0.855615
256.191	0.861008
256.24	0.883646
256.289	0.876016
256.339	0.855766
256.388	0.874898
256.437	0.87474
256.486	0.869331
256.537	0.86016
256.585	0.890096
256.635	0.872775
256.684	0.875405
256.733	0.87513
256.783	0.875581
256.832	0.883089
256.882	0.861862
256.931	0.869422
256.98	0.885983
257.029	0.876903
257.079	0.871362
257.128	0.868671
257.177	0.879791
257.226	0.885085
257.276	0.86865
257.326	0.862933
257.374	0.8824
257.424	0.877099
257.473	0.870169
257.522	0.870788
257.572	0.87261
257.621	0.880192
257.671	0.860488
257.72	0.883733
257.769	0.876486
257.818	0.883503
257.867	0.875972
257.916	0.882886
257.965	0.885864
258.014	0.873238
258.064	0.868323
258.113	0.889165
258.162	0.881952
258.211	0.885448
258.261	0.87206
258.31	0.882875
258.358	0.887423
258.407	0.893952
258.456	0.877147
258.505	0.891428
258.554	0.879582
258.603	0.885403
258.652	0.893225
258.701	0.881475
258.75	0.88398
258.8	0.876092
258.849	0.894713
258.898	0.881577
258.947	0.884088
258.996	0.89146
259.045	0.882907
259.094	0.888276
259.143	0.88357
259.192	0.882343
259.241	0.892218
259.29	0.88505
259.339	0.881676
259.388	0.88609
259.437	0.891801
259.486	0.877485
259.535	0.887669
259.584	0.896695
259.633	0.86679
259.683	0.8799
259.732	0.87909
259.781	0.872691
259.83	0.88791
259.879	0.871268
259.928	0.890328
259.978	0.864075
260.026	0.896993
260.075	0.874126
260.124	0.881417
260.174	0.874802
260.222	0.889172
260.272	0.869463
260.321	0.889987
260.37	0.872804
260.419	0.883245
260.469	0.868026
260.517	0.897175
260.566	0.87987
260.615	0.882203
260.665	0.867075
260.714	0.888052
260.763	0.874928
260.812	0.882933
260.861	0.891467
260.911	0.868784
260.96	0.87075
261.009	0.883616
261.059	0.871046
261.108	0.878781
261.157	0.8843
261.206	0.873432
261.256	0.877646
261.304	0.889384
261.354	0.873926
261.403	0.88374
261.452	0.880448
261.502	0.869477
261.551	0.89042
261.6	0.877427
261.649	0.894213
261.698	0.878567
261.748	0.871064
261.797	0.887376
261.846	0.885591
261.895	0.886212
261.944	0.885094
261.993	0.889091
262.043	0.874397
262.092	0.882239
262.141	0.886212
262.19	0.887526
262.239	0.883792
262.289	0.886015
262.338	0.886834
262.387	0.88676
262.436	0.891231
262.485	0.881855
262.534	0.887566
262.583	0.885501
262.633	0.884237
262.682	0.889404
262.73	0.902741
262.78	0.882058
262.829	0.890694
262.878	0.878135
262.928	0.885096
262.976	0.901727
263.026	0.877471
263.075	0.88667
263.124	0.895132
263.173	0.889809
263.222	0.897795
263.27	0.903172
263.32	0.873738
263.369	0.90078
263.418	0.88238
263.467	0.90071
263.516	0.886776
263.565	0.892805
263.614	0.891596
263.664	0.882562
263.713	0.882139
263.762	0.898266
263.812	0.880628
263.86	0.906439
263.91	0.883081
263.959	0.901379
264.008	0.88884
264.057	0.90049
264.107	0.883735
264.156	0.884305
264.205	0.899687
264.254	0.892152
264.304	0.885872
264.353	0.884712
264.402	0.897935
264.451	0.898422
264.5	0.887576
264.549	0.898091
264.598	0.893885
264.648	0.884509
264.698	0.887172
264.746	0.898672
264.795	0.899186
264.845	0.889895
264.894	0.887505
264.944	0.883783
264.993	0.898253
265.042	0.891292
265.092	0.887878
265.14	0.908082
265.19	0.884819
265.239	0.889825
265.289	0.892399
265.338	0.897323
265.387	0.889126
265.436	0.892153
265.486	0.890815
265.535	0.892714
265.584	0.882104
265.633	0.906495
265.682	0.894771
265.731	0.896945
265.782	0.88187
265.83	0.905708
265.879	0.896524
265.928	0.903553
265.978	0.888877
266.027	0.897229
266.076	0.893186
266.125	0.904996
266.175	0.886473
266.223	0.91254
266.272	0.896021
266.322	0.885247
266.371	0.899873
266.42	0.906397
266.47	0.896576
266.518	0.909272
266.568	0.892606
266.617	0.898574
266.666	0.901645
266.715	0.900457
266.764	0.91174
266.814	0.889017
266.863	0.897148
266.912	0.893468
266.961	0.908289
267.01	0.913786
267.059	0.905226
267.108	0.891329
267.157	0.909786
267.206	0.907939
267.255	0.907367
267.304	0.912388
267.353	0.894353
267.402	0.902687
267.452	0.899079
267.5	0.90964
267.549	0.90897
267.599	0.891649
267.647	0.922604
267.696	0.900841
267.745	0.911018
267.795	0.891501
267.843	0.922303
267.893	0.893161
267.941	0.916602
267.991	0.902025
268.04	0.904942
268.089	0.907733
268.138	0.905091
268.187	0.894004
268.235	0.92121
268.285	0.887584
268.333	0.92797
268.382	0.912124
268.431	0.905734
268.481	0.893638
268.529	0.917997
268.579	0.899537
268.628	0.896639
268.677	0.906435
268.727	0.906184
268.776	0.901349
268.825	0.913109
268.874	0.907351
268.923	0.907517
268.971	0.916587
269.021	0.892646
269.069	0.928909
269.119	0.894432
269.168	0.908493
269.217	0.900392
269.266	0.901479
269.315	0.902672
269.364	0.907394
269.413	0.905362
269.461	0.9271
269.512	0.871439
269.561	0.913471
269.61	0.903723
269.659	0.916085
269.708	0.902329
269.757	0.904749
269.807	0.893249
269.856	0.913091
269.905	0.907123
269.953	0.919783
270.003	0.899992
270.051	0.909852
270.101	0.903141
270.15	0.895865
270.2	0.90381
270.249	0.910072
270.298	0.90449
270.347	0.920122
270.396	0.905975
270.445	0.907682
270.495	0.897457
270.544	0.903541
270.593	0.903456
270.642	0.901128
270.692	0.902784
270.741	0.906811
270.79	0.89971
270.839	0.916304
270.889	0.899076
270.938	0.913198
270.987	0.906992
271.036	0.90791
271.085	0.913497
271.135	0.901564
271.184	0.904152
271.233	0.915622
271.282	0.905673
271.332	0.900584
271.381	0.916464
271.429	0.916994
271.479	0.912134
271.528	0.899363
271.577	0.920283
271.626	0.916507
271.675	0.915025
271.725	0.909634
271.774	0.9112
271.823	0.916775
271.871	0.928111
271.921	0.906322
271.969	0.922377
272.019	0.911665
272.067	0.924002
272.117	0.907438
272.166	0.927221
272.215	0.916072
272.264	0.914072
272.313	0.922547
272.362	0.920941
272.412	0.912778
272.46	0.933779
272.509	0.916297
272.558	0.917958
272.608	0.910978
272.656	0.930283
272.705	0.920781
272.754	0.923459
272.803	0.926556
272.852	0.905428
272.901	0.92781
272.949	0.93289
272.999	0.910621
273.048	0.921886
273.098	0.909406
273.146	0.936754
273.194	0.923022
273.244	0.908009
273.293	0.919962
273.343	0.908952
273.391	0.925452
273.44	0.923296
273.489	0.921154
273.538	0.923203
273.587	0.916838
273.636	0.923712
273.685	0.920522
273.735	0.909439
273.783	0.929257
273.832	0.91875
273.882	0.915032
273.931	0.911509
273.98	0.931996
274.029	0.910837
274.078	0.917324
274.128	0.921478
274.176	0.925826
274.226	0.920278
274.274	0.92971
274.324	0.910889
274.373	0.921181
274.422	0.921929
274.471	0.922707
274.52	0.916943
274.569	0.927094
274.619	0.909539
274.667	0.93232
274.717	0.907952
274.766	0.930403
274.815	0.914409
274.864	0.928427
274.914	0.915523
274.962	0.923247
275.012	0.915281
275.061	0.915615
275.111	0.918483
275.159	0.923873
275.208	0.924123
275.257	0.926707
275.306	0.921797
275.356	0.91614
275.405	0.918553
275.456	0.901803
275.504	0.939466
275.554	0.909082
275.603	0.92241
275.651	0.932545
275.7	0.923875
275.75	0.914426
275.799	0.92989
275.848	0.931043
275.898	0.908941
275.947	0.926923
275.996	0.924233
276.044	0.93866
276.095	0.908468
276.144	0.920034
276.193	0.937112
276.242	0.930605
276.291	0.931333
276.34	0.924138
276.389	0.929265
276.438	0.934411
276.487	0.926237
276.537	0.914993
276.586	0.92997
276.635	0.925404
276.684	0.939552
276.733	0.925431
276.782	0.937864
276.831	0.935322
276.88	0.922183
276.929	0.928391
276.978	0.940638
277.028	0.91041
277.077	0.93928
277.125	0.941467
277.175	0.922841
277.224	0.93828
277.273	0.931444
277.321	0.94704
277.371	0.915178
277.42	0.944216
277.469	0.93014
277.518	0.937776
277.567	0.935798
277.615	0.942729
277.665	0.929886
277.713	0.941306
277.762	0.937893
277.812	0.921538
277.861	0.928572
277.91	0.935747
277.959	0.935896
278.008	0.940686
278.057	0.923473
278.106	0.948597
278.156	0.917238
278.204	0.946793
278.253	0.930461
278.302	0.939072
278.351	0.928674
278.4	0.943486
278.449	0.935595
278.498	0.930392
278.547	0.932278
278.595	0.947541
278.645	0.919434
278.694	0.940196
278.743	0.941404
278.791	0.939363
278.841	0.925247
278.89	0.934022
278.939	0.929864
278.988	0.94147
279.037	0.946319
279.086	0.932438
279.135	0.930543
279.184	0.931681
279.233	0.941325
279.282	0.940631
279.332	0.926984
279.38	0.942706
279.43	0.923718
279.479	0.944726
279.528	0.93168
279.577	0.946869
279.625	0.942656
279.675	0.933965
279.724	0.93161
279.773	0.940337
279.823	0.9189
279.872	0.948665
279.921	0.942429
279.971	0.925388
280.019	0.942588
280.068	0.942715
280.118	0.929207
280.167	0.941471
280.216	0.94085
280.266	0.921598
280.314	0.945418
280.364	0.931188
280.413	0.943866
280.463	0.920972
280.512	0.937729
280.56	0.9512
280.61	0.925073
280.659	0.942032
280.708	0.928111
280.758	0.936444
280.807	0.929379
280.857	0.928924
280.906	0.941551
280.954	0.941969
281.004	0.920842
281.053	0.941742
281.102	0.939872
281.151	0.937064
281.201	0.935078
281.25	0.937019
281.299	0.93712
281.348	0.939125
281.397	0.939204
281.447	0.925447
281.496	0.941079
281.544	0.954755
281.594	0.9254
281.644	0.938268
281.692	0.958348
281.741	0.93509
281.791	0.935928
281.839	0.953776
281.889	0.931391
281.938	0.951087
281.987	0.938586
282.036	0.948317
282.085	0.946301
282.134	0.948416
282.184	0.930606
282.232	0.958248
282.282	0.941262
282.33	0.954472
282.38	0.927149
282.429	0.949337
282.478	0.949217
282.528	0.936344
282.576	0.95089
282.625	0.94991
282.675	0.947929
282.724	0.936733
282.773	0.955074
282.822	0.954086
282.871	0.948477
282.921	0.941557
282.97	0.944628
283.019	0.942008
283.068	0.954702
283.117	0.945914
283.166	0.948624
283.216	0.934236
283.265	0.95865
283.314	0.950811
283.363	0.954453
283.412	0.956804
283.461	0.947723
283.511	0.943437
283.56	0.955034
283.609	0.942497
283.658	0.95508
283.707	0.941005
283.756	0.953875
283.806	0.939953
283.855	0.953813
283.904	0.95767
283.953	0.947022
284.003	0.940166
284.052	0.958345
284.101	0.95744
284.15	0.958035
284.199	0.945423
284.248	0.963682
284.297	0.947364
284.347	0.945932
284.396	0.947438
284.445	0.96406
284.494	0.954772
284.544	0.945796
284.593	0.9573
284.642	0.961389
284.692	0.946812
284.74	0.963017
284.79	0.951261
284.839	0.954201
284.888	0.963026
284.937	0.950426
284.987	0.94955
285.037	0.944542