85.0132	0.172254
85.0313	0.176728
85.0493	0.186216
85.0683	0.186554
85.0863	0.20352
85.1052	0.197766
85.1235	0.212682
85.1434	0.201934
85.1616	0.223558
85.1811	0.208805
85.2005	0.199515
85.2193	0.207107
85.2388	0.192119
85.2588	0.183926
85.2783	0.192681
85.2986	0.18527
85.318	0.196504
85.3386	0.189619
85.3584	0.203347
85.3787	0.205298
85.3993	0.212007
85.4197	0.219401
85.4404	0.217943
85.4614	0.21814
85.4823	0.214992
85.5033	0.209021
85.5238	0.210311
85.5451	0.200373
85.5662	0.20049
85.5875	0.202166
85.6094	0.199904
85.6305	0.208519
85.6528	0.204751
85.6743	0.217421
85.6962	0.22508
85.7176	0.235985
85.7405	0.225562
85.7622	0.231881
85.7847	0.217678
85.8077	0.214767
85.8299	0.219624
85.8531	0.20438
85.8755	0.211121
85.8981	0.214252
85.9211	0.20685
85.9439	0.215423
85.9674	0.215263
85.9904	0.228423
86.0142	0.230183
86.0372	0.240699
86.0612	0.228649
86.085	0.222055
86.1084	0.226058
86.1322	0.219193
86.1561	0.215076
86.1796	0.213849
86.2042	0.206348
86.2283	0.211527
86.2526	0.215015
86.277	0.219681
86.3023	0.220844
86.3264	0.232459
86.3514	0.232385
86.3757	0.244419
86.4008	0.239606
86.426	0.236611
86.451	0.229703
86.4761	0.22407
86.5014	0.218249
86.5269	0.212385
86.552	0.217574
86.5781	0.213584
86.604	0.223857
86.6297	0.230251
86.6548	0.236853
86.6814	0.227844
86.7067	0.243262
86.733	0.237776
86.7592	0.240099
86.7857	0.238795
86.8114	0.239632
86.8384	0.219043
86.8649	0.221666
86.8916	0.221398
86.9176	0.234264
86.9444	0.235046
86.9714	0.237
86.9988	0.234799
87.0259	0.238039
87.0528	0.241128
87.0795	0.251423
87.1072	0.247548
87.1345	0.251272
87.1615	0.255138
87.1888	0.246694
87.2161	0.23594
87.2438	0.230277
87.2717	0.229483
87.2997	0.234695
87.3275	0.243724
87.3555	0.242012
87.3837	0.243394
87.4124	0.24156
87.4403	0.248906
87.4682	0.252443
87.4967	0.25057
87.525	0.259347
87.5538	0.246211
87.5822	0.244349
87.6105	0.240191
87.6396	0.234811
87.6684	0.240863
87.6972	0.243028
87.7263	0.242613
87.7554	0.243452
87.7847	0.245295
87.8143	0.246717
87.8434	0.24992
87.8726	0.251406
87.9021	0.254947
87.9314	0.251325
87.9613	0.242959
87.9907	0.240204
88.0196	0.247139
88.0499	0.238561
88.0801	0.247032
88.1099	0.252096
88.1398	0.255159
88.1703	0.249984
88.1999	0.258469
88.2297	0.258177
88.2604	0.250043
88.2903	0.255063
88.3208	0.247274
88.3518	0.244869
88.382	0.253365
88.4126	0.252769
88.4429	0.25793
88.4733	0.257638
88.5039	0.259072
88.5351	0.251772
88.5664	0.250904
88.5969	0.258719
88.6288	0.248535
88.6592	0.260095
88.6901	0.255831
88.7219	0.246953
88.7529	0.25033
88.7843	0.246315
88.8156	0.246916
88.8469	0.248277
88.8786	0.247448
88.9102	0.255533
88.9421	0.259899
88.9737	0.268242
89.0057	0.265008
89.0371	0.267969
89.0698	0.254465
89.101	0.266562
89.1336	0.255206
89.1658	0.258039
89.1981	0.251813
89.2302	0.252719
89.2626	0.250459
89.2948	0.254495
89.3272	0.253073
89.3599	0.253487
89.3919	0.266322
89.4244	0.26605
89.4573	0.266902
89.4901	0.270348
89.5234	0.266968
89.5553	0.27681
89.588	0.269366
89.622	0.255673
89.6545	0.262689
89.6873	0.258745
89.7205	0.255784
89.7539	0.256458
89.7869	0.267751
89.8211	0.262288
89.8543	0.269479
89.8879	0.267656
89.9211	0.273863
89.9547	0.275336
89.988	0.280018
90.0217	0.276546
90.0554	0.27098
90.0894	0.261227
90.1224	0.267384
90.1566	0.255647
90.1899	0.267176
90.2244	0.263087
90.2583	0.268858
90.293	0.263227
90.3267	0.272676
90.3613	0.267552
90.3956	0.269798
90.4297	0.273701
90.4643	0.270037
90.4985	0.271743
90.5329	0.265597
90.5678	0.25906
90.602	0.262706
90.6363	0.267711
90.6712	0.264736
90.7062	0.270176
90.7412	0.270453
90.7761	0.27134
90.8111	0.271078
90.8458	0.273003
90.8803	0.275342
90.9155	0.268906
90.9504	0.26813
90.9856	0.266776
91.0209	0.270802
91.056	0.276538
91.0917	0.271151
91.1267	0.277268
91.1621	0.275257
91.1976	0.273226
91.2327	0.278146
91.2685	0.27403
91.3043	0.272923
91.3395	0.274982
91.3749	0.267347
91.4106	0.266495
91.4463	0.271191
91.4821	0.279851
91.5179	0.279642
91.5538	0.277452
91.5893	0.280927
91.6254	0.273901
91.6617	0.272523
91.6976	0.2754
91.7334	0.276895
91.7696	0.272688
91.8053	0.275147
91.8419	0.265915
91.878	0.270866
91.9143	0.277656
91.9505	0.282586
91.986	0.290455
92.0232	0.273984
92.0598	0.276228
92.0955	0.281228
92.1321	0.276138
92.169	0.273204
92.2056	0.275815
92.2421	0.275572
92.2784	0.271782
92.3153	0.265912
92.3514	0.271878
92.3884	0.271473
92.4253	0.279557
92.4621	0.287765
92.4992	0.28965
92.5355	0.294282
92.5723	0.286238
92.6092	0.284605
92.6467	0.279173
92.6838	0.282968
92.7212	0.27645
92.7581	0.276969
92.7946	0.27674
92.832	0.273443
92.8695	0.275327
92.9063	0.284341
92.9439	0.279335
92.9808	0.292569
93.0184	0.289503
93.0562	0.288243
93.0928	0.297525
93.1311	0.281528
93.1681	0.291563
93.2055	0.287833
93.2432	0.280071
93.2817	0.269099
93.3191	0.278071
93.3562	0.28641
93.3941	0.282713
93.4318	0.286148
93.4697	0.286803
93.5076	0.291447
93.5453	0.294229
93.5833	0.293048
93.6213	0.292072
93.6597	0.286168
93.6976	0.290176
93.7353	0.288453
93.7736	0.282647
93.8119	0.279553
93.8491	0.291504
93.8878	0.282511
93.9265	0.28646
93.9637	0.299881
94.0028	0.289536
94.0406	0.301659
94.0788	0.29973
94.1171	0.303368
94.1558	0.298781
94.1938	0.302102
94.2324	0.291644
94.2709	0.289584
94.3093	0.286175
94.3481	0.283948
94.386	0.295546
94.4253	0.287134
94.4634	0.30016
94.5022	0.297543
94.5413	0.296487
94.5794	0.30673
94.6176	0.308549
94.6565	0.304087
94.6954	0.303753
94.734	0.302159
94.773	0.294673
94.8116	0.295594
94.8504	0.292755
94.8897	0.290776
94.9285	0.297709
94.9676	0.29663
95.006	0.303813
95.0458	0.294423
95.0845	0.30612
95.1237	0.304926
95.1632	0.305355
95.2018	0.311608
95.2413	0.302895
95.2807	0.297836
95.3198	0.294846
95.3594	0.289753
95.3983	0.295646
95.4372	0.297584
95.4771	0.294361
95.517	0.296899
95.5556	0.307834
95.5954	0.300422
95.6351	0.303942
95.6744	0.311026
95.7139	0.31038
95.7534	0.307522
95.7931	0.303552
95.8328	0.300478
95.873	0.293891
95.9116	0.302992
95.9515	0.292823
95.992	0.291579
96.0308	0.308252
96.0705	0.305382
96.1105	0.304104
96.1501	0.308054
96.1906	0.304175
96.2301	0.315013
96.2708	0.308596
96.3099	0.317478
96.3505	0.298238
96.39	0.302335
96.4308	0.290384
96.4699	0.304215
96.5106	0.295417
96.5512	0.298325
96.5909	0.308432
96.6316	0.301888
96.6716	0.306876
96.7121	0.306287
96.7521	0.311435
96.7922	0.313913
96.8326	0.310634
96.8734	0.307342
96.9136	0.306937
96.9541	0.30363
96.9943	0.308808
97.0349	0.305279
97.0752	0.309572
97.1159	0.307037
97.1565	0.309455
97.1966	0.314011
97.2375	0.307857
97.2782	0.311119
97.3186	0.309964
97.3591	0.307641
97.3998	0.305534
97.4407	0.306473
97.4814	0.311641
97.5217	0.319141
97.5625	0.316025
97.6031	0.316889
97.6443	0.312759
97.6853	0.31421
97.7258	0.317665
97.7671	0.311181
97.8073	0.319602
97.8487	0.310364
97.8893	0.312694
97.9305	0.305581
97.9711	0.311173
98.0121	0.312231
98.0531	0.313984
98.094	0.320868
98.1354	0.317355
98.1763	0.320135
98.2172	0.318999
98.2585	0.314287
98.2999	0.313343
98.3406	0.318246
98.3811	0.31949
98.4228	0.308046
98.4642	0.308289
98.5057	0.308906
98.5465	0.317034
98.5873	0.318287
98.6292	0.312906
98.6705	0.322709
98.7113	0.329037
98.7526	0.324698
98.7939	0.325244
98.8351	0.323775
98.8771	0.318062
98.9178	0.327047
98.9595	0.31373
99.0008	0.314172
99.0424	0.311176
99.0837	0.315907
99.1252	0.318522
99.1666	0.319849
99.2087	0.32029
99.2501	0.328728
99.2914	0.331341
99.3336	0.325064
99.3752	0.326763
99.4169	0.322707
99.4586	0.320435
99.4997	0.31875
99.5413	0.315751
99.5833	0.313377
99.6251	0.319371
99.667	0.32074
99.7091	0.32042
99.7503	0.327773
99.7922	0.32511
99.8341	0.328815
99.876	0.329206
99.9178	0.328541
99.96	0.322455
100.002	0.32473
100.044	0.316037
100.086	0.319393
100.127	0.323634
100.169	0.316252
100.211	0.322993
100.253	0.321979
100.295	0.328661
100.337	0.325162
100.379	0.331765
100.421	0.331114
100.463	0.329366
100.505	0.334268
100.547	0.32699
100.589	0.325708
100.631	0.320038
100.673	0.320039
100.716	0.32181
100.758	0.326241
100.801	0.322721
100.842	0.333368
100.884	0.326751
100.926	0.32769
100.969	0.328675
101.011	0.32918
101.054	0.324427
101.095	0.333851
101.138	0.324555
101.181	0.326325
101.223	0.330146
101.265	0.32543
101.307	0.326251
101.35	0.323112
101.392	0.324847
101.434	0.330198
101.477	0.325439
101.519	0.336023
101.562	0.323763
101.605	0.331407
101.647	0.332316
101.69	0.323143
101.732	0.326384
101.774	0.332279
101.818	0.328517
101.86	0.342372
101.902	0.33669
101.945	0.330888
101.987	0.340804
102.03	0.333438
102.073	0.336031
102.116	0.332077
102.158	0.33461
102.202	0.326974
102.245	0.327375
102.287	0.333023
102.33	0.336883
102.372	0.336595
102.415	0.333474
102.458	0.339033
102.502	0.336171
102.544	0.346803
102.588	0.33603
102.63	0.345485
102.673	0.334052
102.716	0.334391
102.759	0.335039
102.802	0.331928
102.844	0.335145
102.888	0.330005
102.931	0.334165
102.974	0.338834
103.017	0.336771
103.06	0.340539
103.103	0.341772
103.146	0.33659
103.19	0.33314
103.232	0.345586
103.275	0.342728
103.319	0.330236
103.362	0.34448
103.405	0.333381
103.448	0.3408
103.491	0.340928
103.535	0.339112
103.578	0.334047
103.622	0.339652
103.665	0.342382
103.708	0.335972
103.751	0.339172
103.794	0.334438
103.837	0.344052
103.881	0.338872
103.924	0.355647
103.968	0.341827
104.011	0.348689
104.054	0.343309
104.097	0.345749
104.14	0.347039
104.184	0.342038
104.228	0.335478
104.271	0.341352
104.314	0.340695
104.358	0.339118
104.402	0.342987
104.444	0.354073
104.488	0.34786
104.532	0.351453
104.575	0.358619
104.618	0.34938
104.662	0.352816
104.705	0.348217
104.749	0.345241
104.793	0.34169
104.836	0.349289
104.879	0.345741
104.923	0.34433
104.966	0.353114
105.01	0.352641
105.054	0.350528
105.099	0.341999
105.142	0.35761
105.185	0.361726
105.228	0.355007
105.273	0.339816
105.316	0.353323
105.36	0.334686
105.404	0.340607
105.447	0.344855
105.491	0.342986
105.535	0.346637
105.579	0.34889
105.623	0.352382
105.667	0.348788
105.711	0.354251
105.754	0.360207
105.798	0.353449
105.842	0.35149
105.886	0.348468
105.93	0.347931
105.974	0.35115
106.018	0.350268
106.062	0.349473
106.106	0.354528
106.149	0.357848
106.193	0.352469
106.237	0.350857
106.282	0.352714
106.325	0.360228
106.369	0.35177
106.413	0.351498
106.457	0.349426
106.501	0.352549
106.545	0.350071
106.589	0.356291
106.634	0.349472
106.678	0.353099
106.722	0.355582
106.766	0.354995
106.809	0.359021
106.854	0.350991
106.897	0.359682
106.941	0.356013
106.986	0.355101
107.03	0.358649
107.074	0.358586
107.119	0.352648
107.162	0.366269
107.207	0.354917
107.251	0.358558
107.295	0.360833
107.338	0.36475
107.383	0.357755
107.427	0.354969
107.472	0.356832
107.516	0.35869
107.56	0.356349
107.604	0.368344
107.648	0.370055
107.693	0.368635
107.737	0.366091
107.781	0.366184
107.825	0.364833
107.869	0.362836
107.913	0.360873
107.958	0.353937
108.002	0.363852
108.047	0.349412
108.091	0.355353
108.136	0.35934
108.18	0.364206
108.224	0.376858
108.268	0.367897
108.313	0.363945
108.357	0.369118
108.402	0.364308
108.446	0.364035
108.491	0.363436
108.535	0.36583
108.579	0.360154
108.624	0.360749
108.669	0.360387
108.713	0.366993
108.757	0.364233
108.802	0.371494
108.847	0.368744
108.891	0.378909
108.936	0.367926
108.98	0.374083
109.025	0.36836
109.069	0.368029
109.113	0.36462
109.158	0.361729
109.203	0.365365
109.248	0.368007
109.293	0.368174
109.337	0.369534
109.382	0.36688
109.426	0.371541
109.471	0.37068
109.516	0.369172
109.561	0.371702
109.605	0.374117
109.65	0.372501
109.695	0.372446
109.739	0.371916
109.784	0.375315
109.829	0.366512
109.873	0.37467
109.918	0.369972
109.963	0.373523
110.007	0.379128
110.053	0.368061
110.097	0.376265
110.142	0.370346
110.186	0.379223
110.231	0.376669
110.276	0.373723
110.321	0.374116
110.366	0.374813
110.411	0.37626
110.455	0.377776
110.501	0.368992
110.546	0.375852
110.59	0.373806
110.636	0.369092
110.68	0.372468
110.725	0.377671
110.77	0.369293
110.815	0.382985
110.859	0.385038
110.904	0.384407
110.949	0.38143
110.994	0.383221
111.039	0.378803
111.085	0.379517
111.129	0.379736
111.175	0.362749
111.22	0.37347
111.265	0.368896
111.31	0.375439
111.355	0.37419
111.4	0.381772
111.444	0.387788
111.489	0.386404
111.535	0.38085
111.58	0.384204
111.625	0.388436
111.67	0.385639
111.715	0.377169
111.761	0.37013
111.805	0.379611
111.851	0.370962
111.896	0.383294
111.941	0.375044
111.987	0.383081
112.031	0.390039
112.077	0.384602
112.121	0.393837
112.167	0.387999
112.212	0.387995
112.258	0.381568
112.303	0.382008
112.347	0.382602
112.393	0.377447
112.437	0.385813
112.483	0.3789
112.528	0.384422
112.574	0.383272
112.618	0.394157
112.664	0.386603
112.709	0.392221
112.755	0.39093
112.799	0.398895
112.844	0.389651
112.89	0.38286
112.936	0.377672
112.98	0.385742
113.026	0.379773
113.071	0.385865
113.117	0.382655
113.161	0.392504
113.206	0.383158
113.252	0.382445
113.297	0.38905
113.342	0.394363
113.387	0.388043
113.433	0.390458
113.478	0.385633
113.523	0.380598
113.569	0.38191
113.614	0.384809
113.659	0.388013
113.704	0.387348
113.75	0.388361
113.795	0.390417
113.84	0.392726
113.886	0.389775
113.93	0.396462
113.976	0.382299
114.022	0.385864
114.068	0.393111
114.112	0.404473
114.158	0.39191
114.204	0.393183
114.249	0.396136
114.294	0.391557
114.339	0.396456
114.385	0.39303
114.431	0.386718
114.476	0.386912
114.522	0.388793
114.567	0.389952
114.612	0.387517
114.658	0.393687
114.703	0.39146
114.749	0.397307
114.795	0.395728
114.84	0.401196
114.885	0.396607
114.931	0.393036
114.977	0.384783
115.023	0.394572
115.068	0.393674
115.114	0.391092
115.159	0.392424
115.205	0.392211
115.25	0.39335
115.296	0.393024
115.341	0.40535
115.387	0.404239
115.432	0.408291
115.477	0.402003
115.524	0.388882
115.57	0.391552
115.615	0.395658
115.661	0.39699
115.706	0.395783
115.752	0.391812
115.798	0.39195
115.843	0.397622
115.889	0.40022
115.935	0.399098
115.98	0.404096
116.026	0.401349
116.072	0.401992
116.118	0.406717
116.163	0.405552
116.209	0.398717
116.255	0.39605
116.3	0.394813
116.346	0.394523
116.392	0.394483
116.438	0.396721
116.484	0.399577
116.529	0.405948
116.575	0.402757
116.621	0.405202
116.667	0.401523
116.712	0.403065
116.759	0.390978
116.804	0.396833
116.85	0.393811
116.896	0.396166
116.942	0.397394
116.987	0.403665
117.033	0.400518
117.079	0.39678
117.125	0.404773
117.171	0.401375
117.217	0.406604
117.263	0.405165
117.308	0.414139
117.355	0.396333
117.4	0.400875
117.447	0.395858
117.492	0.402483
117.54	0.38759
117.585	0.407294
117.631	0.40288
117.677	0.407035
117.723	0.403011
117.769	0.404214
117.815	0.402464
117.861	0.412621
117.907	0.409123
117.953	0.4121
117.999	0.405913
118.044	0.415602
118.091	0.407588
118.137	0.41027
118.182	0.412513
118.229	0.404348
118.275	0.415933
118.321	0.411109
118.367	0.411603
118.413	0.413441
118.459	0.41169
118.505	0.410287
118.551	0.404264
118.597	0.413107
118.643	0.415448
118.689	0.411509
118.735	0.416076
118.781	0.415509
118.826	0.419823
118.873	0.409153
118.919	0.415206
118.965	0.414753
119.011	0.412654
119.057	0.409782
119.103	0.409775
119.149	0.410671
119.195	0.414564
119.241	0.409847
119.287	0.417543
119.334	0.412021
119.38	0.419218
119.425	0.419791
119.472	0.415988
119.518	0.409423
119.564	0.4167
119.61	0.414793
119.657	0.414369
119.703	0.412647
119.749	0.410678
119.795	0.41448
119.841	0.418413
119.887	0.412256
119.933	0.422982
119.979	0.416456
120.025	0.423761
120.071	0.416848
120.117	0.421178
120.164	0.416605
120.21	0.416461
120.256	0.417962
120.303	0.413967
120.348	0.418899
120.394	0.423168
120.441	0.413004
120.487	0.417525
120.534	0.415617
120.58	0.427868
120.626	0.422657
120.672	0.431741
120.718	0.42282
120.764	0.429893
120.811	0.421795
120.857	0.428071
120.903	0.422245
120.95	0.419335
120.996	0.42696
121.042	0.424658
121.088	0.4245
121.135	0.422867
121.181	0.424692
121.227	0.427845
121.273	0.431505
121.319	0.430726
121.366	0.427101
121.412	0.424416
121.459	0.421183
121.505	0.420359
121.551	0.42801
121.598	0.420104
121.643	0.432776
121.689	0.424754
121.736	0.422386
121.783	0.422898
121.829	0.43428
121.875	0.43154
121.921	0.432699
121.967	0.430899
122.014	0.423864
122.06	0.424953
122.106	0.426622
122.153	0.430255
122.199	0.429959
122.245	0.432754
122.291	0.434768
122.338	0.428155
122.385	0.437844
122.431	0.436916
122.477	0.440334
122.524	0.432502
122.57	0.436564
122.616	0.437109
122.663	0.434776
122.709	0.430645
122.756	0.434942
122.802	0.437065
122.848	0.441218
122.895	0.440351
122.941	0.440649
122.988	0.445193
123.034	0.439705
123.08	0.447772
123.128	0.435951
123.173	0.448795
123.22	0.438863
123.267	0.448321
123.313	0.449244
123.36	0.444807
123.406	0.449426
123.452	0.45369
123.499	0.450747
123.546	0.448328
123.592	0.459003
123.639	0.451042
123.685	0.463962
123.732	0.455989
123.778	0.45855
123.825	0.45768
123.872	0.460376
123.918	0.465617
123.964	0.469896
124.011	0.465246
124.058	0.465698
124.104	0.465771
124.151	0.464981
124.197	0.469007
124.244	0.462341
124.29	0.463364
124.337	0.456169
124.383	0.455217
124.43	0.452238
124.476	0.464378
124.522	0.457778
124.569	0.453313
124.616	0.458214
124.663	0.454425
124.709	0.45662
124.756	0.451263
124.802	0.448438
124.849	0.444742
124.896	0.443247
124.942	0.445991
124.989	0.441103
125.035	0.449043
125.082	0.447727
125.128	0.450025
125.175	0.443121
125.221	0.453576
125.268	0.449331
125.315	0.447826
125.362	0.444895
125.408	0.450398
125.454	0.437781
125.501	0.436159
125.548	0.436121
125.594	0.445566
125.641	0.436408
125.687	0.44226
125.734	0.435853
125.781	0.430407
125.828	0.440404
125.874	0.441888
125.921	0.440405
125.967	0.446575
126.014	0.438242
126.061	0.439517
126.108	0.433881
126.154	0.440839
126.201	0.431368
126.248	0.43067
126.295	0.436587
126.342	0.437296
126.389	0.434394
126.436	0.436487
126.483	0.437313
126.529	0.447832
126.576	0.435614
126.622	0.444521
126.669	0.435823
126.716	0.435232
126.762	0.435625
126.809	0.433486
126.856	0.433089
126.903	0.429167
126.95	0.439457
126.996	0.442892
127.043	0.436604
127.09	0.436451
127.137	0.440221
127.183	0.444731
127.23	0.437871
127.277	0.434828
127.324	0.434229
127.371	0.43428
127.418	0.437074
127.464	0.437746
127.511	0.435887
127.558	0.437786
127.605	0.435734
127.652	0.443334
127.699	0.435619
127.746	0.442039
127.793	0.439412
127.839	0.447072
127.886	0.435769
127.933	0.438501
127.98	0.436927
128.027	0.439614
128.074	0.437686
128.121	0.439386
128.168	0.438124
128.214	0.444018
128.261	0.43949
128.308	0.438431
128.355	0.435379
128.402	0.4431
128.449	0.435508
128.496	0.442935
128.543	0.443144
128.59	0.433493
128.637	0.445343
128.684	0.437592
128.731	0.438899
128.777	0.438779
128.824	0.436564
128.871	0.438833
128.918	0.436476
128.965	0.436184
129.011	0.434265
129.058	0.431473
129.106	0.430424
129.153	0.431333
129.199	0.444819
129.247	0.436629
129.294	0.439975
129.341	0.442457
129.388	0.441795
129.435	0.441126
129.481	0.444628
129.529	0.433393
129.576	0.436885
129.624	0.431995
129.67	0.440288
129.718	0.430767
129.764	0.446297
129.811	0.434872
129.859	0.439751
129.905	0.452948
129.953	0.441916
129.999	0.448582
130.047	0.439994
130.094	0.44283
130.141	0.444973
130.188	0.43972
130.235	0.444484
130.282	0.43923
130.329	0.446532
130.376	0.444433
130.423	0.445724
130.47	0.448551
130.517	0.450658
130.564	0.448668
130.611	0.453263
130.658	0.447991
130.705	0.445601
130.752	0.439296
130.799	0.439297
130.846	0.444314
130.893	0.439514
130.94	0.442734
130.987	0.443979
131.035	0.442014
131.081	0.450788
131.129	0.442578
131.176	0.450842
131.224	0.445483
131.27	0.453591
131.317	0.45297
131.364	0.443506
131.412	0.437612
131.459	0.441549
131.506	0.447077
131.553	0.440035
131.6	0.446499
131.648	0.438475
131.695	0.443703
131.742	0.44879
131.789	0.448347
131.835	0.451295
131.883	0.440429
131.93	0.448727
131.977	0.448178
132.023	0.45507
132.072	0.436956
132.119	0.447119
132.166	0.450218
132.214	0.441011
132.261	0.453878
132.308	0.448869
132.355	0.449137
132.402	0.452239
132.449	0.449853
132.497	0.445387
132.543	0.449938
132.591	0.440165
132.639	0.43848
132.686	0.44964
132.733	0.442605
132.78	0.448537
132.827	0.446245
132.874	0.449312
132.922	0.442477
132.969	0.452276
133.017	0.446504
133.064	0.448737
133.111	0.456203
133.158	0.446822
133.205	0.450681
133.253	0.447964
133.3	0.449866
133.347	0.450883
133.394	0.449762
133.441	0.452686
133.488	0.452628
133.536	0.446319
133.584	0.446362
133.631	0.447969
133.679	0.44541
133.726	0.455709
133.773	0.454519
133.82	0.454882
133.867	0.453625
133.914	0.453669
133.961	0.453305
134.009	0.446573
134.056	0.454969
134.104	0.450031
134.151	0.456006
134.198	0.452034
134.246	0.451223
134.293	0.452939
134.34	0.451943
134.388	0.443885
134.435	0.453147
134.482	0.456519
134.529	0.453809
134.577	0.453761
134.624	0.462138
134.671	0.456907
134.718	0.459208
134.766	0.451253
134.814	0.454637
134.86	0.461059
134.908	0.449491
134.956	0.45299
135.003	0.45523
135.05	0.459134
135.097	0.454109
135.144	0.457722
135.192	0.459668
135.239	0.459863
135.287	0.459346
135.334	0.460855
135.381	0.464029
135.429	0.452356
135.476	0.458676
135.524	0.451216
135.571	0.460487
135.618	0.456837
135.667	0.447619
135.714	0.459034
135.761	0.462466
135.809	0.457152
135.857	0.459799
135.904	0.463444
135.951	0.463176
135.999	0.460595
136.046	0.459349
136.093	0.458764
136.141	0.455098
136.189	0.455344
136.236	0.45718
136.284	0.458423
136.331	0.465247
136.378	0.462196
136.426	0.461923
136.473	0.470581
136.521	0.462753
136.568	0.467664
136.615	0.466454
136.663	0.46093
136.711	0.462306
136.758	0.459582
136.806	0.459544
136.853	0.463072
136.9	0.463586
136.948	0.466948
136.996	0.460353
137.043	0.471272
137.091	0.466706
137.138	0.471602
137.185	0.469288
137.233	0.471655
137.28	0.466873
137.327	0.468092
137.375	0.461249
137.422	0.465121
137.469	0.469045
137.517	0.463275
137.565	0.459044
137.612	0.474538
137.659	0.465406
137.707	0.467787
137.755	0.468654
137.802	0.474255
137.85	0.460516
137.897	0.471267
137.944	0.465928
137.992	0.46289
138.039	0.468292
138.087	0.466311
138.134	0.466449
138.181	0.473013
138.229	0.466665
138.276	0.473349
138.325	0.462474
138.372	0.478922
138.42	0.466622
138.467	0.472117
138.515	0.459263
138.562	0.467634
138.61	0.461468
138.657	0.461292
138.706	0.45952
138.752	0.47219
138.801	0.460717
138.848	0.468658
138.895	0.475471
138.943	0.465912
138.991	0.459057
139.038	0.477671
139.086	0.461286
139.133	0.472609
139.181	0.454769
139.229	0.470779
139.276	0.469171
139.324	0.468095
139.372	0.463297
139.419	0.472722
139.467	0.469382
139.514	0.474759
139.561	0.469631
139.609	0.465331
139.656	0.46866
139.704	0.46426
139.753	0.466617
139.8	0.475886
139.848	0.46976
139.895	0.474769
139.943	0.474496
139.991	0.463131
140.038	0.47751
140.086	0.467896
140.134	0.470096
140.181	0.467546
140.229	0.465989
140.277	0.466207
140.324	0.470922
140.372	0.47401
140.419	0.47862
140.467	0.478956
140.515	0.471015
140.563	0.472669
140.61	0.474626
140.658	0.467172
140.706	0.470949
140.753	0.473913
140.802	0.461436
140.849	0.47183
140.896	0.472326
140.944	0.478117
140.992	0.471518
141.04	0.479267
141.088	0.47713
141.135	0.481093
141.182	0.484314
141.23	0.475141
141.279	0.474581
141.326	0.476624
141.374	0.476401
141.422	0.473103
141.469	0.472063
141.517	0.475302
141.565	0.472191
141.613	0.478566
141.66	0.481935
141.708	0.479903
141.756	0.481328
141.804	0.47813
141.852	0.479115
141.899	0.486634
141.948	0.47702
141.995	0.476986
142.043	0.478637
142.09	0.479253
142.138	0.473465
142.186	0.476588
142.234	0.485569
142.282	0.477607
142.329	0.492624
142.377	0.47844
142.425	0.481402
142.473	0.484115
142.521	0.477578
142.569	0.477842
142.616	0.48272
142.663	0.474614
142.711	0.472247
142.759	0.476605
142.807	0.474612
142.855	0.482224
142.903	0.4777
142.95	0.484722
142.998	0.484219
143.045	0.492702
143.093	0.480827
143.141	0.483128
143.189	0.482515
143.237	0.482489
143.285	0.478263
143.332	0.486001
143.38	0.478199
143.428	0.478089
143.475	0.488391
143.523	0.484949
143.57	0.486519
143.619	0.476684
143.666	0.490494
143.714	0.492699
143.762	0.481333
143.81	0.482701
143.858	0.487855
143.905	0.484173
143.953	0.480595
144.001	0.481304
144.049	0.479462
144.097	0.480057
144.145	0.487875
144.192	0.494256
144.24	0.485538
144.287	0.49387
144.336	0.488688
144.383	0.496304
144.431	0.496539
144.478	0.497389
144.526	0.490053
144.574	0.490735
144.622	0.490258
144.67	0.490381
144.717	0.493209
144.765	0.496541
144.813	0.495997
144.861	0.493556
144.909	0.493759
144.957	0.495142
145.004	0.502387
145.052	0.498134
145.101	0.486241
145.148	0.49755
145.196	0.482722
145.244	0.492472
145.291	0.490534
145.34	0.486572
145.387	0.496006
145.435	0.493749
145.483	0.491086
145.53	0.495817
145.578	0.494347
145.626	0.495065
145.674	0.49343
145.722	0.493171
145.769	0.48743
145.818	0.481435
145.866	0.488685
145.913	0.490489
145.961	0.489548
146.009	0.495657
146.057	0.487196
146.104	0.494896
146.152	0.49157
146.2	0.492278
146.248	0.496788
146.296	0.491296
146.344	0.487767
146.392	0.488973
146.44	0.47975
146.488	0.490944
146.535	0.497613
146.583	0.489599
146.63	0.493588
146.678	0.498757
146.727	0.485169
146.774	0.505614
146.821	0.504605
146.87	0.495563
146.918	0.492018
146.966	0.499031
147.013	0.499343
147.061	0.493664
147.109	0.487868
147.157	0.495328
147.206	0.487683
147.253	0.498962
147.3	0.502778
147.348	0.50101
147.396	0.503938
147.444	0.49647
147.492	0.499541
147.54	0.50438
147.588	0.499613
147.636	0.493405
147.684	0.493382
147.732	0.494313
147.779	0.497645
147.827	0.497082
147.876	0.485681
147.923	0.496837
147.972	0.497725
148.019	0.502546
148.067	0.50232
148.115	0.506615
148.163	0.496631
148.211	0.507797
148.259	0.495178
148.307	0.498982
148.355	0.493353
148.403	0.491533
148.45	0.503912
148.498	0.49418
148.547	0.496377
148.594	0.50922
148.642	0.4987
148.691	0.499825
148.738	0.509013
148.785	0.509589
148.834	0.496601
148.882	0.500163
148.93	0.4929
148.977	0.50632
149.026	0.491171
149.073	0.502672
149.121	0.494468
149.169	0.500817
149.217	0.498094
149.265	0.505734
149.313	0.501182
149.361	0.496899
149.409	0.501226
149.457	0.504617
149.505	0.501839
149.553	0.502376
149.601	0.498342
149.649	0.507357
149.697	0.500473
149.745	0.502638
149.793	0.507662
149.841	0.506587
149.889	0.506777
149.937	0.505155
149.985	0.510188
150.033	0.513616
150.081	0.508893
150.128	0.514662
150.176	0.506805
150.225	0.498989
150.272	0.504917
150.32	0.505252
150.368	0.502267
150.417	0.495457
150.464	0.508775
150.512	0.50402
150.56	0.499823
150.608	0.507256
150.656	0.5063
150.704	0.510777
150.752	0.506692
150.8	0.504556
150.848	0.507761
150.896	0.501129
150.945	0.499751
150.992	0.502698
151.04	0.501911
151.088	0.507468
151.136	0.505068
151.184	0.508053
151.232	0.503699
151.28	0.513897
151.328	0.50816
151.376	0.511884
151.424	0.508888
151.472	0.514085
151.519	0.519965
151.567	0.504599
151.615	0.510447
151.663	0.508052
151.711	0.502331
151.76	0.506105
151.807	0.523599
151.854	0.519226
151.902	0.516464
151.95	0.513113
151.998	0.516423
152.046	0.513751
152.094	0.518502
152.141	0.523019
152.189	0.513223
152.237	0.512874
152.285	0.510923
152.332	0.51447
152.38	0.516471
152.428	0.510569
152.476	0.516178
152.524	0.522883
152.572	0.510487
152.62	0.511834
152.668	0.521227
152.715	0.52618
152.764	0.506421
152.811	0.521807
152.858	0.512918
152.906	0.512796
152.954	0.506436
153.002	0.509621
153.05	0.509348
153.098	0.515598
153.145	0.51452
153.193	0.515637
153.241	0.513758
153.289	0.518369
153.337	0.515669
153.384	0.518677
153.432	0.515771
153.48	0.515602
153.528	0.511064
153.576	0.512868
153.623	0.518415
153.671	0.516062
153.719	0.517043
153.767	0.520605
153.815	0.513064
153.863	0.522922
153.91	0.518726
153.958	0.519095
154.007	0.508791
154.055	0.514112
154.103	0.506589
154.15	0.518245
154.198	0.514169
154.246	0.510737
154.294	0.513889
154.342	0.519231
154.39	0.517962
154.438	0.512611
154.485	0.531019
154.534	0.514569
154.581	0.520216
154.629	0.519447
154.677	0.515863
154.726	0.508899
154.774	0.507041
154.821	0.522033
154.869	0.515093
154.917	0.525257
154.965	0.516429
155.013	0.521111
155.062	0.514623
155.11	0.518949
155.158	0.522919
155.205	0.528355
155.253	0.517061
155.301	0.521586
155.349	0.512162
155.397	0.520422
155.445	0.52132
155.494	0.517434
155.541	0.52762
155.589	0.531687
155.638	0.521898
155.686	0.529419
155.734	0.521924
155.781	0.531435
155.83	0.52349
155.878	0.525819
155.926	0.521691
155.974	0.520985
156.022	0.515933
156.07	0.534052
156.118	0.536722
156.166	0.534127
156.214	0.534797
156.262	0.537132
156.31	0.52913
156.358	0.531984
156.406	0.530098
156.454	0.530214
156.502	0.526783
156.55	0.528673
156.599	0.511115
156.646	0.528472
156.694	0.522106
156.742	0.531186
156.79	0.530503
156.839	0.533168
156.887	0.53952
156.934	0.544419
156.983	0.5331
157.03	0.539775
157.079	0.526576
157.127	0.532494
157.175	0.534858
157.223	0.530722
157.271	0.528231
157.318	0.529619
157.367	0.527392
157.415	0.532712
157.463	0.536829
157.511	0.53359
157.559	0.53607
157.607	0.530929
157.655	0.531658
157.703	0.530544
157.751	0.531372
157.799	0.52785
157.847	0.521802
157.895	0.527694
157.944	0.525942
157.991	0.537803
158.039	0.536616
158.087	0.536077
158.136	0.534582
158.184	0.538493
158.232	0.535505
158.28	0.541251
158.328	0.534424
158.375	0.534921
158.424	0.522156
158.472	0.527932
158.52	0.523458
158.568	0.530061
158.615	0.537449
158.664	0.535928
158.712	0.535082
158.76	0.535474
158.808	0.543448
158.856	0.537768
158.904	0.545041
158.953	0.530895
159.001	0.538511
159.048	0.538185
159.096	0.532737
159.144	0.53612
159.193	0.528931
159.241	0.538242
159.289	0.532746
159.337	0.542199
159.385	0.533074
159.433	0.538695
159.481	0.542636
159.529	0.538629
159.577	0.538812
159.626	0.536118
159.675	0.525244
159.722	0.539487
159.77	0.532387
159.818	0.533922
159.866	0.535367
159.915	0.527526
159.963	0.54111
160.011	0.54301
160.059	0.535905
160.107	0.552853
160.155	0.536959
160.204	0.543068
160.252	0.546478
160.299	0.548696
160.348	0.537643
160.396	0.535264
160.444	0.544866
160.492	0.53816
160.54	0.542197
160.588	0.549943
160.636	0.546449
160.684	0.547176
160.732	0.549059
160.78	0.547303
160.828	0.54928
160.876	0.553179
160.924	0.548404
160.972	0.54421
161.02	0.546792
161.068	0.538557
161.115	0.554072
161.164	0.542176
161.212	0.549923
161.26	0.549865
161.308	0.550438
161.356	0.554375
161.404	0.554493
161.451	0.554132
161.499	0.557772
161.547	0.549644
161.595	0.540946
161.643	0.546984
161.691	0.541103
161.739	0.542197
161.787	0.546626
161.835	0.549777
161.882	0.556674
161.93	0.547686
161.978	0.546089
162.026	0.558616
162.074	0.55172
162.122	0.548615
162.17	0.55243
162.218	0.546768
162.266	0.546267
162.314	0.550192
162.362	0.545737
162.41	0.548664
162.458	0.553417
162.506	0.547551
162.554	0.554028
162.601	0.556515
162.649	0.559957
162.697	0.552673
162.745	0.559147
162.793	0.552739
162.841	0.544432
162.889	0.540775
162.937	0.544066
162.985	0.551135
163.033	0.54531
163.081	0.548205
163.13	0.549684
163.178	0.550793
163.226	0.550294
163.274	0.550341
163.322	0.547254
163.37	0.552992
163.418	0.554084
163.466	0.550323
163.514	0.546352
163.563	0.544565
163.611	0.54868
163.659	0.545463
163.707	0.550963
163.755	0.545501
163.803	0.552711
163.851	0.552094
163.9	0.541209
163.948	0.558703
163.995	0.553954
164.044	0.551439
164.091	0.562261
164.14	0.547267
164.188	0.56053
164.236	0.546132
164.285	0.547222
164.333	0.5581
164.381	0.559576
164.429	0.554855
164.477	0.554433
164.525	0.560063
164.573	0.563043
164.62	0.56368
164.669	0.556347
164.717	0.555563
164.765	0.571399
164.813	0.558418
164.861	0.560804
164.909	0.551386
164.957	0.55894
165.005	0.563058
165.053	0.553779
165.101	0.560962
165.149	0.570515
165.197	0.564345
165.245	0.555139
165.293	0.572315
165.341	0.569745
165.389	0.569319
165.436	0.568812
165.484	0.566488
165.532	0.566025
165.58	0.568185
165.628	0.563904
165.677	0.553891
165.723	0.581528
165.771	0.565446
165.819	0.56845
165.867	0.567628
165.915	0.564676
165.963	0.572213
166.01	0.574082
166.059	0.564842
166.106	0.571846
166.154	0.563845
166.202	0.560808
166.25	0.571241
166.297	0.564951
166.346	0.561399
166.393	0.570358
166.441	0.56547
166.489	0.569434
166.537	0.571519
166.585	0.566103
166.632	0.573162
166.68	0.566804
166.728	0.562549
166.776	0.564339
166.824	0.565151
166.872	0.563981
166.92	0.568892
166.968	0.565884
167.015	0.569161
167.064	0.564065
167.111	0.575434
167.159	0.566173
167.207	0.569451
167.255	0.573591
167.302	0.570194
167.351	0.559874
167.399	0.557898
167.447	0.56375
167.495	0.564957
167.543	0.562938
167.591	0.566837
167.639	0.564363
167.686	0.56913
167.734	0.565822
167.782	0.56565
167.83	0.569244
167.879	0.56179
167.926	0.570667
167.975	0.560067
168.022	0.568182
168.071	0.557623
168.118	0.565203
168.167	0.55877
168.216	0.555773
168.263	0.574612
168.311	0.562366
168.359	0.573886
168.407	0.55986
168.455	0.565898
168.504	0.562835
168.552	0.562532
168.6	0.569872
168.648	0.558269
168.696	0.563875
168.744	0.563443
168.793	0.561866
168.84	0.573015
168.889	0.55955
168.937	0.562321
168.986	0.563703
169.033	0.571984
169.081	0.572941
169.13	0.561318
169.178	0.564819
169.226	0.5733
169.274	0.562505
169.322	0.568381
169.371	0.56732
169.419	0.571606
169.467	0.568949
169.516	0.56043
169.564	0.570967
169.612	0.580123
169.66	0.565516
169.708	0.571625
169.757	0.570396
169.805	0.570987
169.853	0.572377
169.902	0.563016
169.95	0.571737
169.998	0.575884
170.046	0.577193
170.094	0.574804
170.143	0.567578
170.191	0.583136
170.239	0.567609
170.288	0.575499
170.335	0.582425
170.383	0.581127
170.432	0.570226
170.48	0.57135
170.528	0.587868
170.576	0.572926
170.625	0.573909
170.673	0.583854
170.721	0.573011
170.77	0.575664
170.818	0.579203
170.866	0.579503
170.914	0.581857
170.962	0.579418
171.01	0.57235
171.059	0.577887
171.107	0.572863
171.155	0.585997
171.203	0.579317
171.251	0.575101
171.299	0.580647
171.348	0.579134
171.396	0.583128
171.443	0.587541
171.492	0.576537
171.54	0.584918
171.589	0.575666
171.636	0.588048
171.684	0.581247
171.733	0.575005
171.781	0.575448
171.829	0.583459
171.877	0.579495
171.925	0.587451
171.973	0.582386
172.021	0.580491
172.07	0.573463
172.118	0.586931
172.167	0.576642
172.214	0.586609
172.263	0.572722
172.311	0.589419
172.36	0.573474
172.407	0.585674
172.456	0.577614
172.504	0.5831
172.553	0.572955
172.602	0.575923
172.65	0.58422
172.698	0.583467
172.746	0.579771
172.794	0.580957
172.843	0.576663
172.892	0.574056
172.94	0.582012
172.988	0.579495
173.036	0.57891
173.084	0.583229
173.133	0.572955
173.181	0.585191
173.229	0.580668
173.277	0.582834
173.326	0.576303
173.374	0.586289
173.422	0.584881
173.471	0.575769
173.52	0.577327
173.568	0.578562
173.616	0.586011
173.665	0.575131
173.713	0.580799
173.761	0.582578
173.81	0.571966
173.858	0.584493
173.906	0.586609
173.955	0.58148
174.003	0.581757
174.052	0.580897
174.1	0.587678
174.148	0.585529
174.197	0.583004
174.245	0.589682
174.293	0.587017
174.342	0.581414
174.39	0.587896
174.438	0.591726
174.486	0.583117
174.535	0.584252
174.583	0.59871
174.631	0.59449
174.68	0.584027
174.728	0.601259
174.776	0.598905
174.824	0.5955
174.873	0.587342
174.921	0.596029
174.969	0.596868
175.017	0.596332
175.065	0.597549
175.113	0.591912
175.161	0.589676
175.21	0.59364
175.258	0.590222
175.305	0.609276
175.354	0.596175
175.402	0.600961
175.45	0.597135
175.498	0.592594
175.546	0.598015
175.594	0.605043
175.642	0.597494
175.691	0.588564
175.738	0.602588
175.787	0.594617
175.835	0.593636
175.883	0.601788
175.931	0.594885
175.979	0.601107
176.028	0.595342
176.075	0.608838
176.123	0.595886
176.171	0.601839
176.219	0.597449
176.267	0.604787
176.315	0.605312
176.363	0.593271
176.411	0.600118
176.459	0.594209
176.507	0.59735
176.555	0.597658
176.603	0.602868
176.651	0.609562
176.7	0.58825
176.748	0.600292
176.795	0.605714
176.844	0.589683
176.892	0.601986
176.94	0.595754
176.988	0.594616
177.036	0.591924
177.083	0.607793
177.132	0.585184
177.18	0.599595
177.228	0.59892
177.276	0.603246
177.325	0.596879
177.373	0.597384
177.421	0.603345
177.469	0.601276
177.517	0.597441
177.565	0.599979
177.613	0.599223
177.661	0.59281
177.709	0.596715
177.758	0.596895
177.806	0.599123
177.854	0.600996
177.902	0.600457
177.95	0.605961
177.998	0.609119
178.046	0.599062
178.094	0.601279
178.142	0.604001
178.191	0.593116
178.239	0.598914
178.287	0.597387
178.336	0.592695
178.384	0.598209
178.433	0.598974
178.481	0.600612
178.529	0.601214
178.578	0.600022
178.626	0.602752
178.674	0.603104
178.723	0.598215
178.771	0.600747
178.82	0.601258
178.868	0.599143
178.916	0.603549
178.964	0.595865
179.013	0.591813
179.061	0.606168
179.111	0.592336
179.158	0.609949
179.207	0.599548
179.255	0.606191
179.304	0.597411
179.353	0.597975
179.401	0.600547
179.449	0.604848
179.498	0.603682
179.546	0.598674
179.595	0.600029
179.643	0.605618
179.691	0.606341
179.739	0.611754
179.788	0.603801
179.837	0.599403
179.885	0.611331
179.934	0.605055
179.982	0.609102
180.031	0.601641
180.079	0.6085
180.128	0.603166
180.177	0.606392
180.225	0.608885
180.273	0.603427
180.322	0.605784
180.37	0.604578
180.419	0.610655
180.467	0.607704
180.516	0.61141
180.564	0.608395
180.612	0.612568
180.661	0.604537
180.709	0.61438
180.758	0.6004
180.806	0.610298
180.855	0.605432
180.904	0.602334
180.952	0.605201
181	0.610325
181.049	0.608407
181.097	0.616986
181.146	0.612181
181.194	0.612666
181.242	0.625258
181.291	0.613749
181.34	0.605881
181.388	0.616303
181.437	0.614587
181.485	0.61315
181.533	0.615376
181.582	0.60635
181.63	0.619167
181.679	0.609529
181.728	0.605895
181.776	0.620312
181.824	0.615756
181.873	0.61047
181.921	0.622342
181.97	0.611135
182.018	0.615616
182.067	0.608023
182.116	0.611112
182.164	0.613091
182.212	0.613638
182.26	0.614616
182.31	0.60578
182.359	0.608548
182.406	0.62729
182.456	0.606151
182.504	0.622809
182.552	0.625556
182.601	0.608919
182.649	0.615764
182.698	0.612638
182.747	0.609263
182.795	0.620344
182.843	0.611698
182.892	0.607986
182.941	0.614664
182.989	0.612339
183.038	0.610118
183.086	0.620102
183.135	0.619124
183.184	0.61386
183.232	0.613045
183.281	0.608527
183.329	0.61673
183.378	0.615026
183.427	0.601827
183.476	0.612541
183.524	0.611594
183.573	0.614599
183.621	0.617359
183.669	0.623689
183.718	0.611568
183.767	0.61325
183.816	0.6108
183.864	0.624174
183.913	0.616882
183.962	0.610199
184.01	0.612241
184.059	0.609725
184.108	0.612256
184.157	0.608761
184.205	0.621945
184.254	0.609495
184.302	0.62025
184.351	0.618024
184.4	0.614578
184.449	0.617396
184.497	0.622126
184.546	0.62204
184.595	0.612912
184.644	0.622697
184.692	0.615639
184.741	0.619707
184.79	0.611428
184.839	0.617631
184.887	0.621496
184.936	0.618915
184.985	0.613128
185.034	0.614771
185.083	0.618131
185.131	0.625289
185.18	0.621899
185.228	0.624747
185.277	0.622682
185.325	0.627455
185.374	0.619745
185.423	0.621232
185.471	0.626177
185.52	0.614858
185.569	0.615711
185.617	0.623538
185.665	0.623935
185.714	0.626333
185.762	0.618125
185.811	0.624367
185.859	0.631656
185.907	0.628965
185.956	0.619806
186.005	0.629663
186.053	0.632381
186.101	0.625066
186.15	0.614309
186.198	0.621782
186.247	0.612342
186.295	0.632574
186.344	0.618053
186.392	0.626336
186.44	0.626254
186.489	0.62469
186.537	0.618769
186.585	0.639002
186.634	0.622278
186.682	0.630232
186.73	0.626887
186.779	0.629491
186.827	0.623782
186.876	0.619901
186.924	0.629482
186.972	0.622196
187.021	0.625428
187.069	0.622482
187.117	0.62996
187.165	0.631586
187.214	0.620082
187.263	0.626738
187.311	0.634414
187.359	0.627752
187.407	0.633881
187.456	0.615733
187.504	0.635233
187.553	0.623881
187.601	0.622941
187.65	0.628111
187.698	0.626522
187.747	0.617836
187.795	0.638173
187.843	0.626576
187.892	0.624927
187.94	0.639614
187.989	0.616998
188.037	0.630921
188.086	0.626857
188.134	0.62552
188.182	0.630827
188.231	0.626117
188.28	0.624228
188.328	0.623011
188.377	0.62823
188.426	0.622713
188.474	0.631588
188.522	0.629134
188.571	0.625648
188.62	0.624096
188.668	0.63626
188.717	0.623155
188.765	0.628549
188.814	0.626744
188.862	0.627136
188.911	0.624769
188.959	0.630545
189.009	0.616148
189.057	0.639076
189.105	0.626352
189.154	0.62997
189.203	0.628697
189.252	0.628772
189.3	0.63314
189.349	0.624188
189.398	0.627871
189.446	0.63445
189.495	0.62586
189.543	0.627084
189.592	0.628242
189.64	0.636736
189.689	0.622548
189.738	0.637677
189.787	0.623958
189.836	0.635368
189.884	0.636928
189.932	0.636463
189.982	0.617672
190.03	0.642544
190.079	0.624009
190.128	0.625463
190.177	0.624688
190.225	0.640655
190.274	0.633502
190.322	0.639676
190.371	0.627361
190.42	0.638338
190.468	0.637836
190.517	0.636061
190.566	0.630858
190.615	0.634477
190.664	0.632426
190.713	0.622224
190.761	0.638264
190.81	0.635694
190.859	0.624889
190.908	0.634037
190.957	0.629612
191.005	0.637043
191.054	0.643663
191.103	0.625921
191.152	0.637495
191.201	0.634297
191.249	0.64405
191.298	0.629714
191.347	0.630682
191.395	0.637014
191.444	0.630053
191.493	0.634422
191.542	0.640309
191.59	0.639768
191.639	0.632784
191.688	0.63547
191.737	0.638923
191.785	0.64553
191.835	0.629888
191.884	0.633285
191.932	0.64497
191.981	0.635356
192.03	0.635037
192.079	0.635973
192.128	0.639118
192.176	0.63721
192.225	0.639844
192.274	0.638469
192.323	0.634246
192.372	0.642417
192.421	0.638121
192.469	0.647245
192.518	0.630443
192.567	0.642476
192.617	0.627493
192.665	0.646124
192.714	0.638076
192.763	0.641465
192.812	0.642727
192.86	0.643275
192.909	0.640066
192.958	0.643642
193.007	0.639161
193.056	0.639337
193.105	0.645596
193.154	0.643051
193.202	0.64208
193.251	0.639902
193.3	0.638525
193.349	0.639528
193.398	0.647549
193.447	0.636171
193.496	0.645414
193.545	0.639104
193.594	0.647888
193.643	0.641707
193.691	0.64872
193.74	0.643181
193.789	0.651259
193.837	0.644793
193.886	0.647345
193.935	0.637872
193.984	0.647609
194.033	0.645818
194.082	0.643682
194.131	0.634781
194.179	0.659921
194.229	0.640566
194.277	0.652433
194.325	0.655299
194.374	0.649207
194.423	0.648605
194.472	0.646783
194.52	0.664746
194.569	0.652093
194.618	0.64486
194.667	0.659982
194.715	0.651205
194.764	0.651338
194.813	0.648883
194.862	0.649257
194.91	0.656995
194.959	0.649062
195.007	0.656153
195.056	0.649323
195.104	0.659825
195.153	0.650171
195.202	0.660652
195.25	0.659036
195.299	0.652281
195.347	0.658843
195.396	0.654235
195.444	0.652988
195.493	0.653829
195.542	0.652035
195.59	0.659979
195.639	0.656882
195.687	0.659946
195.735	0.657707
195.784	0.662969
195.833	0.654597
195.881	0.662555
195.93	0.652007
195.978	0.664467
196.027	0.649162
196.075	0.666566
196.124	0.652818
196.173	0.651102
196.221	0.65771
196.269	0.666268
196.318	0.65886
196.367	0.648917
196.415	0.668074
196.463	0.654462
196.512	0.656427
196.56	0.663333
196.609	0.655825
196.657	0.658695
196.706	0.650611
196.755	0.65676
196.804	0.64921
196.852	0.661928
196.901	0.65006
196.949	0.659145
196.998	0.648366
197.047	0.651866
197.096	0.660164
197.144	0.660688
197.193	0.657907
197.242	0.653384
197.29	0.657012
197.339	0.655493
197.387	0.654339
197.436	0.650159
197.486	0.646834
197.534	0.652094
197.583	0.658333
197.632	0.652289
197.681	0.653604
197.729	0.66199
197.778	0.657358
197.827	0.64995
197.875	0.657795
197.924	0.650752
197.973	0.652585
198.021	0.652645
198.07	0.655364
198.119	0.648774
198.167	0.654305
198.217	0.646863
198.266	0.645219
198.314	0.662647
198.364	0.649558
198.412	0.663619
198.461	0.662509
198.508	0.670675
198.558	0.643074
198.606	0.664107
198.656	0.644838
198.705	0.64337
198.754	0.659387
198.803	0.658048
198.851	0.662151
198.899	0.668603
198.949	0.64977
198.997	0.667266
199.046	0.659531
199.096	0.655081
199.144	0.666945
199.193	0.655695
199.242	0.654185
199.291	0.65558
199.34	0.657334
199.388	0.655175
199.437	0.658005
199.486	0.654626
199.535	0.654939
199.584	0.656134
199.633	0.667769
199.681	0.660775
199.73	0.661031
199.779	0.662586
199.828	0.665431
199.877	0.662456
199.926	0.659373
199.976	0.647206
200.023	0.674134
200.073	0.650013
200.122	0.658001
200.17	0.670359
200.219	0.665925
200.268	0.663407
200.317	0.661164
200.365	0.669927
200.414	0.66594
200.463	0.661356
200.512	0.667181
200.561	0.668481
200.609	0.67259
200.659	0.659152
200.707	0.667376
200.756	0.657638
200.805	0.67509
200.854	0.665036
200.903	0.664397
200.951	0.673186
200.999	0.678128
201.048	0.670143
201.098	0.66318
201.146	0.672094
201.195	0.670914
201.244	0.675928
201.292	0.678907
201.341	0.665246
201.39	0.671202
201.438	0.671636
201.486	0.676331
201.536	0.657376
201.584	0.684326
201.633	0.664028
201.682	0.662665
201.731	0.674497
201.78	0.672216
201.828	0.675416
201.877	0.665149
201.926	0.665959
201.975	0.678858
202.023	0.668466
202.072	0.665601
202.12	0.678142
202.169	0.668529
202.219	0.662203
202.267	0.673648
202.316	0.670546
202.365	0.669684
202.413	0.679519
202.462	0.670803
202.511	0.666336
202.559	0.676894
202.608	0.664358
202.657	0.670187
202.705	0.667887
202.755	0.65924
202.803	0.668744
202.852	0.667295
202.901	0.670429
202.95	0.666452
202.998	0.675497
203.047	0.669078
203.096	0.667178
203.144	0.670278
203.194	0.659342
203.242	0.67366
203.291	0.66335
203.34	0.661193
203.389	0.659241
203.438	0.663789
203.487	0.664997
203.536	0.662806
203.584	0.668677
203.633	0.663757
203.682	0.661241
203.731	0.664732
203.781	0.657474
203.829	0.668123
203.879	0.661083
203.927	0.672681
203.976	0.666588
204.025	0.662504
204.074	0.664308
204.122	0.670987
204.171	0.668762
204.22	0.669858
204.27	0.659239
204.319	0.678281
204.368	0.666681
204.417	0.673498
204.466	0.669666
204.514	0.676055
204.564	0.659477
204.613	0.669438
204.662	0.665846
204.71	0.673041
204.759	0.668865
204.809	0.665562
204.857	0.674168
204.906	0.66695
204.955	0.677995
205.004	0.666877
205.053	0.675935
205.102	0.677623
205.151	0.668535
205.2	0.672772
205.249	0.668388
205.298	0.664761
205.347	0.673116
205.396	0.667929
205.445	0.666713
205.494	0.671479
205.543	0.672677
205.592	0.673679
205.641	0.670225
205.69	0.675992
205.739	0.668969
205.788	0.67918
205.837	0.669399
205.886	0.669718
205.935	0.67564
205.983	0.673258
206.033	0.665114
206.082	0.675639
206.131	0.6694
206.18	0.672581
206.229	0.67622
206.277	0.679275
206.327	0.666761
206.376	0.671716
206.425	0.669891
206.474	0.671749
206.524	0.668186
206.572	0.68093
206.621	0.675986
206.67	0.669712
206.719	0.674736
206.768	0.685868
206.817	0.667289
206.867	0.667699
206.916	0.67113
206.965	0.667599
207.013	0.686722
207.063	0.6679
207.112	0.675319
207.161	0.674273
207.211	0.675076
207.26	0.680385
207.309	0.680367
207.358	0.679879
207.406	0.688183
207.456	0.674542
207.506	0.678794
207.555	0.685172
207.603	0.691792
207.652	0.68509
207.702	0.676616
207.751	0.684491
207.8	0.683043
207.85	0.676332
207.898	0.693178
207.947	0.684311
207.996	0.68
208.045	0.691431
208.094	0.681556
208.143	0.680707
208.193	0.677411
208.242	0.681324
208.291	0.692279
208.34	0.686068
208.389	0.67754
208.438	0.691072
208.486	0.687548
208.537	0.671912
208.585	0.693309
208.634	0.686699
208.683	0.69591
208.732	0.691266
208.781	0.681297
208.83	0.697031
208.879	0.688621
208.929	0.688376
208.977	0.696904
209.026	0.691083
209.075	0.6924
209.124	0.688882
209.173	0.681889
209.222	0.696997
209.271	0.681251
209.321	0.68499
209.369	0.696006
209.418	0.698099
209.467	0.692297
209.515	0.700307
209.564	0.702518
209.614	0.678686
209.663	0.700536
209.712	0.692
209.761	0.691599
209.809	0.698312
209.859	0.67945
209.908	0.693994
209.956	0.701986
210.005	0.689358
210.055	0.680414
210.103	0.694665
210.152	0.702934
210.201	0.69001
210.25	0.698844
210.299	0.695125
210.347	0.706001
210.396	0.688096
210.445	0.70604
210.494	0.690732
210.542	0.697192
210.592	0.678989
210.64	0.70487
210.689	0.689129
210.738	0.696136
210.787	0.687587
210.836	0.696799
210.885	0.688171
210.934	0.695489
210.982	0.703476
211.031	0.697311
211.081	0.68768
211.129	0.706979
211.178	0.684414
211.227	0.703196
211.275	0.696437
211.325	0.693825
211.374	0.69171
211.422	0.710268
211.471	0.695718
211.52	0.702668
211.569	0.692266
211.618	0.711015
211.667	0.697081
211.716	0.699326
211.765	0.704874
211.814	0.702224
211.863	0.700203
211.911	0.70499
211.96	0.69945
212.009	0.699847
212.058	0.695872
212.107	0.697321
212.157	0.68329
212.205	0.707431
212.254	0.698768
212.303	0.697359
212.352	0.693139
212.401	0.694323
212.45	0.696002
212.499	0.692259
212.548	0.700279
212.596	0.702009
212.645	0.690549
212.695	0.680767
212.744	0.701483
212.792	0.698164
212.842	0.688253
212.891	0.687404
212.94	0.699128
212.989	0.685883
213.038	0.696786
213.087	0.680483
213.136	0.693252
213.185	0.689066
213.235	0.679872
213.284	0.691739
213.333	0.683806
213.381	0.698753
213.431	0.688713
213.48	0.68913
213.529	0.687145
213.578	0.69453
213.627	0.6947
213.676	0.688886
213.725	0.684223
213.775	0.682605
213.824	0.685489
213.873	0.702383
213.922	0.690373
213.972	0.684844
214.02	0.697211
214.069	0.697379
214.118	0.693818
214.167	0.698902
214.217	0.689581
214.266	0.695145
214.316	0.688626
214.364	0.699688
214.414	0.692298
214.463	0.689947
214.512	0.690071
214.561	0.692974
214.61	0.691842
214.659	0.698404
214.709	0.686871
214.758	0.686429
214.807	0.694832
214.856	0.6992
214.905	0.693173
214.955	0.696414
215.004	0.697997
215.053	0.693524
215.102	0.69936
215.151	0.69736
215.2	0.699263
215.25	0.693076
215.299	0.697906
215.348	0.699759
215.397	0.698342
215.446	0.703488
215.496	0.700201
215.545	0.6959
215.594	0.705662
215.643	0.714768
215.692	0.697154
215.741	0.702408
215.791	0.700085
215.84	0.702379
215.889	0.704151
215.938	0.708112
215.988	0.692366
216.037	0.705433
216.086	0.704605
216.135	0.706996
216.184	0.704937
216.233	0.697639
216.282	0.706818
216.332	0.701206
216.381	0.699496
216.43	0.7059
216.48	0.697167
216.529	0.710556
216.578	0.705499
216.628	0.700191
216.677	0.708682
216.725	0.71008
216.775	0.697166
216.824	0.714251
216.873	0.710224
216.922	0.704492
216.972	0.708271
217.021	0.700984
217.07	0.709111
217.119	0.712989
217.169	0.707349
217.218	0.701938
217.268	0.70499
217.317	0.720112
217.366	0.708821
217.415	0.716924
217.464	0.701141
217.513	0.71027
217.563	0.702403
217.612	0.713078
217.661	0.707827
217.711	0.704216
217.76	0.702116
217.809	0.711453
217.858	0.713642
217.908	0.709007
217.957	0.71357
218.006	0.710126
218.055	0.718703
218.105	0.708564
218.154	0.711219
218.203	0.715508
218.252	0.710731
218.301	0.712555
218.35	0.707611
218.4	0.705353
218.448	0.711215
218.498	0.702271
218.547	0.709664
218.596	0.714408
218.645	0.711174
218.695	0.706238
218.743	0.716897
218.792	0.712669
218.842	0.704034
218.89	0.710656
218.939	0.71387
218.988	0.701349
219.038	0.704352
219.086	0.710694
219.135	0.701203
219.184	0.707608
219.233	0.707089
219.282	0.702728
219.331	0.708673
219.38	0.716337
219.429	0.702296
219.478	0.719792
219.528	0.695686
219.577	0.713199
219.626	0.706667
219.675	0.715721
219.723	0.717298
219.773	0.709325
219.822	0.711445
219.871	0.717499
219.92	0.717381
219.969	0.721058
220.017	0.732922
220.067	0.71118
220.116	0.724346
220.164	0.728478
220.213	0.725037
220.262	0.72827
220.311	0.722664
220.361	0.718255
220.409	0.733976
220.459	0.711268
220.507	0.728299
220.556	0.721134
220.606	0.714657
220.655	0.723989
220.704	0.722028
220.753	0.724971
220.801	0.727295
220.85	0.718172
220.9	0.712882
220.949	0.721432
220.998	0.716549
221.047	0.709418
221.095	0.729492
221.144	0.719353
221.193	0.718962
221.243	0.716251
221.292	0.723836
221.341	0.724014
221.39	0.717118
221.44	0.717091
221.489	0.724291
221.538	0.723749
221.587	0.719029
221.636	0.719929
221.685	0.714701
221.733	0.728419
221.783	0.713582
221.832	0.719565
221.881	0.713273
221.931	0.716099
221.98	0.724725
222.029	0.719666
222.078	0.724618
222.126	0.73225
222.176	0.712347
222.226	0.709358
222.275	0.716271
222.324	0.714148
222.373	0.715156
222.423	0.709241
222.471	0.719492
222.52	0.719108
222.57	0.709871
222.619	0.719055
222.668	0.716417
222.718	0.710773
222.767	0.72474
222.816	0.71842
222.865	0.721545
222.914	0.71959
222.964	0.717356
223.013	0.712936
223.062	0.718863
223.111	0.724903
223.161	0.717828
223.21	0.722683
223.259	0.720472
223.308	0.713947
223.358	0.718032
223.407	0.725331
223.456	0.719544
223.505	0.724303
223.554	0.725727
223.603	0.72547
223.652	0.714859
223.702	0.717183
223.751	0.720467
223.8	0.712922
223.85	0.719397
223.898	0.724821
223.948	0.7164
223.997	0.719583
224.046	0.716032
224.096	0.717906
224.145	0.719921
224.194	0.720067
224.243	0.712734
224.293	0.714425
224.341	0.72769
224.391	0.707868
224.44	0.711693
224.49	0.718722
224.539	0.715185
224.587	0.739391
224.637	0.712084
224.686	0.725936
224.735	0.727855
224.784	0.714286
224.834	0.725311
224.882	0.733815
224.932	0.720776
224.981	0.720153
225.03	0.725881
225.079	0.720462
225.128	0.729997
225.177	0.715079
225.227	0.724415
225.275	0.735844
225.324	0.732752
225.373	0.726359
225.422	0.735815
225.472	0.725038
225.521	0.73284
225.57	0.729856
225.619	0.731814
225.669	0.724056
225.717	0.739848
225.766	0.734385
225.815	0.734655
225.865	0.729203
225.915	0.728417
225.963	0.750848
226.012	0.75109
226.061	0.744662
226.11	0.743181
226.159	0.730433
226.208	0.745565
226.258	0.731957
226.306	0.750999
226.355	0.73202
226.405	0.735313
226.454	0.736448
226.503	0.742685
226.552	0.739983
226.602	0.727755
226.651	0.738768
226.7	0.740368
226.748	0.748227
226.798	0.729539
226.847	0.749947
226.896	0.73551
226.945	0.744129
226.994	0.729833
227.043	0.738832
227.093	0.731698
227.142	0.743951
227.19	0.744626
227.24	0.739236
227.289	0.738632
227.338	0.730643
227.387	0.748579
227.437	0.728833
227.485	0.75751
227.534	0.736533
227.584	0.738325
227.633	0.73958
227.682	0.733437
227.731	0.745581
227.781	0.726083
227.829	0.753699
227.879	0.729689
227.927	0.750724
227.977	0.734557
228.026	0.745028
228.075	0.751263
228.123	0.753811
228.173	0.737608
228.222	0.743083
228.271	0.754138
228.32	0.74276
228.37	0.745571
228.418	0.756692
228.467	0.749248
228.516	0.743504
228.566	0.742262
228.614	0.757346
228.663	0.755792
228.712	0.746173
228.761	0.751966
228.81	0.752851
228.859	0.750743
228.908	0.742624
228.957	0.746326
229.006	0.757651
229.056	0.721463
229.105	0.754861
229.154	0.749545
229.203	0.749356
229.251	0.752613
229.301	0.74568
229.35	0.749509
229.4	0.737043
229.449	0.749356
229.498	0.752412
229.546	0.763699
229.595	0.738845
229.644	0.745087
229.694	0.736557
229.742	0.748175
229.791	0.744359
229.841	0.738771
229.89	0.746154
229.939	0.745073
229.988	0.742696
230.037	0.745964
230.086	0.746017
230.135	0.734877
230.185	0.742921
230.233	0.745735
230.282	0.750908
230.332	0.727383
230.381	0.731449
230.43	0.743482
230.479	0.745613
230.528	0.737334
230.577	0.744695
230.626	0.7534
230.675	0.745398
230.725	0.745901
230.774	0.753181
230.822	0.75655
230.871	0.758044
230.921	0.73943
230.971	0.738996
231.019	0.763489
231.068	0.739182
231.117	0.754459
231.167	0.746026
231.215	0.761989
231.265	0.750757
231.314	0.760878
231.363	0.75946
231.413	0.743906
231.462	0.757859
231.511	0.759494
231.56	0.755204
231.608	0.767037
231.657	0.764091
231.707	0.735165
231.756	0.7614
231.806	0.747196
231.854	0.763132
231.903	0.753244
231.953	0.758256
232.001	0.761632
232.051	0.75487
232.1	0.757491
232.149	0.746305
232.198	0.763153
232.248	0.737404
232.297	0.75795
232.345	0.762118
232.394	0.752812
232.444	0.74058
232.492	0.766074
232.542	0.744536
232.591	0.751607
232.641	0.753835
232.689	0.759796
232.739	0.754239
232.788	0.75078
232.837	0.754967
232.886	0.751783
232.935	0.750279
232.984	0.750998
233.034	0.747629
233.083	0.752584
233.132	0.760624
233.181	0.749224
233.23	0.754551
233.279	0.752574
233.329	0.753607
233.378	0.749444
233.427	0.752277
233.476	0.762176
233.525	0.743715
233.574	0.756259
233.624	0.743784
233.673	0.747852
233.722	0.758787
233.771	0.75557
233.821	0.743006
233.87	0.758584
233.919	0.758031
233.968	0.756649
234.017	0.753951
234.066	0.754005
234.115	0.754938
234.164	0.759134
234.214	0.743714
234.263	0.754194
234.312	0.74787
234.361	0.751529
234.41	0.753103
234.46	0.74101
234.509	0.756931
234.558	0.755892
234.607	0.753434
234.656	0.753241
234.706	0.742665
234.755	0.753162
234.803	0.759918
234.853	0.74104
234.903	0.742217
234.952	0.763439
235.001	0.752039
235.05	0.74807
235.1	0.747193
235.149	0.768201
235.198	0.752934
235.247	0.759677
235.297	0.753537
235.346	0.752217
235.397	0.739194
235.445	0.762006
235.495	0.753285
235.544	0.757233
235.593	0.756972
235.643	0.753593
235.692	0.750416
235.742	0.751421
235.791	0.764979
235.84	0.763013
235.889	0.754634
235.939	0.748252
235.988	0.767306
236.037	0.762407
236.086	0.760643
236.136	0.758591
236.185	0.765908
236.234	0.758663
236.284	0.751224
236.333	0.764586
236.383	0.757671
236.431	0.766074
236.482	0.745113
236.53	0.76971
236.58	0.75399
236.629	0.762476
236.678	0.761759
236.727	0.760743
236.776	0.753983
236.826	0.755819
236.875	0.759515
236.924	0.758496
236.974	0.751597
237.022	0.7653
237.072	0.755799
237.121	0.762279
237.17	0.754478
237.22	0.7581
237.269	0.756481
237.318	0.77152
237.368	0.764498
237.417	0.759068
237.466	0.764735
237.515	0.762724
237.565	0.758328
237.614	0.766105
237.663	0.767537
237.712	0.765042
237.761	0.764639
237.811	0.757674
237.86	0.773129
237.91	0.762235
237.959	0.768566
238.008	0.767342
238.058	0.75391
238.107	0.765029
238.157	0.767674
238.206	0.770839
238.255	0.767541
238.305	0.760159
238.353	0.781578
238.403	0.765052
238.452	0.777714
238.502	0.762654
238.551	0.776548
238.6	0.768442
238.65	0.765737
238.699	0.786108
238.748	0.7815
238.797	0.768931
238.848	0.758233
238.896	0.77967
238.946	0.768255
238.995	0.770998
239.044	0.769951
239.093	0.777477
239.142	0.771599
239.191	0.782318
239.241	0.760371
239.29	0.774415
239.34	0.771938
239.389	0.775623
239.438	0.773956
239.486	0.786155
239.536	0.77265
239.585	0.762917
239.635	0.7688
239.684	0.760412
239.734	0.77081
239.783	0.769991
239.832	0.773804
239.881	0.77397
239.93	0.775483
239.979	0.776546
240.027	0.778718
240.077	0.762489
240.126	0.787376
240.176	0.756893
240.225	0.777401
240.274	0.763444
240.323	0.776925
240.372	0.761569
240.421	0.781594
240.47	0.760884
240.52	0.769814
240.568	0.777649
240.618	0.764434
240.666	0.779831
240.717	0.759889
240.765	0.781225
240.814	0.775628
240.863	0.774977
240.913	0.767925
240.962	0.774445
241.011	0.7718
241.06	0.768413
241.109	0.767996
241.158	0.786963
241.207	0.771992
241.256	0.770438
241.305	0.778254
241.355	0.7662
241.403	0.779842
241.453	0.767913
241.503	0.765139
241.551	0.781342
241.6	0.775326
241.649	0.782713
241.699	0.751245
241.748	0.770092
241.798	0.765656
241.846	0.780178
241.896	0.764184
241.944	0.784815
241.994	0.772662
242.044	0.757964
242.093	0.772887
242.142	0.770384
242.191	0.77942
242.241	0.772458
242.289	0.781352
242.339	0.77086
242.388	0.779941
242.437	0.770286
242.487	0.771054
242.536	0.773275
242.585	0.779285
242.635	0.774555
242.683	0.786976
242.733	0.772309
242.782	0.791323
242.831	0.76967
242.881	0.77978
242.93	0.778404
242.979	0.775965
243.028	0.786356
243.077	0.772891
243.127	0.767956
243.176	0.778402
243.225	0.785358
243.274	0.772916
243.324	0.780832
243.373	0.771475
243.422	0.78728
243.471	0.784239
243.52	0.771089
243.57	0.777236
243.618	0.781316
243.668	0.764562
243.718	0.772826
243.766	0.784942
243.816	0.775153
243.865	0.777182
243.914	0.773975
243.963	0.780097
244.013	0.774465
244.062	0.785966
244.111	0.774244
244.16	0.78184
244.209	0.784979
244.259	0.782934
244.308	0.777156
244.357	0.783173
244.407	0.7738
244.456	0.786141
244.505	0.779377
244.554	0.779689
244.604	0.776741
244.653	0.779546
244.702	0.794155
244.751	0.784722
244.8	0.780022
244.85	0.781468
244.899	0.780452
244.949	0.777375
244.998	0.781945
245.047	0.795949
245.096	0.779587
245.145	0.78457
245.195	0.774814
245.245	0.783858
245.294	0.7861
245.343	0.787474
245.392	0.784475
245.442	0.780168
245.491	0.783994
245.54	0.78991
245.589	0.784886
245.638	0.78925
245.688	0.785848
245.737	0.785684
245.787	0.781085
245.836	0.779568
245.885	0.790382
245.934	0.79015
245.984	0.78095
246.033	0.776896
246.082	0.787088
246.131	0.786172
246.181	0.779173
246.23	0.787371
246.279	0.779589
246.329	0.782875
246.378	0.780311
246.427	0.788901
246.476	0.786484
246.526	0.77509
246.575	0.789963
246.624	0.794053
246.674	0.774124
246.723	0.790337
246.772	0.77975
246.822	0.780137
246.871	0.780568
246.92	0.795579
246.97	0.779734
247.018	0.79284
247.068	0.780922
247.117	0.796632
247.166	0.786633
247.215	0.786944
247.264	0.796246
247.314	0.783748
247.363	0.79292
247.412	0.786407
247.461	0.798766
247.51	0.799031
247.56	0.782854
247.609	0.794516
247.657	0.796632
247.707	0.786042
247.756	0.793798
247.805	0.790154
247.854	0.809649
247.903	0.78469
247.953	0.791214
248.002	0.788539
248.051	0.800707
248.1	0.791205
248.15	0.780603
248.199	0.80301
248.248	0.800845
248.297	0.78424
248.346	0.803025
248.395	0.781742
248.445	0.785072
248.493	0.803455
248.543	0.78285
248.592	0.801503
248.641	0.798862
248.69	0.785692
248.739	0.806611
248.788	0.795351
248.838	0.79671
248.886	0.806416
248.936	0.791053
248.985	0.794936
249.034	0.794853
249.083	0.796428
249.132	0.800201
249.182	0.795741
249.231	0.802052
249.28	0.801183
249.329	0.795997
249.379	0.79354
249.428	0.805887
249.476	0.808012
249.526	0.802275
249.575	0.791812
249.624	0.798594
249.674	0.793875
249.722	0.807079
249.772	0.787389
249.821	0.795116
249.871	0.78199
249.92	0.793109
249.969	0.80588
250.018	0.787644
250.067	0.805852
250.116	0.800342
250.166	0.789527
250.215	0.798724
250.265	0.773087
250.313	0.811564
250.363	0.790799
250.412	0.794387
250.462	0.78321
250.511	0.798299
250.56	0.804819
250.609	0.793858
250.658	0.791715
250.708	0.792378
250.757	0.800911
250.806	0.796206
250.855	0.791371
250.905	0.798489
250.954	0.798431
251.003	0.785063
251.053	0.793064
251.102	0.79788
251.151	0.791618
251.2	0.800969
251.249	0.800523
251.299	0.787908
251.348	0.81201
251.398	0.78841
251.447	0.801856
251.496	0.800074
251.546	0.79561
251.595	0.807137
251.644	0.809247
251.693	0.788619
251.742	0.812335
251.791	0.80017
251.841	0.795683
251.891	0.79619
251.939	0.811806
251.988	0.809826
252.038	0.79681
252.086	0.821693
252.136	0.802229
252.185	0.80996
252.234	0.800976
252.283	0.814112
252.332	0.803256
252.381	0.809294
252.431	0.797552
252.481	0.800009
252.53	0.809098
252.579	0.804626
252.628	0.801479
252.677	0.814911
252.726	0.80909
252.775	0.816358
252.824	0.815399
252.873	0.805254
252.922	0.811307
252.971	0.807926
253.02	0.820277
253.07	0.787973
253.118	0.818949
253.168	0.799029
253.218	0.798691
253.267	0.808303
253.315	0.820573
253.365	0.804283
253.414	0.807656
253.463	0.817007
253.512	0.806918
253.562	0.802702
253.61	0.822434
253.659	0.799266
253.708	0.811394
253.757	0.807534
253.807	0.802598
253.856	0.803554
253.904	0.819273
253.955	0.78973
254.003	0.818366
254.053	0.803347
254.102	0.813988
254.151	0.80413
254.2	0.809126
254.249	0.803596
254.298	0.817059
254.348	0.80019
254.397	0.80024
254.446	0.809062
254.495	0.817039
254.545	0.794328
254.594	0.813752
254.643	0.80688
254.692	0.807134
254.741	0.812813
254.791	0.803897
254.84	0.804581
254.889	0.81279
254.938	0.808859
254.988	0.798975
255.036	0.82427
255.086	0.80658
255.135	0.804994
255.184	0.818292
255.233	0.808591
255.283	0.810658
255.332	0.803449
255.381	0.822685
255.431	0.802995
255.48	0.80298
255.529	0.827944
255.578	0.811392
255.627	0.810977
255.676	0.812243
255.726	0.80791
255.775	0.814691
255.823	0.821894
255.873	0.804969
255.922	0.812178
255.972	0.811286
256.021	0.814984
256.071	0.800198
256.119	0.833614
256.168	0.805777
256.217	0.810602
256.266	0.825536
256.315	0.817571
256.364	0.809425
256.413	0.817043
256.463	0.810262
256.512	0.818046
256.561	0.821712
256.61	0.821409
256.658	0.835278
256.708	0.815192
256.757	0.814191
256.807	0.810751
256.855	0.822715
256.904	0.821114
256.953	0.821573
257.003	0.804948
257.052	0.827187
257.1	0.825878
257.15	0.813788
257.198	0.825305
257.247	0.820827
257.296	0.825052
257.346	0.804917
257.395	0.827
257.444	0.812691
257.493	0.821904
257.541	0.827321
257.591	0.80647
257.64	0.820704
257.689	0.814695
257.738	0.823682
257.787	0.821548
257.836	0.816592
257.885	0.813369
257.934	0.835962
257.983	0.825076
258.032	0.812274
258.082	0.811764
258.13	0.832693
258.179	0.812997
258.228	0.828564
258.277	0.810133
258.326	0.822161
258.375	0.832794
258.424	0.820338
258.473	0.823811
258.521	0.833198
258.572	0.804232
258.621	0.830846
258.67	0.826987
258.718	0.830319
258.767	0.826607
258.817	0.817373
258.866	0.824668
258.915	0.821825
258.964	0.824674
259.012	0.826824
259.062	0.819962
259.111	0.820612
259.16	0.834225
259.209	0.815868
259.257	0.843986
259.307	0.822634
259.356	0.832201
259.406	0.805694
259.455	0.825818
259.503	0.824543
259.553	0.811675
259.602	0.815416
259.651	0.809282
259.7	0.8254
259.749	0.813319
259.799	0.816632
259.848	0.823352
259.897	0.821693
259.946	0.822124
259.995	0.826085
260.044	0.808881
260.094	0.817418
260.142	0.828299
260.192	0.817354
260.241	0.816976
260.29	0.821685
260.339	0.829887
260.388	0.81625
260.437	0.820373
260.487	0.820457
260.536	0.827751
260.585	0.825793
260.634	0.814539
260.683	0.824185
260.733	0.818286
260.782	0.826173
260.831	0.83048
260.88	0.815588
260.929	0.826815
260.978	0.817218
261.028	0.813958
261.078	0.817441
261.127	0.824026
261.176	0.831552
261.225	0.819261
261.274	0.822785
261.323	0.825381
261.373	0.820629
261.422	0.82344
261.471	0.822999
261.52	0.822652
261.569	0.833537
261.618	0.823668
261.667	0.825085
261.717	0.820212
261.766	0.817241
261.815	0.839976
261.864	0.823251
261.913	0.830038
261.962	0.824894
262.012	0.813309
262.061	0.83519
262.11	0.822229
262.16	0.820536
262.209	0.828818
262.258	0.827819
262.307	0.828995
262.356	0.823554
262.405	0.833931
262.454	0.827243
262.504	0.821528
262.553	0.831724
262.602	0.830395
262.651	0.829998
262.7	0.824415
262.749	0.834056
262.798	0.829325
262.848	0.81806
262.897	0.823759
262.946	0.832981
262.995	0.836387
263.045	0.830332
263.093	0.836684
263.143	0.81856
263.192	0.828478
263.241	0.836305
263.29	0.833835
263.34	0.820772
263.389	0.834304
263.438	0.833511
263.488	0.822575
263.536	0.854885
263.585	0.828094
263.634	0.840256
263.683	0.836391
263.733	0.831543
263.782	0.828578
263.832	0.827054
263.881	0.828567
263.93	0.83858
263.979	0.833252
264.028	0.830547
264.078	0.828664
264.128	0.828559
264.177	0.831867
264.225	0.847925
264.275	0.824158
264.324	0.839507
264.373	0.832588
264.423	0.832794
264.472	0.836228
264.521	0.830653
264.57	0.826105
264.62	0.817609
264.669	0.839382
264.718	0.831288
264.767	0.833529
264.816	0.838945
264.866	0.833586
264.915	0.833579
264.964	0.831646
265.013	0.840634
265.062	0.835865
265.111	0.842406
265.16	0.845363
265.21	0.812549
265.259	0.846203
265.308	0.843532
265.357	0.827959
265.406	0.844493
265.455	0.837285
265.505	0.823282
265.554	0.85181
265.603	0.841653
265.652	0.836044
265.701	0.84333
265.75	0.84295
265.799	0.835807
265.848	0.837973
265.898	0.833605
265.946	0.849075
265.995	0.84046
266.045	0.830311
266.093	0.851306
266.142	0.839522
266.192	0.830485
266.241	0.842918
266.29	0.836825
266.339	0.840575
266.388	0.84409
266.437	0.842784
266.487	0.838154
266.535	0.849861
266.585	0.828701
266.634	0.849659
266.683	0.832442
266.732	0.850348
266.781	0.837265
266.83	0.842956
266.878	0.846315
266.928	0.826472
266.978	0.835446
267.026	0.84945
267.075	0.844117
267.125	0.83905
267.174	0.843682
267.223	0.833564
267.272	0.837213
267.321	0.851388
267.37	0.835299
267.42	0.828495
267.469	0.840638
267.518	0.840241
267.568	0.834575
267.617	0.840069
267.666	0.847182
267.715	0.841559
267.764	0.840995
267.813	0.839043
267.862	0.840451
267.912	0.835584
267.96	0.856801
268.01	0.829628
268.059	0.849134
268.108	0.83797
268.157	0.840287
268.206	0.834342
268.256	0.840044
268.305	0.840731
268.354	0.843425
268.404	0.826673
268.453	0.846956
268.502	0.841046
268.551	0.841974
268.6	0.847051
268.649	0.843977
268.699	0.837049
268.748	0.83957
268.797	0.849823
268.846	0.843357
268.895	0.849433
268.945	0.833053
268.994	0.84677
269.043	0.843298
269.093	0.843026
269.142	0.847222
269.191	0.844689
269.24	0.846924
269.289	0.849426
269.338	0.851185
269.388	0.833091
269.437	0.845288
269.486	0.85741
269.536	0.839216
269.585	0.849878
269.634	0.849076
269.682	0.861605
269.732	0.838232
269.782	0.841827
269.831	0.846407
269.88	0.849754
269.929	0.85181
269.977	0.869616
270.027	0.84265
270.077	0.832279
270.125	0.861744
270.174	0.860908
270.224	0.844009
270.273	0.861543
270.322	0.854394
270.371	0.853523
270.42	0.851467
270.469	0.857393
270.518	0.859781
270.567	0.844695
270.616	0.860258
270.665	0.849726
270.715	0.849586
270.763	0.861402
270.813	0.846964
270.861	0.86957
270.91	0.867477
270.959	0.856193
271.009	0.848888
271.058	0.857703
271.107	0.850006
271.156	0.867204
271.205	0.849855
271.255	0.854711
271.303	0.869106
271.352	0.860061
271.401	0.856949
271.45	0.859882
271.499	0.851451
271.548	0.869161
271.597	0.856347
271.647	0.847493
271.696	0.857084
271.744	0.878208
271.794	0.842579
271.843	0.86454
271.892	0.858003
271.941	0.856503
271.99	0.860985
272.038	0.865648
272.088	0.846678
272.137	0.855262
272.187	0.851274
272.235	0.871608
272.284	0.85866
272.334	0.84684
272.382	0.869729
272.432	0.845771
272.481	0.859069
272.53	0.850956
272.579	0.863357
272.627	0.862829
272.677	0.849904
272.726	0.861817
272.775	0.860767
272.824	0.848188
272.873	0.861146
272.923	0.847265
272.972	0.860631
273.021	0.848347
273.07	0.862942
273.119	0.848208
273.168	0.857543
273.217	0.862334
273.267	0.845731
273.315	0.862855
273.365	0.844784
273.414	0.86029
273.463	0.85386
273.512	0.858195
273.561	0.859872
273.611	0.84897
273.66	0.861236
273.71	0.846979
273.759	0.853671
273.808	0.842462
273.857	0.857699
273.906	0.853273
273.956	0.848304
274.005	0.865841
274.055	0.841559
274.103	0.86887
274.152	0.865308
274.202	0.856344
274.251	0.852898
274.301	0.850689
274.35	0.865834
274.399	0.862726
274.448	0.856384
274.497	0.864045
274.547	0.845336
274.596	0.85722
274.645	0.856109
274.694	0.863166
274.743	0.870643
274.793	0.848561
274.841	0.871936
274.891	0.846142
274.94	0.86854
274.989	0.857955
275.039	0.854154
275.088	0.865184
275.137	0.858322
275.186	0.877788
275.235	0.854965
275.284	0.863064
275.334	0.855029
275.383	0.871597
275.432	0.861533
275.481	0.860522
275.53	0.869764
275.58	0.857968
275.628	0.869693
275.678	0.861928
275.727	0.869492
275.776	0.871795
275.825	0.85895
275.874	0.873745
275.923	0.870894
275.973	0.852029
276.022	0.874365
276.071	0.869174
276.119	0.875109
276.169	0.863104
276.218	0.86473
276.268	0.849676
276.316	0.880174
276.365	0.871857
276.414	0.869633
276.463	0.858271
276.512	0.865812
276.561	0.870862
276.611	0.860267
276.66	0.872272
276.709	0.868
276.758	0.871126
276.807	0.86476
276.856	0.879268
276.905	0.869956
276.954	0.859686
277.003	0.869308
277.053	0.8514
277.102	0.8746
277.151	0.860471
277.2	0.868116
277.249	0.874461
277.299	0.857659
277.348	0.872626
277.397	0.862453
277.446	0.871077
277.496	0.864682
277.545	0.866429
277.594	0.873394
277.643	0.861596
277.692	0.874668
277.742	0.845094
277.79	0.87502
277.84	0.863786
277.889	0.858698
277.938	0.865747
277.987	0.871982
278.037	0.856581
278.086	0.876644
278.136	0.861762
278.185	0.871136
278.234	0.861811
278.283	0.869859
278.332	0.864564
278.382	0.861825
278.431	0.865865
278.479	0.87875
278.529	0.850738
278.578	0.869263
278.628	0.861014
278.677	0.871861
278.726	0.871762
278.776	0.857
278.825	0.881747
278.873	0.875405
278.923	0.859948
278.972	0.86598
279.021	0.875283
279.071	0.859111
279.12	0.877727
279.17	0.855033
279.218	0.891593
279.268	0.867333
279.317	0.86163
279.366	0.885778
279.415	0.878498
279.465	0.864911
279.514	0.867501
279.563	0.875619
279.612	0.875759
279.662	0.86842
279.71	0.886427
279.76	0.871927
279.809	0.879584
279.859	0.872768
279.907	0.88111
279.958	0.861035
280.006	0.889352
280.055	0.877906
280.105	0.868031
280.154	0.880848
280.203	0.868032
280.252	0.884297
280.302	0.861409
280.351	0.876682
280.4	0.889953
280.45	0.867833
280.499	0.883452
280.548	0.876674
280.598	0.866849
280.647	0.870412
280.696	0.8797
280.745	0.866271
280.795	0.86734
280.844	0.878651
280.892	0.89512
280.942	0.864208
280.991	0.878958
281.041	0.863413
281.09	0.886632
281.139	0.877328
281.189	0.869479
281.237	0.885528
281.287	0.87329
281.336	0.863609
281.386	0.875157
281.434	0.883562
281.484	0.86073
281.534	0.874844
281.582	0.881053
281.632	0.865024
281.682	0.871406
281.731	0.878911
281.78	0.866786
281.829	0.891486
281.879	0.863691
281.928	0.881467
281.977	0.88073
282.026	0.87393
282.075	0.87426
282.125	0.871217
282.174	0.871563
282.223	0.877223
282.272	0.87635
282.322	0.870332
282.371	0.882996
282.42	0.872507
282.469	0.883175
282.519	0.866284
282.568	0.880769
282.618	0.86947
282.667	0.893424
282.716	0.876765
282.765	0.880602
282.815	0.8694
282.864	0.892653
282.913	0.875639
282.963	0.87157
283.011	0.895348
283.061	0.867836
283.111	0.87813
283.159	0.897969
283.209	0.876059
283.258	0.886598
283.307	0.892487
283.356	0.895992
283.406	0.876257
283.455	0.882032
283.504	0.880419
283.553	0.890173
283.603	0.870093
283.652	0.897509
283.701	0.886569
283.75	0.887274
283.8	0.879955
283.849	0.897648
283.898	0.889353
283.948	0.88953
283.997	0.894634
284.046	0.883394
284.095	0.88966
284.144	0.889299
284.194	0.880722
284.243	0.894853
284.292	0.894452
284.341	0.884114
284.39	0.899122
284.44	0.889045
284.489	0.887242
284.539	0.890299
284.588	0.895215
284.637	0.885689
284.687	0.88866
284.736	0.888238
284.785	0.899251
284.834	0.886545
284.883	0.89438
284.933	0.885466
284.982	0.894576
285.032	0.881764