90.021674	0.262552924
90.055273	0.260107075
90.088629	0.265497299
90.121405	0.272312457
90.15499	0.266483967
90.188818	0.266135077
90.22225	0.27143868
90.255484	0.274307055
90.289725	0.264762094
90.323157	0.267278594
90.357306	0.257065509
90.390479	0.262457512
90.424872	0.252973363
90.45864	0.260198934
90.492239	0.265711637
90.526587	0.262840506
90.560614	0.266729244
90.594443	0.26912856
90.628729	0.26727151
90.663321	0.266851223
90.697241	0.273406597
90.732214	0.265661059
90.765997	0.270548578
90.800482	0.260461404
90.835425	0.255550377
90.869376	0.264541552
90.903876	0.264285778
90.938376	0.267055126
90.973563	0.263210951
91.008215	0.268007241
91.043082	0.266194765
91.077567	0.269978601
91.112967	0.265084208
91.147131	0.277170023
91.181982	0.270798602
91.217581	0.261191719
91.252448	0.263591951
91.287833	0.258817893
91.322623	0.265752515
91.357962	0.264907299
91.393179	0.268334349
91.428442	0.269243661
91.464133	0.266623642
91.499045	0.272667124
91.534674	0.267624851
91.570288	0.268281288
91.605109	0.276560676
91.641043	0.267766537
91.676504	0.27019337
91.712515	0.264175372
91.748175	0.264496109
91.783972	0.264251055
91.819922	0.265111117
91.855399	0.270161256
91.891562	0.266373308
91.927237	0.270337126
91.963263	0.268238592
91.998877	0.271370509
92.035055	0.267465487
92.071082	0.268306089
92.107153	0.266728885
92.142935	0.268702782
92.179022	0.268353675
92.215369	0.269571215
92.251776	0.272019173
92.288016	0.273303391
92.324316	0.272113467
92.360785	0.270327871
92.396979	0.272186628
92.433997	0.266022032
92.470877	0.266742722
92.507056	0.272275137
92.543433	0.268891073
92.580191	0.264596529
92.616858	0.264889522
92.653403	0.266902397
92.690955	0.264009523
92.727118	0.279347534
92.763876	0.277441565
92.800574	0.277445833
92.837195	0.276745991
92.874396	0.271170393
92.91152	0.271083244
92.948401	0.272985584
92.985312	0.271719466
93.022803	0.266219072
93.059317	0.272428715
93.096365	0.268779139
93.133963	0.267187977
93.17092	0.274036932
93.208731	0.271201297
93.245627	0.280879443
93.283621	0.274302917
93.321402	0.275031521
93.358466	0.278216764
93.396262	0.270755122
93.433279	0.27521123
93.471167	0.266696315
93.508658	0.268565892
93.546225	0.267878573
93.58396	0.267357594
93.621771	0.269219594
93.659735	0.271201855
93.697134	0.277764409
93.735175	0.27607492
93.772788	0.280943266
93.811087	0.276318911
93.848669	0.281205647
93.886832	0.274682422
93.924948	0.273257375
93.962744	0.273746395
94.000723	0.270813441
94.038245	0.273532046
94.077246	0.262825406
94.114981	0.273477266
94.153342	0.270942548
94.191565	0.273609948
94.229697	0.27627462
94.267935	0.27748478
94.306067	0.279076862
94.344336	0.277901537
94.382834	0.275958652
94.421301	0.274029363
94.459586	0.271703339
94.497839	0.269557952
94.537131	0.261090459
94.574866	0.272313238
94.613455	0.268534963
94.652121	0.270220893
94.690787	0.271639204
94.729513	0.272570233
94.768103	0.275988112
94.807242	0.274191033
94.846182	0.276360176
94.88494	0.277510348
94.923132	0.279637513
94.961829	0.273452704
95.001257	0.265544115
95.040015	0.268806705
95.078818	0.269686064
95.118002	0.269523354
95.156851	0.27358394
95.196082	0.272387692
95.234976	0.275821424
95.274329	0.273701324
95.313315	0.277404028
95.351813	0.282191312
95.391058	0.276531997
95.429907	0.277589412
95.469916	0.268137533
95.509253	0.271803025
95.547797	0.275853013
95.587469	0.268009886
95.627081	0.270020879
95.666449	0.273575899
95.705939	0.274365956
95.745062	0.277801467
95.784247	0.278265054
95.824347	0.272144391
95.863806	0.276975594
95.903067	0.278988389
95.942511	0.277059334
95.982184	0.27404827
96.021185	0.276837808
96.060721	0.271399321
96.100485	0.270492703
96.140417	0.270917313
96.180594	0.270349138
96.220328	0.274436616
96.259711	0.277736153
96.299765	0.273623875
96.339316	0.27739174
96.379736	0.273286601
96.418875	0.282243251
96.457938	0.281694181
96.498846	0.266898964
96.539084	0.270429909
96.579169	0.272426808
96.619559	0.271884795
96.659659	0.274797523
96.69953	0.276831155
96.739706	0.275195887
96.779746	0.276321551
96.819739	0.27705062
96.8599	0.277415255
96.900534	0.274725422
96.940558	0.278679635
96.981116	0.274604588
97.020697	0.281638054
97.06124	0.274682794
97.101614	0.276026246
97.142035	0.275910706
97.181998	0.279316656
97.223181	0.270902637
97.263113	0.279668237
97.303824	0.274438999
97.344199	0.276333632
97.384558	0.276364056
97.425345	0.274297041
97.465903	0.27735374
97.506171	0.27963643
97.546729	0.276501937
97.587149	0.276803367
97.628302	0.272497151
97.668921	0.276781887
97.708945	0.281685006
97.750281	0.273187759
97.791174	0.276681115
97.831122	0.283310516
97.87258	0.272694288
97.912878	0.279244307
97.953925	0.273629928
97.99433	0.279484865
98.035269	0.2767248
98.076056	0.277813006
98.117438	0.273872332
98.158713	0.274266264
98.19921	0.279806016
98.239829	0.279170501
98.28092	0.275871671
98.321951	0.276333335
98.363058	0.276152491
98.403662	0.279803917
98.444907	0.274540131
98.486029	0.274743572
98.527289	0.273485976
98.568091	0.278604544
98.610098	0.273659221
98.650092	0.289512151
98.69097	0.282896495
98.732687	0.276101389
98.774252	0.276138815
98.815222	0.279583901
98.856421	0.2780099
98.897909	0.275905845
98.939154	0.27678949
98.980765	0.273987703
99.021643	0.278749889
99.062811	0.277437654
99.104544	0.275135946
99.146262	0.277780466
99.187643	0.282414187
99.229239	0.282577394
99.270407	0.284656496
99.312689	0.276018499
99.353674	0.283615941
99.395529	0.276382694
99.436621	0.280340628
99.478033	0.277891151
99.520163	0.273672244
99.561545	0.279926923
99.603705	0.277104601
99.645087	0.284658629
99.687308	0.281405643
99.728735	0.288597115
99.770758	0.285050946
99.81243	0.287193678
99.853598	0.289068193
99.895651	0.280943644
99.937231	0.281517796
99.979346	0.276389429
100.021475	0.276047435
100.063437	0.277735042
100.104849	0.283366037
100.147147	0.280041601
100.189017	0.284856983
100.231329	0.283665469
100.27265	0.292349423
100.314932	0.28616003
100.357169	0.286381282
100.398978	0.288015174
100.441061	0.283239056
100.482367	0.285633837
100.52468	0.277256198
100.567038	0.2771202
100.608878	0.282787655
100.651236	0.281583186
100.693121	0.286436485
100.735266	0.285429665
100.777609	0.284182499
100.819754	0.286520569
100.861853	0.287763909
100.903998	0.286947194
100.946158	0.285770654
100.987479	0.291248241
101.030463	0.279993249
101.072928	0.283317061
101.114981	0.286274557
101.157797	0.2817358
101.200171	0.285387551
101.24256	0.285274235
101.284155	0.290726534
101.326666	0.284218797
101.369238	0.283797229
101.411353	0.286663776
101.454077	0.283410217
101.49642	0.286285085
101.53884	0.286901042
101.581427	0.286858074
101.624045	0.288007959
101.666067	0.292527112
101.709006	0.285132581
101.751639	0.286423718
101.793845	0.289235957
101.836768	0.284347649
101.879172	0.28743674
101.921835	0.285083861
101.964117	0.287399598
102.006766	0.284917413
102.049231	0.286812138
102.091834	0.287795673
102.134711	0.287747671
102.17713	0.292271428
102.219961	0.290408498
102.262396	0.293264516
102.305426	0.287842482
102.34841	0.287007067
102.391363	0.28624453
102.433722	0.288763522
102.476965	0.282004462
102.519827	0.284070485
102.562842	0.283224305
102.605353	0.287976202
102.648459	0.286680132
102.691565	0.288476554
102.733756	0.29612066
102.777365	0.287283477
102.819922	0.293396133
102.863196	0.28699211
102.905631	0.290813245
102.949042	0.282602391
102.992071	0.283933467
103.034872	0.28473558
103.07749	0.287321762
103.120764	0.284578301
103.163992	0.287283402
103.206702	0.293665597
103.249762	0.293021907
103.293356	0.289876978
103.335944	0.295600947
103.379309	0.288922238
103.42214	0.290838006
103.465094	0.28816861
103.508032	0.28673082
103.552222	0.277693042
103.594824	0.289066986
103.638144	0.286452583
103.681433	0.289729036
103.724402	0.294275317
103.767462	0.295178702
103.811346	0.289978881
103.854147	0.296547532
103.897696	0.289594538
103.940588	0.291865396
103.984167	0.285018822
104.027426	0.286058342
104.070593	0.286583266
104.113791	0.286874704
104.157065	0.286872023
104.200751	0.285213657
104.243933	0.291475353
104.286826	0.295630589
104.330206	0.293440062
104.373816	0.29227235
104.417136	0.294178442
104.460898	0.289708829
104.504691	0.28820243
104.547736	0.292870201
104.590323	0.295492681
104.634131	0.286635211
104.677069	0.292046965
104.721075	0.284944421
104.764014	0.292442899
104.807959	0.287977854
104.851645	0.293176273
104.895224	0.295843578
104.937842	0.302652658
104.981711	0.292245129
105.025183	0.292980888
105.068564	0.292797761
105.112982	0.286353277
105.156882	0.289967541
105.200339	0.292528203
105.243521	0.294185188
105.28797	0.285510222
105.331168	0.293755655
105.374915	0.291762308
105.418433	0.296496872
105.462622	0.294199909
105.5064	0.297747332
105.550009	0.29725643
105.594046	0.292497728
105.637656	0.29495559
105.680945	0.297537776
105.725256	0.290972084
105.7685	0.298331656
105.812445	0.293171959
105.856482	0.292670232
105.900748	0.291323409
105.944556	0.295254475
105.987784	0.302571231
106.032294	0.296578891
106.0763	0.300988488
106.119696	0.304079404
106.163596	0.298919456
106.207495	0.297667986
106.251517	0.296204067
106.295599	0.295464151
106.339545	0.296021793
106.383124	0.297795929
106.426779	0.296888231
106.470648	0.295133781
106.514761	0.29509462
106.559454	0.292714903
106.603323	0.300347914
106.646902	0.303765122
106.691183	0.298861371
106.734763	0.301864468
106.778616	0.298396637
106.822806	0.29555449
106.867163	0.29459818
106.910986	0.298857066
106.955176	0.296575639
106.998679	0.300966647
107.042425	0.29920746
107.087058	0.294187709
107.131018	0.300620804
107.175101	0.301923663
107.219336	0.301477741
107.263022	0.304768873
107.307303	0.299848733
107.351767	0.298537386
107.395514	0.304213397
107.439795	0.30113156
107.484015	0.302500451
107.528555	0.300876376
107.572638	0.303880255
107.616659	0.302996298
107.660742	0.301826854
107.705054	0.302954728
107.749258	0.305925929
107.793402	0.308117623
107.838171	0.303679951
107.881338	0.313392651
107.925528	0.304707599
107.969961	0.302025835
108.015021	0.297125666
108.058997	0.304801626
108.103659	0.300635616
108.148169	0.302271039
108.192435	0.303014209
108.236731	0.301980131
108.281393	0.300080928
108.325537	0.306489054
108.369849	0.30775181
108.413855	0.312252475
108.45835	0.308740132
108.502768	0.307824576
108.547308	0.305768834
108.592169	0.302523925
108.636618	0.304940069
108.681052	0.304892955
108.725012	0.308639895
108.770224	0.299920168
108.814276	0.307115518
108.858633	0.305595883
108.903311	0.30567453
108.947653	0.309486797
108.992163	0.309111355
109.03678	0.308430561
109.081717	0.305385296
109.125876	0.309639224
109.170447	0.306252245
109.214728	0.30880055
109.259619	0.305118558
109.303839	0.310748351
109.348776	0.306790665
109.393164	0.31082711
109.437369	0.312438305
109.482046	0.310475002
109.52677	0.310565898
109.57131	0.311073668
109.616202	0.307733895
109.660269	0.312807782
109.705481	0.303387607
109.749884	0.307882143
109.794928	0.303475896
109.839636	0.306646484
109.883994	0.310087239
109.928885	0.307377946
109.973349	0.310396379
110.018698	0.304144282
110.062857	0.314273667
110.107977	0.310142799
110.152304	0.317729134
110.197256	0.313445204
110.241797	0.314033422
110.28736	0.304921667
110.331076	0.316459371
110.37641	0.304578132
110.420645	0.312043959
110.465857	0.306276283
110.510901	0.309027947
110.555365	0.314571587
110.600455	0.312832929
110.645544	0.316265041
110.689825	0.32332906
110.734396	0.320068091
110.779913	0.308651279
110.824301	0.312383067
110.869559	0.304846056
110.913733	0.313084969
110.958487	0.310513402
111.003714	0.308953083
111.049307	0.308194938
111.094	0.315707906
111.138892	0.314966106
111.183997	0.314331991
111.228827	0.319685295
111.274069	0.318644802
111.319891	0.3147323
111.364508	0.320596785
111.409491	0.313644823
111.454321	0.311817511
111.499777	0.306706224
111.545111	0.307952776
111.590567	0.308391252
111.636069	0.310442733
111.680167	0.322982844
111.725531	0.315650364
111.771185	0.317215476
111.815909	0.326540423
111.86135	0.322295252
111.906256	0.32627982
111.950949	0.32660604
111.996741	0.316829459
112.041892	0.320336585
112.087225	0.318746753
112.132483	0.318763935
112.177329	0.321687023
112.222342	0.321278679
112.267783	0.319527401
112.312781	0.324173565
112.358405	0.322577614
112.403342	0.329090297
112.448416	0.328676591
112.493628	0.327136565
112.539023	0.324774499
112.584753	0.320235587
112.629706	0.324357074
112.675269	0.318976186
112.720007	0.32388192
112.765265	0.319423575
112.810492	0.319423415
112.855368	0.322601937
112.90087	0.318931667
112.946402	0.321629861
112.990927	0.332762694
113.03678	0.325301501
113.081534	0.334211327
113.12728	0.325342508
113.172415	0.32790799
113.217841	0.324256538
113.2629	0.326666694
113.30773	0.328086262
113.353232	0.322720689
113.398398	0.325391017
113.442679	0.332176634
113.488531	0.321655288
113.534415	0.322884939
113.579413	0.330459906
113.624258	0.332599629
113.669714	0.32730934
113.715063	0.326334572
113.760763	0.322894105
113.805411	0.330969679
113.851065	0.324337786
113.896414	0.328030832
113.941321	0.332443631
113.987402	0.323735862
114.032477	0.330994606
114.078207	0.327729506
114.123236	0.333612066
114.169104	0.327135486
114.214194	0.330488309
114.259558	0.326424203
114.305029	0.324880775
114.349783	0.330847656
114.396033	0.321288502
114.441687	0.326796393
114.487021	0.330631769
114.53266	0.32974573
114.578314	0.33141325
114.624243	0.330997349
114.669043	0.340830312
114.715033	0.331438293
114.760245	0.334636078
114.805762	0.329800818
114.850928	0.330684889
114.896613	0.325851265
114.94245	0.324530666
114.987723	0.328588553
115.033713	0.324633987
115.07897	0.331468643
115.124213	0.334355241
115.169836	0.334801018
115.215353	0.337741834
115.261008	0.337725443
115.306616	0.33717489
115.352133	0.335765669
115.398215	0.329699093
115.443869	0.331760241
115.489371	0.332154114
115.535269	0.328224445
115.580985	0.329307818
115.62583	0.335858938
115.671652	0.330129533
115.717215	0.334418253
115.76319	0.332768308
115.80918	0.333472409
115.854269	0.339616486
115.899664	0.336429502
115.945868	0.329858162
115.991156	0.33610554
116.037299	0.330205095
116.083136	0.332868254
116.128714	0.335131361
116.174216	0.334793201
116.219748	0.335134556
116.265677	0.33386516
116.311118	0.339022468
116.356924	0.336386497
116.403128	0.332267605
116.448966	0.333801093
116.494162	0.338397072
116.540854	0.32854352
116.586279	0.339375156
116.632361	0.335893419
116.677786	0.341890043
116.723731	0.339225978
116.769324	0.344484517
116.8151	0.345260917
116.860602	0.347285534
116.906409	0.343217825
116.952475	0.338754457
116.997885	0.342576659
117.043875	0.338711621
117.090445	0.335894779
117.136542	0.340381169
117.182135	0.344671935
117.22782	0.344843772
117.27439	0.339493008
117.319891	0.34945995
117.365668	0.348262197
117.411688	0.347443339
117.457571	0.347047626
117.503714	0.342674259
117.549811	0.341093882
117.59664	0.334494338
117.642737	0.340121486
117.687888	0.348671039
117.733801	0.34474666
117.780173	0.342562187
117.826056	0.346739698
117.872397	0.344894211
117.918356	0.349841015
117.964575	0.349003862
118.011023	0.347212767
118.056586	0.351750171
118.102087	0.349772377
118.14823	0.34323715
118.194418	0.341861654
118.240363	0.343723868
118.286963	0.340098461
118.332709	0.348358159
118.378607	0.348745958
118.424902	0.347972513
118.470923	0.352066716
118.51792	0.345047639
118.56272	0.360807795
118.609427	0.34449159
118.655753	0.345800512
118.701224	0.351499695
118.747626	0.344469594
118.793921	0.345987543
118.839911	0.349214033
118.88645	0.34657169
118.931845	0.356526723
118.978064	0.352523054
119.024451	0.353069847
119.070242	0.358642699
119.116095	0.357105902
119.162604	0.349998694
119.208563	0.352505448
119.254355	0.352569108
119.300635	0.348808155
119.346289	0.353923107
119.392813	0.347871545
119.438895	0.351691185
119.484579	0.355330875
119.531561	0.347015909
119.577567	0.356273985
119.623831	0.355773534
119.669409	0.361396061
119.715964	0.353424784
119.761649	0.360056714
119.808325	0.352772306
119.854193	0.359762217
119.900732	0.355184414
119.946509	0.361086001
119.992819	0.356663064
120.038886	0.358005193
120.085333	0.35570835
120.131903	0.355695845
120.178015	0.360404382
120.224204	0.360585674
120.270529	0.358852754
120.316473	0.36107751
120.362891	0.35689396
120.409308	0.356868708
120.45574	0.356866174
120.501379	0.362804609
120.54798	0.353930645
120.594855	0.351163189
120.640524	0.361477341
120.686926	0.357891264
120.733527	0.358241245
120.779166	0.368025804
120.826132	0.359343994
120.871741	0.370089837
120.918295	0.362467418
120.965094	0.360330806
121.011343	0.363847165
121.057044	0.368041498
121.103903	0.358552264
121.150214	0.362527976
121.196463	0.362743423
121.242651	0.36459818
121.289465	0.360756736
121.335364	0.369178675
121.381781	0.365675026
121.428137	0.366159976
121.474463	0.366617268
121.521094	0.364612177
121.567557	0.366486424
121.614218	0.366004128
121.660117	0.37304224
121.706488	0.369553988
121.753119	0.368179966
121.7992	0.373937719
121.845343	0.374931637
121.891974	0.372855114
121.938223	0.37739233
121.985068	0.372733998
122.03179	0.37355722
122.077734	0.380184111
122.12496	0.370498424
122.170996	0.380738559
122.217246	0.380142105
122.26351	0.380477209
122.310171	0.378015898
122.356848	0.379566663
122.403326	0.382334883
122.449408	0.386663283
122.4961	0.382070024
122.542471	0.385443831
122.588767	0.38687531
122.63555	0.383931519
122.681982	0.388145803
122.728522	0.388718483
122.775442	0.387163972
122.821661	0.394667934
122.866995	0.40380297
122.914145	0.389809979
122.960791	0.39512921
123.006811	0.401025985
123.054098	0.390833099
123.100516	0.398153503
123.146246	0.404733636
123.193671	0.390630591
123.239798	0.402240032
123.286612	0.397132146
123.332846	0.402594483
123.37966	0.398374709
123.42652	0.399455663
123.472555	0.408639347
123.519705	0.400127894
123.566794	0.40157841
123.613028	0.409040754
123.659888	0.403861183
123.706198	0.410028023
123.752875	0.409137979
123.799826	0.409803641
123.845816	0.421444417
123.893088	0.412680754
123.9392	0.426575717
123.985846	0.425339445
124.033301	0.421553223
124.080069	0.430327775
124.126135	0.439251786
124.17272	0.436359604
124.219336	0.438388441
124.266425	0.436865514
124.312888	0.446113648
124.359152	0.451243148
124.405875	0.449390677
124.452567	0.451620241
124.49903	0.454921452
124.546179	0.448638096
124.593176	0.449911403
124.639517	0.455626278
124.685889	0.454497591
124.732703	0.448548958
124.779562	0.446298175
124.825781	0.45086718
124.872778	0.442027934
124.919241	0.44532907
124.965979	0.440392328
125.012732	0.438401214
125.059058	0.440761753
125.106451	0.429578241
125.153281	0.433155692
125.199545	0.437147441
125.246497	0.429188992
125.293051	0.430405153
125.340033	0.423252665
125.387076	0.418952125
125.433569	0.420711365
125.480322	0.415968639
125.526694	0.417632724
125.573767	0.409857831
125.620215	0.414668013
125.667181	0.410545362
125.713568	0.415954739
125.760046	0.414601489
125.806952	0.409662864
125.853705	0.408995742
125.900748	0.404429097
125.946936	0.410385716
125.993735	0.404851197
126.040045	0.409028755
126.087576	0.396778837
126.133978	0.404565443
126.181113	0.397315847
126.228415	0.395343768
126.274924	0.401819273
126.322256	0.394129606
126.368994	0.398083731
126.41503	0.402754728
126.46221	0.392430594
126.509009	0.395551216
126.555853	0.394809716
126.602774	0.393752212
126.649969	0.391551709
126.696387	0.398851697
126.743216	0.395152954
126.790442	0.390881585
126.837027	0.395331478
126.883765	0.393427361
126.930426	0.393569935
126.977515	0.389813919
127.024634	0.389683821
127.071265	0.393586143
127.117819	0.39412904
127.164679	0.391275931
127.211585	0.390941933
127.258032	0.395918308
127.305106	0.391847495
127.352118	0.392283372
127.39823	0.398977622
127.445364	0.388927654
127.491782	0.393353704
127.53913	0.384469288
127.586096	0.386639714
127.633109	0.385982914
127.679633	0.390309439
127.726721	0.385818823
127.773489	0.389028144
127.820715	0.38595121
127.867178	0.39323329
127.913641	0.393496343
127.960867	0.387069822
128.007758	0.389072992
128.054602	0.388393884
128.102072	0.38221706
128.148459	0.390771242
128.195746	0.383376575
128.242575	0.38739185
128.289282	0.38917074
128.335303	0.396346602
128.382864	0.385582583
128.429602	0.393863411
128.476141	0.395885669
128.522971	0.393579392
128.5698	0.392879818
128.617468	0.385253019
128.664023	0.394457938
128.710822	0.391944333
128.756751	0.398687676
128.804221	0.385173412
128.851172	0.38884373
128.897391	0.395664355
128.944388	0.390719497
128.99079	0.396895381
129.038443	0.387137997
129.085776	0.390205891
129.132742	0.393091835
129.179648	0.393583725
129.226813	0.391708226
129.273444	0.397169081
129.320471	0.394232701
129.367255	0.396467782
129.414465	0.393141762
129.461798	0.393320864
129.508139	0.40287755
129.555136	0.398055039
129.602438	0.395332107
129.649573	0.396053824
129.696143	0.400443469
129.743384	0.393942015
129.790747	0.392901127
129.837302	0.399822308
129.883948	0.399391048
129.931799	0.389580984
129.978995	0.395128362
130.025671	0.399464618
130.072745	0.395439063
130.119803	0.395093956
130.166891	0.395487341
130.213461	0.399747139
130.261069	0.391450972
130.308051	0.397743604
130.355337	0.396249076
130.40235	0.398616131
130.449545	0.396771362
130.496451	0.398626341
130.543539	0.396614986
130.590201	0.400101489
130.637488	0.394839067
130.684805	0.394421231
130.731573	0.399394746
130.778647	0.397545777
130.825949	0.396291189
130.872961	0.398940375
130.919684	0.401865292
130.96694	0.397642696
131.014349	0.396752546
131.061377	0.400436024
131.108771	0.397945392
131.15557	0.40321742
131.202628	0.401590836
131.249457	0.404082656
131.296622	0.401073713
131.343787	0.400996567
131.390875	0.401998373
131.43801	0.401942237
131.485403	0.399839274
131.532019	0.406792388
131.578375	0.409345376
131.626563	0.393799849
131.673621	0.403130074
131.720373	0.405779187
131.768179	0.397234002
131.815482	0.401924048
131.862174	0.407416481
131.909094	0.406211788
131.956976	0.397512562
132.003348	0.410492977
132.050528	0.404152089
132.097495	0.406817778
132.144919	0.403882877
132.191519	0.411255004
132.238577	0.406992873
132.286826	0.396805279
132.333929	0.406284582
132.38114	0.405022077
132.42861	0.40302385
132.475623	0.407147782
132.523184	0.402593948
132.569907	0.409995689
132.617255	0.405213601
132.664526	0.406625579
132.71218	0.404009143
132.7591	0.410417594
132.806006	0.410327799
132.853033	0.408996492
132.900855	0.40238749
132.947714	0.410851293
132.995276	0.405351168
133.04241	0.408792358
133.090002	0.40463225
133.137305	0.407236119
133.184668	0.407234293
133.232062	0.406952815
133.278937	0.412360971
133.326193	0.410296959
133.373602	0.409580501
133.420538	0.414435258
133.467902	0.410941562
133.51554	0.408212498
133.56275	0.411880505
133.609442	0.416437462
133.657172	0.408451365
133.704611	0.412135344
133.752127	0.412436698
133.799246	0.416043114
133.84632	0.416270201
133.893835	0.412709531
133.941428	0.412649644
133.988226	0.420463266
134.035757	0.415218785
134.082785	0.42036176
134.130637	0.413462776
134.177893	0.418930338
134.225028	0.420546551
134.272772	0.41574796
134.3198	0.422006307
134.36701	0.420652049
134.414465	0.418420359
134.462103	0.416841449
134.509772	0.417021655
134.556784	0.423643127
134.604239	0.420112917
134.65177	0.419855291
134.699347	0.41963709
134.746466	0.423714144
134.794043	0.42002599
134.841223	0.4241248
134.88851	0.423438917
134.935858	0.423488552
134.983435	0.421975577
135.030585	0.425858852
135.078116	0.422446261
135.124716	0.431349004
135.172965	0.41770575
135.22048	0.424541459
135.26795	0.424925563
135.315176	0.426213655
135.362692	0.423050688
135.409918	0.424894025
135.457526	0.421041205
135.505194	0.420374814
135.55271	0.422179223
135.599875	0.425896789
135.648154	0.416740836
135.695532	0.425209423
135.743124	0.423118307
135.790228	0.428238346
135.837607	0.426615491
135.885107	0.426282339
135.932776	0.425116161
135.980139	0.427531116
136.027625	0.425877553
136.075263	0.424327742
136.122824	0.425519522
136.170279	0.427339325
136.217795	0.428020828
136.265372	0.42837494
136.311728	0.440419516
136.359763	0.425834097
136.407156	0.432125504
136.454626	0.431579904
136.502646	0.426468303
136.550116	0.429938437
136.596976	0.434057154
136.644278	0.429229342
136.692007	0.425155131
136.739371	0.428928182
136.786536	0.431619162
136.834128	0.428346473
136.881644	0.429585147
136.929633	0.426346335
136.976508	0.437190629
137.024466	0.427689563
137.072058	0.431529489
137.11904	0.437234707
137.166815	0.429525302
137.214087	0.432618279
137.261084	0.433764768
137.309271	0.422205066
137.355948	0.435544738
137.403937	0.424690155
137.451254	0.432595633
137.498557	0.433808542
137.546408	0.430006358
137.593863	0.434879162
137.64118	0.436360389
137.689307	0.42932489
137.736441	0.438638485
137.783926	0.435067638
137.8319	0.430649122
137.878958	0.43749097
137.926672	0.430291036
137.974036	0.433113972
138.021292	0.434119999
138.06861	0.433767758
138.116339	0.430528059
138.163916	0.433333623
138.211295	0.437008128
138.258826	0.436688454
138.306219	0.438490294
138.353674	0.437905986
138.401679	0.432174817
138.449606	0.431794698
138.496115	0.44372675
138.544104	0.428856114
138.592169	0.427874398
138.63999	0.430260536
138.686804	0.439730501
138.734579	0.431541349
138.781668	0.4391187
138.82984	0.430702693
138.876898	0.442388153
138.924841	0.435310485
138.97251	0.4386202
139.020178	0.438801555
139.067328	0.443167918
139.115195	0.435082387
139.163107	0.433405934
139.210257	0.43928228
139.257101	0.441607881
139.305167	0.430035436
139.352591	0.436289005
139.400915	0.429259633
139.448126	0.441219305
139.495749	0.439343393
139.543036	0.44343274
139.591116	0.436363597
139.638358	0.443997494
139.685721	0.442474174
139.733405	0.438466596
139.781073	0.438076195
139.82897	0.435697037
139.876181	0.442131041
139.924612	0.431679707
139.972189	0.440483734
140.019308	0.445735468
140.067099	0.440091749
140.114188	0.447901892
140.162558	0.437210327
140.209235	0.453753587
140.257635	0.438034406
140.305365	0.443436301
140.353201	0.441415897
140.400412	0.446238362
140.447974	0.44238811
140.495413	0.44326199
140.542944	0.442770089
140.590979	0.439123029
140.638281	0.446779637
140.686438	0.439372804
140.734015	0.446358733
140.781683	0.446812387
140.829275	0.448238393
140.877005	0.446534287
140.924399	0.449017811
140.971991	0.446096659
141.020529	0.436769677
141.067908	0.447532506
141.115057	0.449693266
141.162939	0.443249537
141.210623	0.445849472
141.259024	0.440095704
141.306525	0.449927489
141.354254	0.448960852
141.402487	0.444856588
141.449942	0.451869795
141.498343	0.442605913
141.545569	0.452324297
141.593115	0.448539557
141.640814	0.446994506
141.688528	0.447087627
141.735983	0.450096075
141.784338	0.442763996
141.832388	0.446915167
141.880453	0.447604389
141.928	0.452783861
141.976401	0.445380838
142.023077	0.462121658
142.071051	0.449210676
142.119513	0.443829391
142.167105	0.450944587
142.214728	0.450439919
142.263495	0.439964362
142.310584	0.455299551
142.358343	0.44923585
142.40647	0.446288807
142.454352	0.448890465
142.502219	0.449569707
142.549857	0.452176312
142.598105	0.446936601
142.645453	0.455741087
142.692725	0.457118428
142.741202	0.445583691
142.788931	0.45263046
142.837302	0.446501924
142.884787	0.454861114
142.9327	0.451208314
142.980063	0.456548469
143.02851	0.446117286
143.076178	0.453183699
143.123923	0.452460131
143.171866	0.45082606
143.219977	0.449507461
143.267798	0.452469152
143.315649	0.452024701
143.363028	0.456261121
143.411322	0.447781704
143.458868	0.455753762
143.507529	0.446521304
143.554816	0.460711714
143.602621	0.456294891
143.650626	0.454414019
143.698523	0.455206909
143.745474	0.464456012
143.79418	0.447618963
143.841757	0.458257415
143.890311	0.448518594
143.937796	0.457990165
143.985449	0.455981154
144.03356	0.451218175
144.081427	0.453843932
144.129431	0.453337921
144.177588	0.453076591
144.225226	0.458570732
144.273016	0.457231478
144.321173	0.453689086
144.369025	0.45700429
144.416922	0.456823841
144.464636	0.458458289
144.512335	0.457951421
144.560446	0.453320311
144.608527	0.453458448
144.656348	0.456504451
144.70455	0.454271556
144.752936	0.453671068
144.800818	0.459035082
144.848746	0.458225421
144.896963	0.455015522
144.944784	0.458525845
144.992651	0.458157579
145.039755	0.466014856
145.088065	0.454053853
145.136282	0.454463798
145.184836	0.451293545
145.232474	0.460514978
145.279761	0.465114084
145.327956	0.457441171
145.376334	0.456229086
145.424284	0.460728215
145.472136	0.461204625
145.519995	0.460854288
145.56848	0.454941425
145.616484	0.459085467
145.664511	0.459038897
145.712065	0.463014419
145.759474	0.463879828
145.807555	0.457154125
145.855872	0.455714524
145.903693	0.460928286
145.951941	0.457974224
145.999983	0.460742897
146.047965	0.461389429
146.095839	0.462566933
146.144217	0.457826542
146.191473	0.469110998
146.239256	0.464561538
146.287779	0.457366256
146.335692	0.462218893
146.383177	0.46571925
146.431685	0.45579242
146.479742	0.459798043
146.527487	0.463136716
146.575674	0.459454473
146.623831	0.460679133
146.671591	0.465239737
146.719633	0.463548227
146.767828	0.462412771
146.81497	0.472947471
146.863875	0.456143128
146.911711	0.466425047
146.959021	0.471198671
147.007643	0.458126547
147.055556	0.464737097
147.103522	0.464779408
147.151396	0.46616519
147.199698	0.462617147
147.247298	0.469993978
147.295592	0.463417553
147.343176	0.47065881
147.391447	0.464209315
147.439406	0.467569859
147.487868	0.462327441
147.535765	0.468134694
147.583792	0.467107723
147.631506	0.470790703
147.678938	0.473907177
147.728407	0.454791045
147.776007	0.472452706
147.823721	0.4716549
147.872053	0.466044324
147.920554	0.464931991
147.968398	0.471341982
148.01628	0.471064523
148.064177	0.471376035
148.112654	0.466027737
148.161154	0.465860607
148.208495	0.477833031
148.25688	0.468117068
148.30519	0.469045723
148.352827	0.475648074
148.400748	0.472289399
148.448813	0.470835589
148.496954	0.470628194
148.545493	0.467244131
148.593115	0.477171577
148.640883	0.476028153
148.689963	0.463439672
148.737784	0.476005869
148.785231	0.480079616
148.833525	0.472399385
148.881819	0.471919675
148.929907	0.47318222
148.977469	0.478136311
149.025839	0.469371397
149.07366	0.47431473
149.121672	0.472821869
149.169501	0.47509448
149.217963	0.469389312
149.266379	0.470553629
149.313757	0.481233052
149.361525	0.477848595
149.410567	0.465710438
149.458372	0.478548794
149.506613	0.474431513
149.554732	0.475138645
149.602805	0.47505723
149.650458	0.478469517
149.698973	0.469173337
149.746405	0.479117072
149.794829	0.469149939
149.843314	0.469020346
149.891493	0.472710481
149.938834	0.481385333
149.987967	0.464010028
150.035414	0.480698218
150.083632	0.472990437
150.131834	0.473785262
150.179884	0.475457222
150.228064	0.474228768
150.275626	0.480432197
150.323256	0.479186352
150.371382	0.473435162
150.419493	0.473596648
150.467978	0.470225474
150.516035	0.474276616
150.564406	0.471610779
150.612257	0.476745107
150.660551	0.472431646
150.708517	0.476292485
150.756552	0.47638313
150.804343	0.479952918
150.852774	0.473724988
150.900755	0.47769597
150.949294	0.471723942
150.997763	0.471516346
151.045737	0.476220523
151.093008	0.483641332
151.14147	0.472283152
151.189414	0.477685766
151.237265	0.478722966
151.285712	0.473761093
151.333838	0.478019974
151.381781	0.480342751
151.429854	0.479818606
151.477515	0.48476734
151.526694	0.469641375
151.574355	0.484323289
151.621848	0.485746159
151.670111	0.47755773
151.71807	0.480521893
151.766463	0.476244653
151.814597	0.478932487
151.862219	0.484307007
151.909933	0.483912678
151.959036	0.470183805
152.007017	0.481147039
152.054564	0.486074544
152.103278	0.475053638
152.15103	0.483702684
152.198973	0.481192123
152.247122	0.478595164
152.295042	0.479864274
152.343153	0.4772514
152.39147	0.475763411
152.439528	0.479108343
152.487128	0.484824617
152.535094	0.482013112
152.583785	0.475670958
152.631819	0.482922717
152.679556	0.486560757
152.727797	0.482424826
152.77574	0.485460985
152.823622	0.485667153
152.871809	0.481069058
152.919226	0.48779168
152.968543	0.468281886
153.015921	0.487296947
153.06375	0.483584572
153.111838	0.48202081
153.160162	0.48000059
153.207617	0.489763113
153.255782	0.483402838
153.303725	0.486243747
153.352225	0.481671075
153.400244	0.487523903
153.448607	0.484968034
153.496558	0.488844117
153.544577	0.487689155
153.592825	0.485639586
153.640906	0.488138274
153.689001	0.4892972
153.737456	0.486176194
153.785284	0.493291661
153.832976	0.495038423
153.880621	0.495260281
153.928847	0.489558134
153.977583	0.484405148
154.026038	0.487420014
154.073454	0.498450588
154.12142	0.492622752
154.170363	0.482781504
154.217917	0.495987222
154.265997	0.490231792
154.314864	0.481852851
154.362509	0.49405381
154.410551	0.489734062
154.458517	0.490251581
154.507155	0.483534397
154.554556	0.496225221
154.602789	0.487552577
154.650664	0.491133719
154.699248	0.483660719
154.74742	0.487359583
154.795287	0.490464143
154.843573	0.48692664
154.8916	0.489922279
154.939223	0.494673007
154.987265	0.489915551
155.035719	0.485604648
155.084235	0.485020581
155.132552	0.487146586
155.180571	0.490048438
155.228201	0.493933086
155.276785	0.484002717
155.324469	0.493082911
155.372588	0.489052754
155.420912	0.487711631
155.469435	0.486764267
155.517157	0.495079251
155.565428	0.488273184
155.613486	0.489710559
155.66149	0.489588529
155.708838	0.496628824
155.757719	0.481860948
155.805724	0.491603264
155.854346	0.486028711
155.902144	0.493982503
155.950652	0.486989599
155.99864	0.492709278
156.047263	0.486514683
156.095061	0.495225198
156.143324	0.489703142
156.191008	0.494875306
156.239783	0.483391263
156.288107	0.487887656
156.33586	0.4935375
156.384055	0.488866861
156.431906	0.493268117
156.480391	0.487849324
156.527792	0.500812583
156.576666	0.486893477
156.624861	0.494573558
156.672995	0.495883081
156.721419	0.492810635
156.769347	0.496996008
156.817877	0.489619734
156.866126	0.491811392
156.914809	0.487305331
156.96282	0.495017951
157.010992	0.493830168
157.058646	0.499529728
157.107268	0.490728962
157.155966	0.491830063
157.204443	0.495105301
157.252135	0.503816685
157.30036	0.498723301
157.349028	0.494122434
157.397467	0.49694431
157.445639	0.50025495
157.493552	0.503199492
157.541647	0.500418427
157.590498	0.491972285
157.638411	0.50160875
157.68685	0.497182848
157.734686	0.504830403
157.783125	0.499791976
157.831381	0.502396426
157.880042	0.499290718
157.928137	0.505491713
157.976881	0.498813974
158.024229	0.513458989
158.072287	0.505416547
158.12097	0.499340794
158.169745	0.498740781
158.217734	0.506700217
158.266028	0.503161317
158.314391	0.502506281
158.362502	0.505275732
158.410475	0.507076984
158.458365	0.508787945
158.507048	0.500984695
158.554831	0.511014411
158.603621	0.501176418
158.651701	0.509122362
158.699728	0.509873203
158.748	0.506817489
158.796042	0.509075269
158.844572	0.503652698
158.892882	0.505074729
158.941412	0.501560536
158.989195	0.509211958
159.037222	0.507097624
159.086089	0.498943664
159.134093	0.509081322
159.182028	0.511735013
159.230559	0.507754576
159.278395	0.516274024
159.326941	0.509009611
159.374915	0.51475827
159.42356	0.506575789
159.47151	0.513664548
159.519659	0.510985449
159.567313	0.514838852
159.615828	0.504368324
159.664008	0.506916366
159.712714	0.501330663
159.760908	0.507000025
159.809271	0.505930691
159.857108	0.513326526
159.905814	0.505465894
159.953825	0.513194933
160.002562	0.505764085
160.050574	0.513034084
160.098181	0.51685032
160.147826	0.495483153
160.195593	0.514322292
160.244162	0.505570281
160.292265	0.510286757
160.34001	0.513719968
160.388091	0.509708129
160.43685	0.502535033
160.485327	0.504583027
160.533377	0.50978442
160.582114	0.50369292
160.630499	0.507947886
160.678	0.517307966
160.726477	0.507204483
160.775008	0.506529055
160.823035	0.512633066
160.871626	0.50716823
160.919524	0.514773965
160.968153	0.506981462
161.016157	0.513482244
161.064749	0.507741106
161.112326	0.518814405
161.161009	0.507256565
161.209036	0.514904104
161.257361	0.512853118
161.305579	0.515079558
161.353674	0.517112341
161.40206	0.513984957
161.450293	0.515684187
161.499228	0.508522133
161.546797	0.523303561
161.594809	0.518981021
161.643927	0.507810025
161.691367	0.525576148
161.739905	0.513900779
161.788382	0.51506985
161.836462	0.519824791
161.884604	0.519883801
161.932944	0.518440012
161.980933	0.522487267
162.029341	0.51763678
162.077628	0.518813855
162.126295	0.514848374
162.174361	0.521305986
162.222815	0.516890918
162.270712	0.522855032
162.318755	0.520447909
162.367369	0.513779761
162.415823	0.514871567
162.463927	0.518401664
162.511916	0.519883718
162.559866	0.520673267
162.608343	0.515256498
162.65634	0.520520276
162.704047	0.523788866
162.753203	0.508734891
162.801588	0.517421233
162.84989	0.519097109
162.898032	0.521266768
162.946265	0.520488153
162.99491	0.515711639
163.04296	0.522181041
163.09149	0.516831809
163.139456	0.52314897
163.187865	0.519252905
163.236266	0.519190577
163.28459	0.520841112
163.33277	0.523106813
163.381316	0.520349853
163.429495	0.525228891
163.478278	0.518852403
163.526297	0.527782049
163.574477	0.526221055
163.622542	0.528488775
163.670599	0.529361081
163.718741	0.528361107
163.767783	0.518409489
163.815772	0.529853669
163.86402	0.526102983
163.912634	0.521351841
163.96073	0.527320585
164.008948	0.526820062
164.057158	0.528339283
164.105658	0.525785312
164.154303	0.524341401
164.202536	0.529205875
164.250449	0.533327457
164.298659	0.530516391
164.347159	0.527524605
164.395506	0.528937016
164.443755	0.529901645
164.492178	0.527515703
164.540938	0.522985073
164.588301	0.537971545
164.636511	0.528623114
164.684805	0.528437447
164.733298	0.5268582
164.782095	0.523743704
164.829855	0.53546047
164.878729	0.523850156
164.926642	0.534623318
164.974577	0.535045569
165.022849	0.531438772
165.071326	0.52919621
165.119841	0.528421672
165.168181	0.530147682
165.216887	0.525735337
165.264746	0.534830631
165.312956	0.531133232
165.361533	0.528118965
165.410155	0.52838749
165.458052	0.537552291
165.506262	0.534757195
165.555212	0.527593882
165.602896	0.542359786
165.651244	0.535487194
165.699477	0.53654364
165.747725	0.535715549
165.795935	0.534725078
165.844626	0.528785676
165.892844	0.534003968
165.941565	0.528931212
165.989531	0.537671756
166.038161	0.531018645
166.086417	0.536184432
166.134314	0.540778681
166.183295	0.529373369
166.231192	0.541908493
166.27941	0.538216573
166.328299	0.530236733
166.377028	0.531445523
166.424765	0.542071439
166.47328	0.532606094
166.52178	0.532217524
166.569899	0.535797458
166.618895	0.52594964
166.666991	0.536496131
166.714941	0.539198501
166.763365	0.534566427
166.812048	0.532433097
166.860907	0.530527446
166.909102	0.537809608
166.956427	0.547780687
167.005492	0.528122314
167.053656	0.537870051
167.102019	0.535006963
167.150839	0.52956054
167.198828	0.538365867
167.24742	0.532235497
167.295119	0.543327383
167.343771	0.533366085
167.392455	0.533250853
167.440543	0.540616188
167.488982	0.536452431
167.537085	0.540009044
167.585844	0.532570737
167.633963	0.539274225
167.682669	0.531812912
167.730719	0.538222151
167.779005	0.534699127
167.827406	0.533149378
167.876074	0.531150637
167.924483	0.533917859
167.973151	0.532568367
168.020796	0.544861845
168.069426	0.534018502
168.117773	0.537617368
168.166121	0.538373446
168.214049	0.543146614
168.262923	0.531604707
168.311369	0.534962278
168.359412	0.53896669
168.408362	0.528572668
168.456938	0.532187483
168.505377	0.533880062
168.553404	0.538874631
168.601653	0.536896615
168.650099	0.535239932
168.698653	0.535023795
168.746863	0.539837046
168.795081	0.540378669
168.843359	0.539653365
168.892157	0.533055146
168.940787	0.533725183
168.988768	0.540569513
169.037207	0.53565391
169.085661	0.535185513
169.134367	0.532592353
169.182387	0.540561139
169.231261	0.531157223
169.279829	0.535272653
169.328345	0.536926058
169.376784	0.538578092
169.425391	0.537432933
169.473692	0.541635915
169.521941	0.542309714
169.570982	0.533388356
169.618834	0.54683887
169.667502	0.53790444
169.716376	0.535691271
169.764945	0.539201112
169.813017	0.544914629
169.861494	0.540653204
169.910277	0.537512007
169.958487	0.544795658
170.00717	0.540275121
170.055342	0.547250761
170.104361	0.538994901
170.15267	0.54789469
170.201414	0.542667681
170.249487	0.54978686
170.298498	0.539164822
170.346739	0.547697497
170.395026	0.546944267
170.443564	0.544451051
170.492453	0.540563131
170.541327	0.540603106
170.588873	0.555769571
170.637938	0.539143004
170.686224	0.549164749
170.734885	0.545587155
170.7834	0.547571518
170.832289	0.543381022
170.880919	0.545898731
170.929167	0.550020274
170.977682	0.546417202
171.026663	0.54036811
171.075049	0.545821194
171.123144	0.548915447
171.171751	0.543141431
171.220267	0.544636901
171.268568	0.548188793
171.316985	0.548096225
171.365347	0.5498367
171.413542	0.553149884
171.462584	0.543804066
171.510962	0.551232706
171.559782	0.546452737
171.608374	0.548729589
171.656714	0.550558582
171.704977	0.550454264
171.754271	0.538888918
171.801741	0.559871966
171.851218	0.537557609
171.899474	0.552506201
171.947996	0.55041629
171.99613	0.555797617
172.045287	0.544913505
172.093527	0.555252975
172.142172	0.550449316
172.191214	0.545779277
172.239966	0.548265783
172.287856	0.557682711
172.337088	0.542157468
172.385405	0.551709123
172.433516	0.553672748
172.482748	0.541478935
172.531348	0.549438126
172.580466	0.54431734
172.628714	0.555035552
172.677847	0.545942498
172.72592	0.558054902
172.77458	0.551011884
172.823317	0.549935827
172.871451	0.556334008
172.920225	0.548461726
172.969	0.547903879
173.017683	0.549088975
173.06674	0.544869107
173.11479	0.556902979
173.163908	0.546293237
173.212721	0.551082512
173.261084	0.557758261
173.309798	0.554432134
173.358237	0.558239255
173.406439	0.56108399
173.455496	0.550770439
173.504408	0.551772858
173.553274	0.551691234
173.601408	0.559727062
173.650504	0.548703052
173.698897	0.556483832
173.747694	0.55169454
173.796393	0.553876808
173.84445	0.561680068
173.893545	0.550139339
173.942053	0.557311926
173.990431	0.559080563
174.039511	0.550949266
174.088415	0.552599037
174.136664	0.559764847
174.185416	0.553492421
174.234534	0.549374605
174.282629	0.561167067
174.331274	0.555412723
174.380026	0.554811636
174.428748	0.556748767
174.47756	0.557488072
174.525915	0.564246203
174.574805	0.55915164
174.623465	0.562382833
174.67179	0.566346883
174.721281	0.552965126
174.769087	0.572625518
174.81777	0.561954538
174.866965	0.555867746
174.915678	0.561506546
174.964156	0.564401353
175.012343	0.567715169
175.060522	0.569223077
175.110602	0.549100983
175.158598	0.574087119
175.207121	0.568613099
175.256407	0.559780515
175.305121	0.566183016
175.353835	0.566538207
175.402449	0.567678506
175.451033	0.568226033
175.499655	0.567327561
175.548613	0.563210223
175.597174	0.567983416
175.646986	0.554005001
175.694716	0.578836725
175.743758	0.564087761
175.79241	0.568949284
175.841032	0.569303513
175.889899	0.566236959
175.938765	0.565837625
175.987418	0.568110956
176.035864	0.570193808
176.084547	0.567363111
176.133452	0.564245434
176.181746	0.571293112
176.230704	0.563766445
176.27957	0.565125692
176.327696	0.574249367
176.376601	0.565386984
176.425108	0.569916459
176.474013	0.564951853
176.522498	0.569671491
176.571059	0.568608751
176.620612	0.557488649
176.669455	0.565840567
176.717886	0.57021855
176.766539	0.566832616
176.815428	0.564297079
176.864127	0.566243149
176.913107	0.563134474
176.961874	0.565928644
177.010397	0.568779227
177.058981	0.567912518
177.107695	0.565840142
177.156935	0.559704634
177.205916	0.56262767
177.254652	0.565825969
177.303274	0.56740956
177.350996	0.578645201
177.399451	0.570158001
177.448729	0.56085957
177.497733	0.564069603
177.546141	0.571433043
177.594832	0.568304963
177.643263	0.572160334
177.692435	0.564166327
177.741202	0.569319923
177.789923	0.570402272
177.838934	0.567221667
177.887724	0.570170989
177.935797	0.578954189
177.984816	0.567532219
178.033873	0.566919801
178.08264	0.57029127
178.131522	0.569211514
178.18006	0.573237074
178.22869	0.572447515
178.277434	0.571809713
178.325972	0.574802149
178.375266	0.565913244
178.424185	0.570358405
178.472739	0.57476361
178.52175	0.569563604
178.570517	0.572646313
178.618956	0.576703335
178.667853	0.571341349
178.716994	0.568101949
178.766157	0.567783756
178.814696	0.57596399
178.862944	0.580470363
178.912184	0.569937572
178.960661	0.579928536
179.00981	0.572471494
179.058974	0.572536969
179.108038	0.573597578
179.156439	0.58166069
179.205473	0.574791227
179.254065	0.580617862
179.302695	0.580747815
179.351706	0.57631042
179.400282	0.581383847
179.448821	0.581814061
179.498114	0.573549361
179.546782	0.581798195
179.595473	0.582543934
179.644728	0.576725737
179.693365	0.583949771
179.741766	0.586053705
179.790869	0.576573137
179.839293	0.584663625
179.888838	0.572312076
179.9373	0.585807255
179.986403	0.578058716
180.035338	0.578860688
180.083533	0.587706918
180.132048	0.584256924
180.181174	0.577452807
180.230544	0.574672579
180.279028	0.585289152
180.328322	0.575611008
180.376593	0.587404483
180.425848	0.575211736
180.474402	0.583171374
180.523718	0.574109163
180.572195	0.58408889
180.621001	0.580109725
180.66931	0.586119524
180.718794	0.572350909
180.76731	0.5843867
180.816496	0.577861782
180.865332	0.583279947
180.913931	0.586616028
180.962882	0.582545822
181.011587	0.584787378
181.060355	0.583342181
181.109045	0.583533949
181.15779	0.581775502
181.207175	0.573560786
181.255293	0.588011065
181.30448	0.575185556
181.353796	0.573994763
181.40219	0.585696151
181.451155	0.579746381
181.499945	0.582779052
181.548766	0.583428433
181.597899	0.580385968
181.646353	0.588540456
181.696288	0.570989848
181.744025	0.596549069
181.793448	0.575367604
181.842505	0.578691099
181.891798	0.575809581
181.9401	0.58821174
181.9895	0.575482495
182.037207	0.596712026
182.086996	0.572384127
182.135527	0.588177156
182.184775	0.580371209
182.233473	0.587453574
182.282217	0.586344497
182.331221	0.582965955
182.381003	0.573740008
182.429053	0.593869088
182.478194	0.580137487
182.527335	0.579981521
182.576186	0.583862919
182.625319	0.580860638
182.674078	0.586530888
182.722647	0.589904885
182.77146	0.587866904
182.820692	0.583262948
182.869391	0.58953158
182.918875	0.579941813
182.967436	0.590691968
183.016653	0.582096209
183.065505	0.585999069
183.113791	0.592599092
183.163344	0.577580946
183.211569	0.594237626
183.26084	0.582405513
183.30992	0.58515468
183.359	0.585315177
183.407988	0.58651199
183.45661	0.590730095
183.505675	0.58518407
183.554274	0.590346189
183.603377	0.583780893
183.651755	0.592450509
183.701269	0.578708008
183.750449	0.582589631
183.799544	0.584284827
183.848128	0.591799845
183.89691	0.590300015
183.946028	0.586943849
183.994788	0.591480482
184.043463	0.592648562
184.09281	0.584462458
184.141646	0.590387013
184.190512	0.589490263
184.2396	0.585905238
184.288619	0.586423973
184.337172	0.591864578
184.386069	0.587752745
184.435179	0.585875287
184.484366	0.585880453
184.53295	0.59421256
184.582114	0.588374435
184.631453	0.587449838
184.680205	0.595362293
184.728896	0.596848293
184.778448	0.587267018
184.826659	0.603458466
184.875983	0.589161952
184.924696	0.596134148
184.974547	0.582697573
185.023795	0.590018884
185.072615	0.596001848
185.121405	0.597291207
185.170462	0.594887016
185.219496	0.595187764
185.268286	0.598629228
185.317374	0.595102158
185.365973	0.601000034
185.415617	0.587585319
185.463683	0.605862366
185.512869	0.591447292
185.561919	0.593513336
185.611494	0.587869651
185.660261	0.597947357
185.709181	0.596882552
185.757925	0.599406188
185.807349	0.591494467
185.856474	0.595288839
185.904631	0.607665434
185.954794	0.58289672
186.003165	0.604232411
186.052046	0.597583875
186.101385	0.592003721
186.150244	0.59803715
186.199248	0.596408986
186.247725	0.603242569
186.297255	0.591076156
186.34603	0.600611859
186.395346	0.594470699
186.443999	0.603335003
186.493285	0.596224255
186.542319	0.600190342
186.591505	0.599257716
186.640601	0.600904001
186.68952	0.603497387
186.738058	0.608878327
186.787093	0.60272177
186.836737	0.595278658
186.885016	0.611943903
186.934447	0.597507205
186.982947	0.609176808
187.032324	0.598417003
187.081137	0.605610824
187.130873	0.593741499
187.179549	0.606311356
187.228186	0.607175768
187.277068	0.604634611
187.326407	0.599707548
187.375975	0.59765071
187.424834	0.606342319
187.472861	0.616907599
187.522307	0.59876051
187.571654	0.599443637
187.620062	0.610929682
187.669318	0.599811997
187.718459	0.60065956
187.767653	0.599607395
187.816756	0.600000855
187.865622	0.603664775
187.914572	0.603814241
187.964346	0.594415658
188.012923	0.609639349
188.061697	0.607171834
188.111456	0.594527168
188.16001	0.608619884
188.209441	0.59694593
188.258063	0.605740406
188.307295	0.597474199
188.356398	0.598474876
188.405402	0.599528724
188.454825	0.59468666
188.503355	0.606666392
188.55271	0.597325947
188.602255	0.595660874
188.651305	0.602058822
188.700064	0.605978469
188.749464	0.598204404
188.798315	0.604796039
188.847311	0.602489507
188.896903	0.594918969
188.945319	0.60941322
188.99478	0.59683899
189.04315	0.611207969
189.092078	0.605213106
189.14176	0.596799022
189.190772	0.606321679
189.239821	0.607277924
189.288748	0.609846979
189.337447	0.613239296
189.386969	0.603144481
189.436133	0.606536709
189.48522	0.606472074
189.534522	0.603264384
189.582571	0.619055855
189.632315	0.598629324
189.681456	0.606480895
189.730673	0.605910685
189.779868	0.606242629
189.82868	0.611617029
189.877951	0.60615284
189.926321	0.617651067
189.975653	0.605483747
190.024565	0.610287051
190.074027	0.602994732
190.122557	0.614625663
190.171675	0.608098307
190.22077	0.609602515
190.269919	0.610058782
190.319548	0.604735997
190.368246	0.616958171
190.417212	0.613998641
190.466467	0.611265629
190.515341	0.617112667
190.564764	0.610766358
190.613501	0.619554243
190.662497	0.616484993
190.711554	0.616066397
190.760931	0.612231788
190.809966	0.616934856
190.85871	0.620576046
190.907919	0.614950657
190.957617	0.609200928
191.006293	0.622095671
191.055685	0.613279209
191.104567	0.619061844
191.15425	0.608745789
191.203116	0.618988481
191.252341	0.614862438
191.30126	0.619304778
191.350676	0.613768398
191.399535	0.620718113
191.448607	0.617954039
191.497664	0.618077497
191.546942	0.615772949
191.596091	0.617674254
191.645071	0.620736239
191.694411	0.616472324
191.743559	0.619119649
191.792304	0.624996401
191.841566	0.620067007
191.891119	0.618149869
191.939772	0.630939734
191.989264	0.620968332
192.03858	0.623123627
192.087309	0.630203533
192.136496	0.62366476
192.184729	0.635627642
192.234587	0.614401023
192.284155	0.617482738
192.332671	0.630576961
192.381842	0.622212362
192.431464	0.617240984
192.481032	0.619495166
192.529646	0.632886104
192.578055	0.636536952
192.627676	0.621312011
192.676657	0.62951027
192.726088	0.623214662
192.775237	0.626701457
192.824713	0.622025452
192.873419	0.631295471
192.922644	0.624803412
192.971526	0.629166015
193.020789	0.624810393
193.069174	0.636769686
193.118666	0.623022175
193.167723	0.629864182
193.217215	0.625222861
193.266287	0.6312404
193.315741	0.626291881
193.364828	0.630546763
193.413634	0.633747262
193.462607	0.63120696
193.511893	0.627140046
193.560988	0.630084092
193.610114	0.630418885
193.659201	0.632049188
193.708662	0.628322157
193.757002	0.644688787
193.806357	0.632552695
193.855681	0.633592793
193.905348	0.629457249
193.954466	0.635627886
194.003455	0.636684346
194.052016	0.64160098
194.101553	0.629313068
194.150267	0.640549514
194.199591	0.633228851
194.248908	0.633811055
194.298232	0.634731905
194.347555	0.635308455
194.396063	0.646333809
194.445677	0.632153296
194.494696	0.638931382
194.543814	0.636323755
194.59278	0.637381432
194.641974	0.633634202
194.691626	0.627859597
194.740301	0.640564522
194.789557	0.633100089
194.838766	0.633966122
194.888014	0.634334173
194.936964	0.63869587
194.98667	0.628879653
195.03546	0.639870271
195.084792	0.631358138
195.133467	0.638773031
195.182608	0.631785124
195.231604	0.63365998
195.280821	0.631322126
195.330374	0.627379417
195.379454	0.633896916
195.428381	0.636685362
195.477805	0.631024247
195.526808	0.636795706
195.576041	0.634240069
195.62496	0.637558804
195.674483	0.628624929
195.723654	0.632049909
195.772658	0.633899748
195.821089	0.641652548
195.870283	0.632381527
195.92018	0.624174542
195.969374	0.633572237
196.018401	0.635882351
196.067343	0.638318608
196.116537	0.635694584
196.165389	0.640220388
196.214446	0.636734669
196.263808	0.63186937
196.313391	0.628396855
196.362029	0.640756553
196.411086	0.636136764
196.460257	0.635312953
196.511023	0.616179951
196.558493	0.659603082
196.608015	0.63295445
196.657553	0.634136986
196.706725	0.639881781
196.756201	0.636079774
196.804938	0.644701689
196.854048	0.639020399
196.90267	0.645040518
196.9522	0.633588406
197.001784	0.633626948
197.050749	0.642395183
197.099722	0.642894115
197.148863	0.641463259
197.198637	0.63470102
197.247725	0.644684936
197.297079	0.64181698
197.346159	0.645187319
197.395041	0.64752433
197.443991	0.646366025
197.493498	0.63979046
197.54254	0.646681949
197.591727	0.645640451
197.641226	0.642092281
197.69026	0.648406959
197.739958	0.640374289
197.78887	0.65097908
197.837836	0.650160978
197.887976	0.633739277
197.936621	0.651917653
197.984961	0.654704657
198.034468	0.638622329
198.083647	0.642957781
198.132788	0.643660364
198.182356	0.638506448
198.231726	0.641331816
198.280776	0.645094421
198.329703	0.646928778
198.379424	0.636521024
198.427878	0.65266301
198.477194	0.640519186
198.526144	0.644736033
198.575591	0.63816331
198.624312	0.648024851
198.674033	0.635545738
198.723273	0.642277807
198.772276	0.645340896
198.821707	0.639693676
198.870642	0.646287891
198.920546	0.633791482
198.969038	0.652778185
199.018545	0.639095367
199.067328	0.647918168
199.116682	0.63981112
199.166037	0.639653455
199.215064	0.643818376
199.264166	0.642728562
199.312865	0.647725632
199.362662	0.633075722
199.411787	0.641703504
199.461119	0.639035203
199.510703	0.63586512
199.559805	0.642365142
199.609023	0.640989006
199.658133	0.641878223
199.707846	0.634292398
199.756049	0.654489182
199.805197	0.641895449
199.854872	0.635174635
199.903807	0.644696753
199.95291	0.64236014
200.001906	0.643835445
200.051833	0.631645179
200.100638	0.645940906
200.150534	0.631264738
200.199011	0.650922651
200.248702	0.635955338
200.297697	0.646301303
200.346304	0.652490819
200.395491	0.645086032
200.445021	0.640552711
200.494192	0.645410678
200.543494	0.64314931
200.593199	0.637848317
200.642271	0.645979951
200.691245	0.646996355
200.740813	0.638772156
200.790327	0.639978516
200.838629	0.656549226
200.88793	0.644180889
200.937697	0.638800613
200.986762	0.647374232
201.03649	0.638210861
201.085043	0.653206745
201.134154	0.645391497
201.18347	0.64281956
201.232909	0.640477449
201.282057	0.643661822
201.330839	0.647780685
201.380606	0.635245111
201.42964	0.645690355
201.478728	0.646212368
201.528586	0.636932452
201.57701	0.655928291
201.62654	0.641129667
201.676009	0.641997903
201.724547	0.654291631
201.774252	0.639225566
201.823935	0.639389611
201.872931	0.648160299
201.922728	0.638384872
201.9709	0.66056876
202.020743	0.639805188
202.069525	0.654830551
202.11904	0.645730448
202.168074	0.652028045
202.217505	0.646575805
202.2666	0.650731044
202.316069	0.645702368
202.365218	0.649468326
202.413481	0.660915496
202.463148	0.641812679
202.512701	0.6430037
202.561987	0.647549711
202.61067	0.656613816
202.660086	0.647549321
202.709486	0.648163182
202.759283	0.643061665
202.807516	0.663873814
202.856741	0.650703378
202.905676	0.65430805
202.955382	0.643785338
203.004706	0.64813167
203.05345	0.655750216
203.103285	0.641755943
203.151679	0.662433869
203.201422	0.646293488
203.250304	0.659310847
203.299742	0.653061421
203.3487	0.660092614
203.397948	0.65589456
203.447386	0.653060834
203.496748	0.654018482
203.546011	0.654748211
203.594832	0.660382005
203.644675	0.646872538
203.693289	0.663972859
203.742438	0.658019833
203.792013	0.65442951
203.841406	0.658289747
203.890364	0.665116201
203.939726	0.659717888
203.988913	0.661445919
204.038184	0.659442864
204.087912	0.652323566
204.136595	0.665151368
204.185423	0.662272786
204.235205	0.649132827
204.284888	0.651013566
204.333617	0.664586222
204.382826	0.659130567
204.431822	0.663454408
204.481009	0.661896262
204.529913	0.666387475
204.579543	0.656638419
204.628752	0.662025119
204.678206	0.65803702
204.726858	0.668174684
204.776198	0.658608331
204.825736	0.656326959
204.875014	0.660863662
204.924109	0.665165461
204.973509	0.662840128
205.022505	0.669623008
205.071707	0.667533569
205.12123	0.663020698
205.169936	0.673490993
205.219351	0.662849248
205.268904	0.659831157
205.317809	0.667922233
205.366919	0.66531541
205.41609	0.665032831
205.465796	0.659069301
205.514487	0.674784223
205.563826	0.667665507
205.612608	0.676296756
205.661894	0.669581397
205.711348	0.667151199
205.760939	0.664754909
205.8095	0.678249044
205.859877	0.653127058
205.908369	0.676842742
205.957999	0.660902955
206.007056	0.668422666
206.056052	0.669693322
206.105376	0.666978609
206.154509	0.670723632
206.203581	0.672297296
206.252943	0.668486372
206.301413	0.680551631
206.351111	0.663056924
206.400763	0.662760641
206.449934	0.668316147
206.498229	0.679141182
206.548056	0.657282369
206.597746	0.65929223
206.646559	0.671946477
206.695135	0.676519581
206.744887	0.662676863
206.794669	0.66395083
206.843306	0.68056608
206.893309	0.662289005
206.942717	0.670312075
206.99156	0.677679085
207.040678	0.673602396
207.090193	0.66710539
207.139387	0.670547197
207.18804	0.677979917
207.237677	0.664827845
207.286833	0.671820347
207.335951	0.67324993
207.385565	0.667863022
207.434493	0.678182158
207.484145	0.6686392
207.533621	0.670915637
207.582106	0.683573455
207.631758	0.666759199
207.680663	0.676413113
207.729842	0.671706861
207.778838	0.673563708
207.828879	0.659206717
207.877417	0.679479775
207.92655	0.671503981
207.976096	0.667335273
208.025359	0.67192774
208.073828	0.683566908
208.123732	0.663498728
208.172804	0.673643404
208.222022	0.670248533
208.270941	0.673340858
208.320464	0.664297879
208.36933	0.671978929
208.418097	0.67272972
208.467833	0.659487205
208.517508	0.661081735
208.566237	0.675690846
208.61566	0.667467453
208.664717	0.67384011
208.713202	0.682673701
208.762892	0.666776685
208.812376	0.66861982
208.86122	0.677264604
208.910391	0.672902121
208.960051	0.666400797
209.009627	0.667046615
209.058569	0.67593457
209.107573	0.676135481
209.156435	0.679703846
209.205839	0.674718166
209.254729	0.683895629
209.304129	0.678154316
209.353728	0.675952037
209.402575	0.686529493
209.450842	0.694307411
209.500422	0.674977912
209.549788	0.677163127
209.599139	0.676715385
209.648585	0.67428068
209.697588	0.679887985
209.746783	0.677406615
209.796034	0.677158839
209.845232	0.679115527
209.894251	0.684031731
209.943274	0.68537213
209.992853	0.678573783
210.0423	0.680527532
210.091361	0.685794376
210.140383	0.686370171
210.190058	0.677585781
210.2386	0.693986756
210.287951	0.681473858
210.337531	0.677914238
210.386473	0.686305148
210.435805	0.68148347
210.484595	0.690215849
210.534388	0.677954602
210.583754	0.684260736
210.632624	0.691555057
210.681857	0.686246423
210.730437	0.695086316
210.77994	0.681771783
210.829153	0.685729123
210.87858	0.683483415
210.927622	0.687827892
210.976546	0.68930687
211.02553	0.688620393
211.0749	0.684696896
211.124209	0.6874376
211.173232	0.692918542
211.22235	0.692634769
211.271025	0.699062821
211.320548	0.687970483
211.369589	0.695288278
211.419341	0.685960609
211.468039	0.70141415
211.51731	0.693819521
211.566679	0.691870277
211.616007	0.692566382
211.664854	0.700053175
211.713358	0.706127113
211.763075	0.689924151
211.812384	0.696689072
211.861445	0.700553209
211.910506	0.700858745
211.95949	0.702009251
212.008204	0.706063667
212.057341	0.699913377
212.106688	0.697102118
212.156596	0.688453774
212.205351	0.704361171
212.254526	0.698906126
212.303336	0.70455106
212.352744	0.696875665
212.401686	0.704116586
212.451189	0.696105217
212.50025	0.701965105
212.549097	0.703809369
212.597281	0.712546865
212.647169	0.687544959
212.696768	0.691154249
212.74581	0.698960502
212.794695	0.700387733
212.84445	0.687913028
212.893507	0.698488566
212.942492	0.700308012
212.991068	0.707210108
213.040881	0.69031925
213.090075	0.69902116
213.138613	0.707873831
213.187907	0.696525914
213.23733	0.69366799
213.286276	0.69992768
213.336165	0.686978741
213.384318	0.711045159
213.433955	0.689494177
213.483401	0.692410414
213.531958	0.706413633
213.581114	0.699864515
213.630194	0.702748815
213.679446	0.701749203
213.728987	0.69771216
213.77772	0.709464008
213.826952	0.702271532
213.87609	0.703660259
213.925883	0.693903933
213.974097	0.716403363
214.02381	0.693615336
214.073523	0.692920203
214.121989	0.711316866
214.170622	0.710244685
214.220183	0.698310043
214.270186	0.693328538
214.318594	0.716701246
214.368365	0.696811787
214.416941	0.713698397
214.465945	0.707451145
214.514925	0.707860227
214.564604	0.698302648
214.613028	0.71628358
214.662779	0.696682654
214.711592	0.710258579
214.760397	0.710693047
214.810171	0.697818305
214.858885	0.713581068
214.908465	0.70133868
214.957198	0.713178351
215.006335	0.706734471
215.055239	0.709772389
215.10509	0.695836429
215.153494	0.716365022
215.202708	0.704177755
215.251883	0.703441547
215.301154	0.701452275
215.350291	0.703267106
215.3991	0.707822207
215.448103	0.705993956
215.497374	0.703067915
215.546549	0.705033775
215.595957	0.701928709
215.644671	0.711880803
215.69398	0.702682708
215.742899	0.708280595
215.791552	0.712324621
215.841654	0.691747237
215.890425	0.710433706
215.93952	0.706395502
215.988619	0.707875292
216.037718	0.709223814
216.086894	0.709500059
216.135878	0.713488915
216.185729	0.701443822
216.234324	0.718778375
216.28319	0.714103228
216.331843	0.716061382
216.381346	0.70265674
216.430869	0.70119017
216.479735	0.709035527
216.529028	0.701733466
216.577757	0.70918325
216.627165	0.70027485
216.676398	0.704294791
216.725615	0.705665732
216.774748	0.707820721
216.823656	0.711439915
216.872889	0.706065583
216.922488	0.69976377
216.971278	0.710119361
217.020377	0.704427318
217.069704	0.70029142
217.118609	0.705020911
217.167631	0.70208789
217.216982	0.69722994
217.266157	0.700887802
217.314906	0.709403063
217.363386	0.715423454
217.412699	0.705355007
217.462607	0.69781894
217.511336	0.715178917
217.560397	0.710897844
217.609766	0.706469995
217.658728	0.712363526
217.707632	0.712025457
217.756827	0.706508095
217.805426	0.71434808
217.85512	0.699051325
217.904124	0.711138431
217.953589	0.706002155
218.00305	0.707283446
218.051592	0.720451894
218.10005	0.720806504
218.149672	0.703116283
218.198538	0.712953638
218.24721	0.714744193
218.296946	0.697034221
218.345561	0.711076761
218.39493	0.698320599
218.444067	0.700790755
218.493822	0.691597561
218.542109	0.712492737
218.59117	0.700630925
218.640845	0.691297626
218.689673	0.701933286
218.739138	0.691477724
218.788004	0.698913393
218.837374	0.691290178
218.886183	0.699520822
218.935465	0.692221979
218.984274	0.698823324
219.032694	0.70538351
219.082022	0.693833506
219.131354	0.695571362
219.180258	0.702839842
219.22922	0.703151042
219.278975	0.692136315
219.327918	0.70391634
219.37715	0.699233467
219.425921	0.705316053
219.47523	0.697604603
219.524714	0.694607556
219.573366	0.706099597
219.623354	0.687216471
219.67166	0.711313213
219.720969	0.698359008
219.769988	0.703769217
219.819029	0.703772582
219.867838	0.707028351
219.917437	0.695414232
219.966997	0.695551422
220.015574	0.709199429
220.064925	0.697909777
220.11381	0.704008177
220.162268	0.708037571
220.211909	0.689642918
220.260504	0.704167959
220.310046	0.690854221
220.359721	0.690354944
220.408007	0.711568958
220.457571	0.695156733
220.506281	0.70978768
220.555495	0.703951232
220.604536	0.707289357
220.653323	0.711990076
220.70294	0.700278161
220.751616	0.712512095
220.800654	0.70691624
220.849753	0.70596032
220.898829	0.706644338
220.948141	0.704540182
220.997027	0.711939428
221.046374	0.706477072
221.094778	0.721597048
221.144801	0.699359869
221.193957	0.712321808
221.243307	0.709854757
221.291342	0.728931871
221.340865	0.705813504
221.389963	0.709145819
221.439059	0.707221577
221.488718	0.697926778
221.537524	0.709604811
221.586295	0.711089485
221.635992	0.698839522
221.684123	0.722475638
221.733897	0.699134735
221.782107	0.723250458
221.831648	0.704162357
221.881094	0.70550821
221.930403	0.706894542
221.979094	0.714021687
222.028654	0.699463483
222.077177	0.713399404
222.126662	0.699251693
222.175696	0.707150344
222.224871	0.70709515
222.273615	0.715244123
222.322192	0.718828569
222.371809	0.705585117
222.420943	0.713796678
222.470171	0.713243991
222.518706	0.723820333
222.568362	0.706684927
222.617224	0.716557703
222.666418	0.710823412
222.71617	0.702757327
222.764204	0.728348294
222.813742	0.707732986
222.862662	0.717360897
222.912127	0.710375214
222.961066	0.718947069
223.009814	0.721348294
223.059084	0.713122891
223.108103	0.716160249
223.157526	0.709005793
223.205942	0.721102197
223.255057	0.70887948
223.304598	0.701961113
223.353751	0.708028846
223.402384	0.717538415
223.451983	0.705062897
223.50104	0.714194085
223.550055	0.716371703
223.598647	0.72373083
223.64778	0.716445129
223.697188	0.713197629
223.74605	0.72221086
223.79526	0.717629027
223.844725	0.713324235
223.893916	0.71704278
223.942297	0.729210205
223.99174	0.7146729
224.040678	0.724244664
224.088866	0.737751169
224.138792	0.714204934
224.187678	0.731467927
224.237044	0.726443749
224.286639	0.725289289
224.335234	0.741757002
224.383921	0.741050434
224.432883	0.736945765
224.481997	0.733839855
224.531382	0.729217801
224.580225	0.737558817
224.629225	0.735359537
224.677931	0.73990979
224.727221	0.730848661
224.776587	0.729196971
224.82543	0.736284856
224.874526	0.732047363
224.923235	0.737636104
224.97235	0.7324922
225.021811	0.728077551
225.070734	0.734833414
225.119521	0.73626755
225.169215	0.722152712
225.217787	0.737671718
225.266756	0.731510863
225.316195	0.72433545
225.365229	0.730147242
225.413931	0.734592312
225.463103	0.726884424
225.512389	0.724554781
225.561247	0.730712983
225.610472	0.725123563
225.659876	0.721965475
225.708754	0.727984703
225.75796	0.721501898
225.806685	0.727268873
225.856085	0.716829028
225.904887	0.725907624
225.953787	0.724395846
226.003382	0.714217201
226.052355	0.72305482
226.10118	0.725032511
226.150229	0.721723164
226.199591	0.718333636
226.248839	0.720439745
226.297194	0.732967833
226.346442	0.718055827
226.396056	0.711082321
226.444354	0.729743846
226.493929	0.711409429
226.542635	0.72490828
226.591589	0.722287953
226.6407	0.720543847
226.69018	0.715986687
226.738905	0.727463707
226.787707	0.727915551
226.837202	0.718826033
226.885191	0.742434984
226.934962	0.715156977
226.983782	0.728162344
227.033491	0.715151312
227.082369	0.727910854
227.131484	0.726097577
227.180807	0.725019913
227.229281	0.739523414
227.2787	0.726487298
227.327734	0.734004169
227.37609	0.745885027
227.424853	0.740823031
227.474329	0.731108349
227.522997	0.744045159
227.572707	0.727519045
227.620985	0.748422678
227.670618	0.72848549
227.719439	0.741870782
227.768378	0.742636006
227.817217	0.746407501
227.866385	0.743010801
227.915381	0.74686581
227.964552	0.745216142
228.013544	0.748696811
228.062327	0.752137524
228.111575	0.745511558
228.160181	0.754624001
228.20941	0.743672946
228.258677	0.742493971
228.307436	0.750006632
228.356081	0.751412564
228.405592	0.739207351
228.45402	0.756482266
228.503165	0.745841372
228.552313	0.74610852
228.600974	0.754191879
228.649889	0.75138922
228.6995	0.741804838
228.748202	0.756423027
228.797518	0.74640133
228.846201	0.755507482
228.895659	0.742433166
228.944708	0.747799719
228.993891	0.745583865
229.042864	0.750232568
229.09199	0.749016472
229.140669	0.756706671
229.189799	0.750014205
229.238829	0.752717286
229.287352	0.760920807
229.337004	0.74371254
229.386248	0.748773136
229.434656	0.758935826
229.483706	0.745512858
229.532427	0.748436532
229.581244	0.745979294
229.631262	0.728985931
229.680018	0.749502392
229.728972	0.747825635
229.777518	0.755524977
229.826277	0.753927586
229.875578	0.746828245
229.924529	0.752921471
229.974005	0.745100081
230.022433	0.760764726
230.071017	0.756079948
230.120436	0.742282012
230.169386	0.749407411
230.21807	0.753926016
230.267523	0.7436657
230.316553	0.75102186
230.36545	0.754313645
230.414404	0.754660763
230.46353	0.752434382
230.512095	0.761132326
230.561415	0.749114636
230.610232	0.755730781
230.659514	0.74597138
230.708098	0.754735855
230.757086	0.747651318
230.805537	0.755401732
230.855399	0.732664804
230.904158	0.750283893
230.952723	0.754710118
231.001364	0.756303481
231.051249	0.739368615
231.099562	0.764736633
231.148802	0.75048973
231.197523	0.757601035
231.246264	0.756240275
231.295428	0.749080006
231.344496	0.748831723
231.393389	0.751336613
231.442053	0.755648541
231.491045	0.752029455
231.540266	0.750394475
231.588812	0.763155107
231.637236	0.766764675
231.686961	0.747643492
231.735674	0.763691106
231.784663	0.758798489
231.833704	0.757744682
231.882536	0.761265057
231.931021	0.766121333
231.980471	0.751067799
232.029654	0.75593865
232.078677	0.759500249
232.127432	0.766359639
232.175932	0.772769731
232.225657	0.755263578
232.27447	0.770292675
232.322642	0.781672153
232.371977	0.762597297
232.420905	0.767930764
232.470221	0.760912935
232.519015	0.766846627
232.5674	0.772004986
232.616404	0.761727825
232.665293	0.763625313
232.714281	0.763105759
232.763735	0.758183412
232.812819	0.765324497
232.861357	0.774981672
232.910208	0.770487845
232.959429	0.764371204
233.008376	0.767764741
233.056643	0.777858467
233.105826	0.762921592
233.155024	0.762091416
233.203604	0.770383429
233.252398	0.766638979
233.301382	0.763802036
233.351069	0.754599975
233.399084	0.783180849
233.448363	0.764374492
233.497195	0.771732717
233.546316	0.766410362
233.595709	0.761568978
233.64369	0.784071026
233.693179	0.760910595
233.742224	0.768724837
233.790823	0.77589642
233.839556	0.774090008
233.888407	0.772968789
233.937453	0.771252853
233.986205	0.778477034
234.035098	0.777625416
234.083868	0.779992596
234.13299	0.772962819
234.181765	0.777235178
234.230112	0.782877392
234.279311	0.768340631
234.328783	0.763598199
234.377654	0.771381802
234.42631	0.773787567
234.474928	0.773824289
234.523547	0.774116089
234.57263	0.767409272
234.622122	0.76273745
234.670294	0.784582409
234.719378	0.770115164
234.768168	0.774345371
234.816935	0.77382039
234.865584	0.775132792
234.914526	0.770498254
234.963023	0.777179106
235.012331	0.764236592
235.061236	0.770789915
235.110274	0.769583474
235.159003	0.776082268
235.207651	0.778112065
235.256689	0.772911018
235.306216	0.765604106
235.354517	0.784344037
235.404974	0.749353621
235.452944	0.786822922
235.502272	0.764400115
235.550459	0.782148183
235.599516	0.768282327
235.648653	0.766058
235.697497	0.770324855
235.74634	0.771738814
235.795729	0.764505646
235.844672	0.77295642
235.893614	0.774368758
235.943098	0.766824394
235.991126	0.789784252
236.039973	0.775986324
236.089304	0.767861892
236.138224	0.773905562
236.187086	0.774570101
236.236186	0.770708743
236.285204	0.771416624
236.333895	0.776439117
236.382738	0.774663574
236.431643	0.775011412
236.480505	0.777478673
236.5296	0.775050542
236.578818	0.773184407
236.627135	0.787202134
236.675768	0.781574394
236.724806	0.774816532
236.773924	0.773395964
236.822882	0.775586293
236.871787	0.775968738
236.920454	0.779927565
236.969435	0.775942637
237.017931	0.78614893
237.066893	0.780328697
237.116263	0.775546853
237.164931	0.78710458
237.213389	0.789582409
237.262484	0.778355497
237.310534	0.794264845
237.359087	0.785367721
237.408224	0.775577793
237.456698	0.785974494
237.505949	0.772433901
237.555048	0.774666727
237.603289	0.788918937
237.652544	0.773187703
237.70125	0.783215961
237.75025	0.779296367
237.799349	0.777395306
237.848292	0.778822659
237.897154	0.778412086
237.944304	0.805041821
237.99407	0.761733831
238.042929	0.774924262
238.092154	0.767727991
238.140505	0.781076979
238.189459	0.772221131
238.238142	0.776897675
238.287035	0.774438229
238.335871	0.776656501
238.3851	0.77128179
238.434031	0.776807323
238.482928	0.777346676
238.532019	0.773912207
238.581263	0.771650545
238.63008	0.778686186
238.67882	0.780643837
238.727911	0.774808148
238.77698	0.775968847
238.825663	0.783688358
238.87448	0.783615453
238.923686	0.779939449
238.972037	0.795290787
239.021418	0.779042636
239.070082	0.790335271
239.119578	0.777065819
239.168608	0.784281612
239.217291	0.790052859
239.266127	0.787331961
239.315352	0.780167823
239.363936	0.790068886
239.412932	0.78378656
239.462057	0.782652651
239.511092	0.786215419
239.559519	0.797793283
239.608374	0.793053704
239.657427	0.791674852
239.706923	0.784989797
239.756342	0.785885094
239.804831	0.80048068
239.853453	0.797126741
239.902544	0.787089343
239.951517	0.787689165
240.000277	0.790811518
240.049521	0.782853825
240.098788	0.783067605
240.147566	0.791897723
240.197161	0.779594697
240.245764	0.79649519
240.294932	0.787521598
240.343535	0.796312411
240.392393	0.791812052
240.442183	0.775939718
240.491175	0.787793351
240.540244	0.784918273
240.588847	0.79165114
240.637919	0.78389709
240.687319	0.7785285
240.736193	0.788132943
240.785303	0.784693925
240.834219	0.787126653
240.883444	0.781935758
240.932494	0.784058299
240.981058	0.790901589
241.030344	0.778397011
241.078715	0.791495501
241.12805	0.774301284
241.177056	0.778011601
241.226431	0.771745235
241.275555	0.775465879
241.324503	0.778782841
241.373431	0.780150619
241.422711	0.775621825
241.471463	0.785650138
241.520022	0.78942102
241.569867	0.769159005
241.61895	0.780861818
241.66815	0.777663071
241.716904	0.784336461
241.766222	0.774366473
241.815541	0.774455355
241.864079	0.787404383
241.91371	0.770837048
241.962462	0.786928462
242.011061	0.791629679
242.060845	0.774693549
242.109793	0.789272945
242.158858	0.787541536
242.207709	0.790790823
242.256911	0.784400863
242.306462	0.778215444
242.35504	0.791969705
242.404377	0.778337919
242.452994	0.789609838
242.502371	0.777943359
242.551279	0.786858093
242.600422	0.784692571
242.64976	0.783034405
242.698124	0.800646521
242.747637	0.783431696
242.796254	0.798959155
242.84602	0.781448453
242.894558	0.801674282
242.943449	0.796488588
242.993254	0.781613157
243.042103	0.797549403
243.091149	0.795186467
243.139649	0.803953699
243.188559	0.798158531
243.237799	0.793448298
243.28698	0.794693536
243.335423	0.807101458
243.384585	0.795298293
243.433669	0.796568814
243.483298	0.788050421
243.531722	0.808880783
243.581234	0.791371477
243.630377	0.796483441
243.679226	0.800966686
243.728136	0.800251059
243.77722	0.798345968
243.826188	0.802007067
243.876246	0.785912848
243.924279	0.820083734
243.973734	0.796952018
244.022994	0.799960466
244.071494	0.812895984
244.119915	0.814378529
244.169663	0.792296349
244.219057	0.796984265
244.267695	0.807830349
244.316029	0.811257084
244.365183	0.796687922
244.414219	0.798580991
244.463276	0.798718095
244.512217	0.80148242
244.561528	0.79634345
244.610602	0.801054044
244.659834	0.799621714
244.70895	0.803064173
244.757441	0.814405903
244.807162	0.795088802
244.855868	0.810330499
244.904593	0.808814132
244.954449	0.789468812
245.003153	0.807490473
245.051627	0.811766453
245.100975	0.798111926
245.150265	0.799728806
245.199362	0.803012281
245.247971	0.811609884
245.297358	0.799108214
245.345967	0.812027955
245.394711	0.809610036
245.443962	0.80103878
245.492768	0.807211856
245.541571	0.805963866
245.590393	0.804680751
245.640074	0.790368064
245.688897	0.805381984
245.737174	0.815553027
245.7866	0.79731996
245.835501	0.806516788
245.884617	0.803989212
245.933148	0.814313719
245.98197	0.809757578
246.03134	0.800622178
246.08059	0.802107447
246.129471	0.806136648
246.178353	0.804494628
246.227469	0.800363728
246.27672	0.798186191
246.325835	0.802159603
246.37456	0.810067544
246.423111	0.81392605
246.472636	0.798417165
246.520853	0.82121549
246.570105	0.804008852
246.619162	0.806874937
246.667868	0.812201317
246.716555	0.810659052
246.765709	0.80124536
246.81461	0.804374204
246.863453	0.804413634
246.912451	0.801582185
246.961274	0.805292393
247.009844	0.810226527
247.059115	0.799192062
247.108872	0.791952522
247.156975	0.820518655
247.206597	0.795805293
247.254816	0.819063529
247.303912	0.803902214
247.352793	0.805471259
247.402258	0.795102758
247.450594	0.813504462
247.499281	0.807800648
247.548172	0.805134506
247.597746	0.795606437
247.646637	0.807808385
247.695353	0.811656377
247.744479	0.806154129
247.793974	0.800412259
247.842516	0.815998951
247.891211	0.812983364
247.940377	0.803657745
247.988741	0.815823344
248.037535	0.806944506
248.086895	0.797176621
248.135765	0.805145039
248.184521	0.807769928
248.233666	0.803211544
248.282305	0.813375431
248.331372	0.807810801
248.379969	0.816586043
248.428822	0.812804357
248.477829	0.810394541
248.526156	0.821697927
248.574971	0.813201375
248.624075	0.8062936
248.672947	0.80828738
248.72176	0.807616107
248.770554	0.807047437
248.819115	0.811383643
248.867968	0.806908294
248.916625	0.810642965
248.965672	0.804811692
249.014738	0.805257986
249.063357	0.813315325
249.11184	0.816171007
249.160456	0.814509072
249.209582	0.805719971
249.25824	0.813569345
249.307093	0.810754155
249.3561	0.808677783
249.404991	0.810798562
249.453318	0.819913961
249.502112	0.81304662
249.550965	0.813100497
249.600382	0.804744036
249.648474	0.827605013
249.697951	0.805048265
249.747036	0.812845922
249.795304	0.827344219
249.844254	0.81551925
249.893107	0.816402214
249.941939	0.816688502
249.990635	0.818467398
250.039626	0.812970496
250.088088	0.822320545
250.137505	0.807215365
250.186161	0.820508019
250.234782	0.821448763
250.284453	0.803930947
250.332701	0.827381704
250.381768	0.814024712
250.430775	0.814705194
250.479083	0.826434
250.528014	0.815385197
250.576924	0.8153653
250.62599	0.81172763
250.675251	0.808194979
250.723296	0.829257755
250.772257	0.815328518
250.821316	0.815457565
250.870257	0.819102027
250.919161	0.821095236
250.968493	0.815171225
251.017083	0.829649236
251.06622	0.821689256
251.114439	0.838139871
251.162756	0.836551054
251.212733	0.808011355
251.261168	0.83369024
251.309817	0.830374443
251.358816	0.825518052
251.407465	0.833145567
251.456484	0.828621018
251.504919	0.839989828
251.553665	0.835605427
251.602568	0.834656633
251.651257	0.839275396
251.7001	0.837357512
251.749197	0.833244087
251.797495	0.846058591
251.845755	0.845619908
251.895262	0.82407638
251.944125	0.835133531
251.992892	0.837458959
252.041247	0.845915816
252.089936	0.841130569
252.138722	0.840341464
252.18743	0.842683732
252.235415	0.855667601
252.284415	0.838068465
252.332713	0.849728247
252.381497	0.840523104
252.430634	0.832584297
252.479069	0.842720249
252.527581	0.840130719
252.575898	0.843218327
252.625191	0.826706187
252.673703	0.841258377
252.721922	0.847260504
252.770377	0.844108328
252.819748	0.829430035
252.86789	0.851110611
252.916577	0.841953215
252.965266	0.841757441
253.014109	0.838364992
253.062661	0.842289176
253.111817	0.831215352
253.159664	0.853586055
253.208372	0.838225822
253.256554	0.846365224
253.305085	0.839714468
253.353733	0.838113659
253.402323	0.84002205
253.451188	0.836424227
253.500109	0.836532382
253.548836	0.841051938
253.597857	0.837550533
253.646136	0.85135751
253.69492	0.842036249
253.743882	0.838136833
253.79212	0.849897054
253.840867	0.840423584
253.889691	0.838943162
253.938425	0.841526844
253.987418	0.838163911
254.035763	0.850632015
254.084793	0.839759532
254.133686	0.842883686
254.182833	0.840068083
254.230379	0.869594103
254.279623	0.839075781
254.328184	0.850581073
254.377215	0.841338915
254.425873	0.846324246
254.474844	0.839698249
254.523465	0.844893177
254.572573	0.83641335
254.621916	0.83286329
254.669617	0.861950047
254.718726	0.837684464
254.767716	0.840424844
254.816374	0.847252025
254.865971	0.831662647
254.913849	0.861647572
254.962742	0.843333767
255.010659	0.858737472
255.060061	0.831343837
255.108876	0.840652843
255.157299	0.847437418
255.206017	0.843236974
255.254713	0.845091088
255.303393	0.846608113
255.351895	0.851106182
255.400965	0.842388534
255.448822	0.864075267
255.497774	0.844822017
255.546277	0.852474277
255.594857	0.850318324
255.642851	0.859315779
255.692076	0.836437625
255.741362	0.834736184
255.789669	0.85130576
255.838717	0.838824727
255.887396	0.845555192
255.93586	0.8498093
255.983561	0.863675465
256.032648	0.839108109
256.081328	0.845721107
256.129204	0.859421738
256.177884	0.843762021
256.227305	0.828992887
256.275006	0.856955971
256.323859	0.835465326
256.372284	0.842409668
256.420805	0.840771061
256.469406	0.840050154
256.517596	0.848676438
256.566588	0.836649015
256.615031	0.847383398
256.66412	0.836729989
256.713013	0.84042031
256.761008	0.855392536
256.80955	0.845004087
256.858324	0.840381949
256.906495	0.850567286
256.955759	0.831721245
257.004086	0.848168468
257.052628	0.844863142
257.101097	0.846919656
257.149628	0.847033298
257.19847	0.842267718
257.246883	0.850727107
257.295569	0.84650517
257.344079	0.849264591
257.393529	0.833013986
257.441843	0.852461715
257.49051	0.846262186
257.539587	0.839341791
257.588098	0.848325271
257.636491	0.849915272
257.685197	0.844617962
257.73449	0.834748
257.78255	0.856513977
257.831765	0.836901347
257.880705	0.841283076
257.929059	0.850881157
257.977315	0.852134083
258.026608	0.833713399
258.075157	0.846360064
258.124646	0.830173328
258.172491	0.858897498
258.221706	0.834685325
258.27092	0.835462866
258.319685	0.843411916
258.368234	0.847633169
258.417136	0.841635423
258.465373	0.852947598
258.514704	0.834291347
258.563429	0.845018888
258.612116	0.846377867
258.661076	0.842171987
258.709235	0.856712833
258.758155	0.843993094
258.807272	0.842058853
258.856193	0.846604365
258.904469	0.858390449
258.953272	0.848966835
259.001509	0.858663771
259.050704	0.841265486
259.099254	0.852110452
259.148057	0.84773367
259.196665	0.851287806
259.245528	0.847309831
259.294097	0.852610354
259.342549	0.854878718
259.391548	0.845830212
259.439276	0.868579182
259.488275	0.846066024
259.536883	0.852364859
259.585374	0.8531161
259.633923	0.850940809
259.682746	0.845726006
259.731022	0.855597513
259.779356	0.855442143
259.827984	0.851217483
259.876808	0.848752118
259.924477	0.870102463
259.973496	0.847337861
260.021614	0.863605516
260.070692	0.846980557
260.119144	0.857479756
260.16785	0.851964339
260.216106	0.859270219
260.264988	0.848223936
260.313415	0.856489444
260.361581	0.861924561
260.410512	0.849658578
260.458953	0.859561319
260.507336	0.862494242
260.556344	0.85280242
260.604785	0.863626877
260.653129	0.865672374
260.702177	0.85283655
260.750364	0.866623778
260.799236	0.853617835
260.847285	0.86741718
260.896294	0.850011741
260.945518	0.846074952
260.993783	0.862979848
261.042362	0.857406388
261.090842	0.860140764
261.139694	0.854150144
261.188448	0.85613304
261.237555	0.849867683
261.285624	0.867492329
261.334398	0.854669902
261.383035	0.856866419
261.431476	0.860369196
261.479937	0.859868546
261.529142	0.847268577
261.577563	0.861391281
261.625925	0.863467452
261.674543	0.86057708
261.72365	0.853250656
261.772679	0.855190742
261.821081	0.866123941
261.869698	0.861517173
261.918198	0.863289196
261.966952	0.858585575
262.015628	0.859841121
262.065008	0.847261352
262.113274	0.866662126
262.162224	0.854778233
262.209901	0.878943911
262.259694	0.842678773
262.308585	0.859276946
262.356947	0.869907414
262.405957	0.859238732
262.454594	0.866094302
262.503348	0.864117473
262.552788	0.852296609
262.601229	0.870134846
262.64965	0.870970902
262.698425	0.865133661
262.747414	0.861561295
262.795855	0.871805338
262.844296	0.872406651
262.89352	0.858666808
262.941707	0.877302442
262.990461	0.867191676
263.039626	0.859929502
263.088636	0.86275003
263.137253	0.869878612
263.186262	0.863532976
263.234037	0.886484894
263.282713	0.870861017
263.331389	0.871648891
263.380848	0.859337946
263.428995	0.883201407
263.477436	0.878411994
263.525662	0.882529776
263.57419	0.877095037
263.623444	0.864777566
263.672285	0.872735264
263.720638	0.882108079
263.769872	0.866776966
263.818106	0.885105939
263.866772	0.877639738
263.914948	0.886726943
263.963457	0.881327672
264.012162	0.877547748
264.060925	0.87602411
264.110042	0.869549391
264.158629	0.878563628
264.207569	0.872181936
264.255882	0.883909217
264.305293	0.864686111
264.353194	0.892369983
264.401977	0.876282687
264.450565	0.879785364
264.499014	0.881753991
264.548268	0.868106825
264.596522	0.885579375
264.645247	0.876441971
264.693481	0.884962088
264.742559	0.868831538
264.791381	0.872911578
264.840066	0.875294612
264.889222	0.866931785
264.937202	0.888877714
264.986357	0.868184388
265.034866	0.88000524
265.083885	0.87124399
265.13257	0.878245164
265.181471	0.874572874
265.230274	0.876117505
265.279331	0.870942141
265.32735	0.888491733
265.376428	0.868758779
265.425211	0.874062317
265.474111	0.872692138
265.523012	0.87347833
265.571462	0.882355569
265.620207	0.877801405
265.668872	0.880089339
265.717812	0.87685303
265.767007	0.873196639
265.81532	0.889739784
265.8643	0.877823229
265.913161	0.879233695
265.961788	0.882953839
266.011374	0.86585085
266.059962	0.884009507
266.108784	0.880519782
266.157646	0.881152042
266.206939	0.874623325
266.255114	0.895948836
266.304995	0.867026955
266.353504	0.892881641
266.402307	0.888197534
266.451247	0.886100502
266.499893	0.891307591
266.548736	0.886977203
266.597597	0.886140853
266.647106	0.874193281
266.695614	0.89240071
266.744069	0.893512821
266.792741	0.889927812
266.841393	0.890666792
266.89083	0.877382232
266.939404	0.893814341
266.987939	0.894941499
267.036376	0.896564785
267.086166	0.871608037
267.134348	0.900012129
267.183844	0.875499775
267.232379	0.892069757
267.280737	0.895333711
267.330193	0.875520484
267.37863	0.894742115
267.428165	0.875772622
267.477269	0.884757859
267.525745	0.897267423
267.573613	0.909225154
267.623678	0.869148422
267.672213	0.896093944
267.720649	0.897034427
267.769537	0.887713053
267.818268	0.88990582
267.867391	0.882508114
267.915867	0.894328305
267.964579	0.89039755
268.013662	0.884602691
268.062236	0.895661555
268.111419	0.886096842
268.160149	0.894969386
268.209351	0.886675136
268.257474	0.905902361
268.307068	0.878152115
268.354681	0.914251986
268.403882	0.884136829
268.452751	0.889941779
268.50207	0.882076395
268.550899	0.891496839
268.599591	0.894836496
268.648184	0.898452494
268.698151	0.875268966
268.746117	0.912758269
268.794809	0.899647843
268.844011	0.889883807
268.892624	0.899685134
268.942218	0.881563723
268.990517	0.905072913
269.04017	0.880356979
269.088665	0.901477979
269.13724	0.900575026
269.186049	0.896862796
269.235074	0.894438518
269.283884	0.899758075
269.332556	0.903009819
269.382228	0.885471132
269.430861	0.90490518
269.48018	0.891796124
269.529029	0.900289561
269.577937	0.899161157
269.62757	0.886384887
269.675928	0.909828824
269.724953	0.89739032
269.774135	0.894724772
269.822788	0.904716584
269.872009	0.895819113
269.921643	0.889576043
269.969685	0.919770407
270.018189	0.911532328
270.067852	0.889207991
270.116828	0.90109906
270.165843	0.900238348
270.214446	0.908045138
270.263696	0.896415943
270.312005	0.914102783
270.36102	0.90098484
270.410506	0.892427594
270.459266	0.907017501
270.50889	0.892109851
270.557099	0.919300368
270.60692	0.890170014
270.655464	0.912628987
270.704439	0.903377734
270.753337	0.904147005
270.801959	0.909227397
270.851013	0.901578231
270.899871	0.905541246
270.949299	0.89494688
270.998883	0.892155615
271.047447	0.911991505
271.095833	0.915575093
271.144377	0.913481599
271.194256	0.889468419
271.242957	0.911659246
271.292169	0.901712109
271.340889	0.910788275
271.389963	0.904513417
271.438939	0.906809401
271.488052	0.90455592
271.537146	0.904756976
271.585611	0.916076201
271.634233	0.912559726
271.683464	0.90175488
271.73244	0.906113095
271.781671	0.901247739
271.830392	0.910747136
271.879878	0.896094022
271.92905	0.900589782
271.977791	0.907858889
272.027061	0.897996725
272.075742	0.909068882
272.124659	0.905074186
272.173949	0.898317744
272.222493	0.912257402
272.270978	0.913515798
272.320641	0.893742493
272.369479	0.909681647
272.41871	0.903138116
272.467824	0.904745768
272.517035	0.902406698
272.565952	0.9078509
272.614849	0.908402724
272.664119	0.902087762
272.713331	0.903628583
272.76211	0.912140301
272.810693	0.915645092
272.860455	0.894853251
272.909018	0.91710542
272.958544	0.899043523
273.006518	0.928127141
273.056142	0.896515115
273.104666	0.916367735
273.154058	0.90021459
273.20306	0.907430222
273.252317	0.902961791
273.301319	0.908089228
273.349987	0.914476978
273.399578	0.897752727
273.448403	0.91323361
273.497189	0.913700832
273.546171	0.909966647
273.595369	0.905711868
273.644096	0.914802201
273.693117	0.909827619
273.741864	0.91409932
273.791573	0.894905609
273.840083	0.916473207
273.889911	0.8919257
273.938323	0.918083749
273.987462	0.905041696
274.036562	0.906479358
274.085151	0.917307367
274.134429	0.906003996
274.183175	0.916950782
274.232157	0.913670011
274.281513	0.90739969
274.330416	0.915556802
274.379398	0.913607778
274.428184	0.917433753
274.477677	0.904563177
274.526423	0.918488533
274.575582	0.911360226
274.624624	0.913677133
274.673429	0.918163177
274.722607	0.912455029
274.771413	0.919577716
274.820021	0.923290279
274.869063	0.915251776
274.918025	0.915917901
274.967459	0.907260927
275.016048	0.923501946
275.065738	0.903627907
275.114366	0.923945163
275.164174	0.902691523
275.212822	0.924746114
275.261706	0.921428655
275.310688	0.920025494
275.359906	0.915602574
275.40936	0.910986855
275.458067	0.924919558
275.507442	0.911861159
275.55611	0.925123076
275.604935	0.922678271
275.653858	0.92149918
275.703273	0.913129552
275.752569	0.915932573
275.801335	0.926551516
275.850514	0.919902476
275.899968	0.916039113
275.948793	0.927805724
275.997716	0.925582244
276.046049	0.936587288
276.095287	0.918754006
276.145272	0.904004586
276.194214	0.923668193
276.243098	0.925253865
276.291845	0.928577824
276.341888	0.905101389
276.390221	0.937504088
276.439172	0.926176483
276.488103	0.927549838
276.537624	0.917200617
276.586437	0.930666366
276.635329	0.928644807
276.684161	0.929230755
276.734096	0.907430652
276.782849	0.929313294
276.831662	0.928802227
276.880711	0.924975478
276.929288	0.93462382
276.978652	0.920455112
277.02774	0.925897544
277.077458	0.914599892
277.126074	0.936884734
277.175182	0.927747023
277.224388	0.925414515
277.272985	0.935639464
277.322467	0.917511067
277.371516	0.924706169
277.419975	0.936118657
277.469496	0.916447292
277.518407	0.928349752
277.568204	0.912204091
277.616525	0.940292527
277.665436	0.930270897
277.714328	0.931074981
277.763868	0.918977661
277.812386	0.937655384
277.862104	0.914370605
277.91072	0.933946118
277.959415	0.931302747
278.008641	0.921008316
278.056982	0.938208334
278.106542	0.916014127
278.155552	0.927362236
278.205132	0.917654607
278.253217	0.947541029
278.302247	0.930784548
278.351886	0.920143777
278.401132	0.928077931
278.450318	0.928682186
278.499367	0.929759304
278.547924	0.93839938
278.597052	0.927193435
278.646455	0.922258882
278.69513	0.937114355
278.744317	0.92841423
278.79311	0.936727835
278.841648	0.942328305
278.890736	0.933584184
278.940237	0.926266379
278.989641	0.927897167
279.038689	0.934676025
279.088152	0.924897895
279.137712	0.921650149
279.186702	0.931843395
279.235692	0.931506008
279.284289	0.93897311
279.333475	0.928241672
279.382505	0.931771211
279.43179	0.928039985
279.480642	0.93794925
279.530045	0.927834854
279.579094	0.93443363
279.628196	0.933238378
279.676681	0.943749782
279.726604	0.91618245
279.774874	0.947044175
279.823852	0.933370408
279.874051	0.911017747
279.923383	0.927453984
279.972558	0.931659744
280.02126	0.942352394
280.070534	0.932880112
280.119551	0.938273129
280.168687	0.935791025
280.217645	0.939005368
280.267234	0.925857139
280.316409	0.93316381
280.365505	0.933997165
280.41462	0.933296367
280.463775	0.932455194
280.513148	0.928425673
280.561889	0.940897321
280.610769	0.939799772
280.660101	0.93214014
280.709236	0.936575812
280.758412	0.936099773
280.807961	0.929156808
280.856447	0.948667489
280.905976	0.927531278
280.954816	0.93952864
281.003912	0.933717865
281.053008	0.933393033
281.102912	0.918216199
281.152027	0.933072541
281.201537	0.925900393
281.249886	0.949274618
281.299395	0.928651073
281.34853	0.936746765
281.397646	0.937736271
281.446565	0.94165918
281.495977	0.931417681
281.544915	0.939994215
281.594543	0.92677706
281.643402	0.940931785
281.69238	0.938266479
281.741871	0.928503511
281.791814	0.920198304
281.840535	0.943698428
281.889376	0.943316385
281.938334	0.941695552
281.988179	0.92513401
282.037748	0.929704356
282.086903	0.936378225
282.136589	0.926107914
282.185883	0.933347537
282.234585	0.944951805
282.283602	0.938386253
282.332935	0.932072009
282.38213	0.934678164
282.431639	0.929892846
282.481484	0.924234343
282.530324	0.944003034
282.57938	0.940350089
282.62828	0.943341073
282.677809	0.930714857
282.727142	0.934255071
282.776494	0.93406128
282.825694	0.937160406
282.874599	0.942975911
282.923859	0.936292772
282.973218	0.93421133
283.022754	0.931564023
283.072369	0.93003314
283.121472	0.939243868
283.170279	0.944692857
283.219815	0.930532935
283.269115	0.935243965
283.317784	0.947288203
283.366886	0.938137655
283.415988	0.938025515
283.465801	0.924841478
283.515495	0.927361109
283.564301	0.944810559
283.612792	0.951026725
283.6616	0.94517215
283.711017	0.934694395
283.760593	0.932002132
283.810169	0.932860223
283.858444	0.95877877
283.907388	0.946331931
283.957023	0.932970478
284.00581	0.948877241
284.055209	0.937038033
284.10429	0.94319357
284.15296	0.951291308
284.201806	0.947674452
284.251421	0.932692381
284.300702	0.938857948
284.349705	0.944993874
284.39867	0.946086945
284.447673	0.946265256
284.496992	0.94082762
284.545997	0.9472296
284.59508	0.945092224
284.644044	0.946642261
284.69295	0.947361666
284.742644	0.931843125
284.791568	0.945965173
284.840632	0.942319408
284.889537	0.944721973
284.938541	0.942066153
284.988097	0.931677228