125.015402	0.035448339
125.061285	0.0357164
125.10784	0.035479905
125.15354	0.037548252
125.200446	0.036458246
125.245947	0.037491175
125.292151	0.036410765
125.33811	0.036689868
125.384375	0.037940317
125.430212	0.039479963
125.476309	0.039765777
125.522223	0.039527648
125.568671	0.038223739
125.615042	0.038145029
125.660696	0.039013165
125.707175	0.038401868
125.752921	0.038479918
125.79885	0.038187959
125.845618	0.037322223
125.891425	0.036893095
125.937857	0.035432339
125.983557	0.037201601
126.030005	0.037164109
126.07659	0.036338366
126.122443	0.037629141
126.168692	0.038571781
126.214804	0.036846976
126.260702	0.03684631
126.307715	0.035320303
126.353079	0.038385564
126.400015	0.038008955
126.446509	0.038552235
126.492896	0.038770475
126.538901	0.040624495
126.585776	0.03924008
126.631598	0.041798636
126.678152	0.041563634
126.724509	0.04168187
126.770743	0.042111011
126.81684	0.042576494
126.862738	0.042245035
126.908881	0.043097588
126.955817	0.041771074
127.001593	0.042577365
127.048483	0.041557952
127.09458	0.041826658
127.14089	0.041802553
127.187842	0.042289703
127.233786	0.042942573
127.280142	0.04318291
127.327048	0.042345385
127.373343	0.04222031
127.420187	0.040694088
127.465384	0.04230654
127.512091	0.041096867
127.557959	0.042280937
127.6052	0.04260965
127.651511	0.043294614
127.698263	0.043026812
127.744009	0.043857356
127.790625	0.043057977
127.837332	0.04380765
127.88346	0.04386827
127.929724	0.043571757
127.976157	0.042999119
128.022467	0.042448861
128.069479	0.039944942
128.115546	0.040217695
128.162466	0.039712071
128.209036	0.040243698
128.254828	0.040381967
128.301581	0.039311114
128.347632	0.041055063
128.394781	0.039518539
128.440787	0.040824647
128.48754	0.039168777
128.533804	0.040185184
128.580191	0.03947053
128.626303	0.039623425
128.673498	0.038549487
128.719382	0.039056942
128.766425	0.037650702
128.812506	0.038016601
128.858969	0.03749969
128.905432	0.036496014
128.951849	0.036420184
128.998022	0.036702807
129.045615	0.035471353
129.091742	0.036517783
129.13819	0.036524357
129.184973	0.035912355
129.231635	0.035106947
129.278891	0.035110037
129.324912	0.036790164
129.371283	0.038278145
129.418005	0.037470016
129.464911	0.036964963
129.511389	0.036658741
129.558081	0.03626212
129.604834	0.03716028
129.651358	0.03737713
129.698416	0.037622577
129.744788	0.038027235
129.791998	0.037674331
129.838522	0.038159756
129.884924	0.038207935
129.931677	0.036790951
129.97869	0.0358335
130.024619	0.038588248
130.071417	0.039354382
130.117636	0.040272229
130.164694	0.03855996
130.211401	0.038518681
130.257788	0.038718971
130.304434	0.038553885
130.351218	0.039689216
130.398444	0.039469522
130.444922	0.040072079
130.490851	0.041277528
130.537695	0.039889447
130.584357	0.0387169
130.631461	0.039270476
130.677771	0.041285773
130.724814	0.042832583
130.771277	0.042868737
130.818228	0.0412539
130.864676	0.041253179
130.911536	0.040711484
130.957816	0.041334691
131.004141	0.041505699
131.05123	0.041008665
131.098654	0.040351636
131.144995	0.041221424
131.191809	0.040438712
131.238654	0.041476829
131.285208	0.044300286
131.33158	0.045587485
131.378851	0.046128267
131.426062	0.046408206
131.472189	0.047658421
131.519171	0.046805733
131.565649	0.046917285
131.612906	0.046674394
131.659094	0.047526215
131.70574	0.04667335
131.752264	0.045928925
131.799628	0.044661702
131.84574	0.046427346
131.893317	0.045085893
131.939612	0.048025012
131.986319	0.049384427
132.033224	0.04978106
132.079977	0.050129324
132.1276	0.048773229
132.174185	0.049772164
132.220801	0.049258451
132.267737	0.049387939
132.314032	0.049743522
132.361365	0.048056497
132.408362	0.047971789
132.455176	0.047935904
132.502493	0.048776595
132.549765	0.049616912
132.596396	0.051370701
132.643378	0.050409649
132.690634	0.050838177
132.73754	0.051290968
132.783728	0.05137812
132.831412	0.049426899
132.87821	0.049875381
132.92449	0.050218047
132.971564	0.04948363
133.018774	0.049136701
133.065604	0.049751309
133.112585	0.051004149
133.159552	0.053220424
133.206473	0.054070675
133.253821	0.053842703
133.300421	0.054524329
133.347739	0.051744103
133.39501	0.051469314
133.441733	0.051753891
133.488654	0.051285498
133.535986	0.050493338
133.582724	0.050421181
133.629919	0.049491899
133.677298	0.047840817
133.724051	0.047980902
133.771246	0.04717697
133.817984	0.04917331
133.864844	0.051296679
133.911612	0.052378494
133.95899	0.05156084
134.006094	0.050382922
134.053244	0.050368128
134.100684	0.049795457
134.147498	0.05038795
134.194998	0.049997858
134.242255	0.050450231
134.288885	0.051200065
134.335608	0.051413294
134.382635	0.050602999
134.429526	0.0502571
134.477133	0.048782944
134.523825	0.050896006
134.570929	0.052849476
134.617926	0.054296102
134.665823	0.053107168
134.712561	0.053966907
134.759787	0.053003021
134.806158	0.053667415
134.852881	0.053009185
134.901053	0.051397656
134.947531	0.052790026
134.994879	0.051335802
135.041708	0.051669368
135.088904	0.051241295
135.136633	0.050916558
135.183707	0.052010785
135.230658	0.054186597
135.278159	0.057162149
135.325079	0.059375686
135.372397	0.059132403
135.419684	0.058582883
135.466635	0.058665584
135.513846	0.057347778
135.561026	0.057107927
135.60813	0.056286892
135.655798	0.054857502
135.702933	0.053852595
135.750189	0.05346843
135.797125	0.053878626
135.84484	0.054167809
135.89205	0.056948706
135.939597	0.057923744
135.986533	0.059258667
136.033316	0.059813669
136.080786	0.058776521
136.128317	0.058036652
136.175528	0.058200678
136.222296	0.058160446
136.269629	0.057213829
136.316855	0.057182139
136.364035	0.056492445
136.411337	0.055235574
136.459067	0.054975506
136.506094	0.056613881
136.553336	0.058623058
136.600149	0.060773919
136.647116	0.061399667
136.694983	0.059694485
136.742377	0.059463573
136.789542	0.059690979
136.836233	0.060435964
136.883917	0.059435236
136.931494	0.059676448
136.977805	0.061694842
137.02561	0.059657367
137.07308	0.059833427
137.120245	0.060527536
137.167364	0.060692168
137.21456	0.061072419
137.262228	0.060860045
137.309622	0.061810754
137.356543	0.062123977
137.403632	0.061228832
137.451269	0.060163077
137.498511	0.06041065
137.545508	0.060681068
137.593359	0.059301949
137.640112	0.059008121
137.687781	0.057507266
137.73429	0.059215178
137.781119	0.059404578
137.829016	0.059563116
137.876318	0.060500936
137.923453	0.059379603
137.971167	0.05836807
138.01824	0.059516843
138.065924	0.059248156
138.112631	0.06063172
138.160071	0.058751009
138.207678	0.057901787
138.255377	0.056979684
138.302756	0.057213467
138.349448	0.059509703
138.396841	0.059601563
138.444205	0.061508504
138.491583	0.062253653
138.538992	0.062423604
138.586508	0.062113851
138.634009	0.061829315
138.681799	0.060279856
138.729102	0.060665483
138.77619	0.060861471
138.82366	0.059609431
138.870322	0.059599823
138.918478	0.0568582
138.966376	0.056897942
139.012823	0.058465043
139.060446	0.057583053
139.108542	0.058401009
139.155691	0.059953719
139.20304	0.060150696
139.250647	0.059516506
139.297781	0.058784577
139.345999	0.057103856
139.392966	0.058146527
139.440192	0.057817648
139.487494	0.057703943
139.535315	0.05635102
139.582892	0.054803806
139.629645	0.053791027
139.677359	0.052919091
139.72518	0.053704242
139.772513	0.057170287
139.820044	0.059141818
139.867926	0.060046898
139.915244	0.059965388
139.963141	0.058946571
140.01029	0.058672143
140.057532	0.058015112
140.105032	0.057147595
140.152289	0.057489622
140.199881	0.056821673
140.247748	0.055828599
140.295187	0.055289825
140.342658	0.05535645
140.390051	0.057786349
140.438071	0.058739639
140.485052	0.061511012
140.532431	0.061384501
140.580389	0.060188423
140.627615	0.059726998
140.675269	0.058992394
140.722555	0.05823999
140.769843	0.058049531
140.817191	0.058140989
140.865622	0.057250319
140.912848	0.058385633
140.960379	0.058121432
141.007849	0.060126543
141.055045	0.06156755
141.102896	0.061648141
141.150519	0.062090345
141.198309	0.061685421
141.245962	0.061656411
141.292914	0.06209235
141.340628	0.060815555
141.388739	0.060225699
141.436255	0.06118313
141.483664	0.061046107
141.531454	0.05990009
141.578421	0.06037838
141.626044	0.060392844
141.673865	0.060891968
141.721274	0.063175831
141.769553	0.062698538
141.817313	0.063447286
141.864249	0.064392503
141.912024	0.063093839
141.959418	0.062418913
142.008185	0.060394735
142.055426	0.062000088
142.10253	0.061403941
142.150488	0.059709499
142.197882	0.059613936
142.245902	0.060204025
142.293051	0.063210395
142.340689	0.063452862
142.388495	0.06487026
142.43569	0.066085518
142.483954	0.063540206
142.531607	0.063486682
142.57894	0.063665035
142.626212	0.063085401
142.674139	0.061626761
142.721655	0.061663056
142.769171	0.061800733
142.816458	0.0630153
142.864111	0.062819427
142.912115	0.062490181
142.959998	0.063517718
143.007239	0.066789094
143.054892	0.066788313
143.102271	0.067715823
143.149527	0.067500424
143.197775	0.064876779
143.245138	0.065642627
143.292761	0.065154201
143.340567	0.065076595
143.388556	0.065165174
143.436087	0.067037188
143.483862	0.06732688
143.531317	0.067895182
143.578604	0.0683682
143.626395	0.067598277
143.674017	0.068225087
143.721579	0.069496229
143.769186	0.068589257
143.817206	0.067025013
143.865271	0.066085691
143.912924	0.06606791
143.960822	0.066331731
144.008307	0.067817954
144.055441	0.068904478
144.10343	0.068107803
144.151099	0.069600723
144.198431	0.070458486
144.246634	0.069130248
144.294196	0.071670843
144.342276	0.071136257
144.389533	0.07255131
144.437704	0.070676197
144.485205	0.070649894
144.53269	0.070395574
144.580283	0.070375007
144.628104	0.070666219
144.67623	0.07133757
144.724249	0.07191463
144.771506	0.07349017
144.820349	0.071777513
144.867239	0.075004576
144.915732	0.072470436
144.962897	0.074255937
145.01087	0.072808191
145.058783	0.072848861
145.106436	0.073370488
145.154463	0.072710956
145.202635	0.07225114
145.249983	0.073278111
145.297331	0.073882314
145.345541	0.07237455
145.393347	0.072443097
145.441832	0.071113684
145.489317	0.07198745
145.537192	0.071895129
145.585738	0.071307567
145.633231	0.072944926
145.680975	0.072962619
145.728438	0.073388106
145.776312	0.072634055
145.824149	0.07254598
145.872252	0.071815055
145.919844	0.072194668
145.968161	0.071283065
146.015662	0.072634535
146.063933	0.071439786
146.112044	0.071316334
146.159979	0.071662676
146.207068	0.072317598
146.255316	0.070669239
146.303801	0.069652768
146.351004	0.071932018
146.398467	0.07144141
146.447089	0.070467076
146.494902	0.071869764
146.542837	0.071994661
146.590598	0.072256733
146.638487	0.07258818
146.686362	0.072820157
146.734518	0.072490202
146.782187	0.073275093
146.829573	0.074131849
146.877425	0.073726846
146.92536	0.073508917
146.973807	0.071808638
147.021963	0.072065839
147.068884	0.073879412
147.11698	0.071265451
147.164984	0.071632507
147.213179	0.071944973
147.260619	0.072300621
147.308424	0.071381815
147.356154	0.070492027
147.404166	0.070492734
147.452162	0.071526947
147.500899	0.071001394
147.548521	0.073046833
147.596419	0.073670169
147.644095	0.073335738
147.691771	0.073147121
147.739897	0.072133773
147.788016	0.072246123
147.83573	0.0729105
147.884383	0.071327776
147.932097	0.071597897
147.980238	0.069902348
148.028021	0.070442379
148.076186	0.07139285
148.123618	0.07334614
148.171233	0.073809344
148.219344	0.074332063
148.267767	0.074423374
148.315199	0.075673714
148.363547	0.073694105
148.411108	0.074840449
148.459174	0.074113024
148.50717	0.074534092
148.554587	0.075478813
148.602637	0.073073709
148.650908	0.072975152
148.698546	0.075988331
148.746817	0.075596618
148.794379	0.076961102
148.841834	0.078256044
148.890669	0.077214583
148.938193	0.078529926
148.985846	0.077197359
149.033896	0.075998518
149.081381	0.076386269
149.129752	0.072616334
149.177748	0.071710247
149.225554	0.071272865
149.273993	0.070885496
149.321669	0.072204038
149.369513	0.072180889
149.417784	0.071568512
149.465178	0.072955157
149.513304	0.073967148
149.561278	0.075370417
149.609068	0.077083979
149.656691	0.078323184
149.704848	0.076313842
149.753165	0.075356783
149.801268	0.075089849
149.848662	0.076797316
149.896651	0.075999826
149.944571	0.076269954
149.992644	0.076132793
150.0408	0.076540277
150.088591	0.077947658
150.136641	0.077977982
150.185103	0.077812693
150.232604	0.079414348
150.279944	0.078651264
150.328253	0.075179721
150.376082	0.075385173
150.424292	0.073862515
150.471655	0.074775757
150.519858	0.075229963
150.568137	0.075515067
150.615668	0.07712973
150.664221	0.075390273
150.711958	0.077052069
150.76039	0.077466047
150.807921	0.079778635
150.855955	0.078095107
150.904013	0.077830371
150.952063	0.075954132
151.000365	0.07582046
151.04859	0.07550352
151.096716	0.07571189
151.144377	0.076064824
151.19258	0.075501392
151.240187	0.076558606
151.288184	0.076809642
151.336554	0.076812585
151.384085	0.078071592
151.432799	0.074864106
151.480795	0.076300224
151.528906	0.076561997
151.576903	0.076473812
151.624869	0.077037995
151.672697	0.078435973
151.721236	0.077737207
151.76869	0.079999486
151.816954	0.079218809
151.864073	0.080999128
151.912497	0.078470673
151.961096	0.07843243
152.008589	0.078611195
152.057036	0.077256236
152.105246	0.07832705
152.153227	0.079133205
152.200964	0.08069994
152.248785	0.081647216
152.296339	0.082683936
152.344748	0.081208534
152.392485	0.082466847
152.440596	0.081749476
152.489081	0.080812869
152.537413	0.079496226
152.585768	0.078324369
152.633353	0.077932572
152.681204	0.076473575
152.728735	0.077492582
152.777541	0.076616745
152.82514	0.078853398
152.873534	0.078057421
152.921423	0.078733029
152.969908	0.077067528
153.017943	0.076739913
153.065512	0.077198311
153.113844	0.075579067
153.161429	0.075456258
153.209784	0.07254706
153.257544	0.075633634
153.305487	0.076999242
153.353766	0.076882396
153.401915	0.078195437
153.449286	0.079958266
153.497603	0.079881251
153.546431	0.079835064
153.593726	0.083559935
153.6425	0.081116501
153.690054	0.08208386
153.738219	0.079028672
153.785628	0.079659078
153.834639	0.078124163
153.88304	0.079117239
153.931097	0.080894634
153.979063	0.08196069
154.027388	0.080935089
154.075652	0.082324829
154.123526	0.083580835
154.171812	0.083114649
154.219176	0.086264659
154.267539	0.08493922
154.316046	0.084772888
154.363913	0.08575917
154.411887	0.085667495
154.460059	0.085189155
154.508337	0.085869932
154.55657	0.086509149
154.604254	0.087391186
154.652182	0.086446732
154.700842	0.085071915
154.748717	0.085728991
154.796904	0.085304142
154.84474	0.085267294
154.893324	0.082671751
154.940672	0.085039493
154.988898	0.083570575
155.037238	0.084210077
155.085791	0.083895348
155.133475	0.086054749
155.181792	0.085226785
155.229513	0.08643624
155.278235	0.08435082
155.325369	0.087504656
155.374167	0.084639069
155.422148	0.084250327
155.470168	0.084221618
155.51821	0.0847241
155.566893	0.084798987
155.614821	0.088214299
155.663046	0.087769889
155.711142	0.088042609
155.759001	0.087673456
155.807379	0.086422388
155.855101	0.087494563
155.902968	0.087476509
155.951758	0.086316361
155.999579	0.087634628
156.048407	0.085789084
156.096037	0.088721655
156.144247	0.089193069
156.191985	0.091290021
156.239928	0.091891827
156.288237	0.091583843
156.336317	0.091999148
156.384467	0.091118787
156.432974	0.088556483
156.480505	0.089494088
156.528571	0.088804306
156.577345	0.087158892
156.625311	0.087499683
156.673506	0.086747562
156.721922	0.086634747
156.769858	0.088596797
156.818015	0.090965226
156.866171	0.092626452
156.914214	0.09508893
156.962614	0.094374628
157.010771	0.094365805
157.05947	0.092076662
157.10768	0.092498029
157.155516	0.091577999
157.203902	0.090300331
157.251997	0.08865205
157.299757	0.089460229
157.347952	0.090470761
157.396803	0.089486333
157.444571	0.092480268
157.492796	0.091485457
157.541373	0.090311294
157.589919	0.089309293
157.636893	0.091531661
157.685385	0.086579319
157.733466	0.086789457
157.781905	0.085208149
157.829588	0.086468352
157.878218	0.085150331
157.926825	0.086039278
157.974135	0.090505778
158.0222	0.09018149
158.070578	0.089166285
158.118941	0.090499742
158.167288	0.092407496
158.215086	0.093638131
158.263541	0.091290327
158.311797	0.090093553
158.359915	0.088825753
158.40827	0.087013977
158.45645	0.087624787
158.504569	0.08681617
158.552046	0.088338922
158.600989	0.087297259
158.649054	0.090257009
158.697195	0.091775226
158.745352	0.092446738
158.793433	0.093176768
158.841719	0.09294342
158.889815	0.093645086
158.937598	0.093803789
158.985754	0.092833629
159.034491	0.092050945
159.082877	0.094463601
159.131125	0.094496403
159.179015	0.094645053
159.226836	0.094640742
159.275633	0.092880612
159.323317	0.094575694
159.371848	0.092722679
159.420401	0.092403167
159.468222	0.092440811
159.516653	0.090880162
159.563872	0.092935755
159.612669	0.090072021
159.660941	0.092980997
159.709288	0.093874702
159.757704	0.094417988
159.805449	0.096128482
159.853911	0.094857322
159.902335	0.095075325
159.950392	0.096161766
159.998404	0.097241983
160.047217	0.096266804
160.095129	0.096201326
160.143233	0.094910157
160.192313	0.093736447
160.24021	0.096348768
160.288596	0.096505185
160.336279	0.098212261
160.384871	0.09683483
160.433028	0.098144108
160.481451	0.098961252
160.529456	0.099776172
160.578291	0.09650689
160.626021	0.098205563
160.673987	0.09691283
160.722281	0.095244415
160.770117	0.096160608
160.818762	0.094506375
160.86769	0.094553452
160.915305	0.097734047
160.963538	0.097364672
161.011694	0.097229498
161.060248	0.095831058
161.107672	0.097674488
161.156172	0.095078772
161.204794	0.095046451
161.253088	0.095592404
161.300886	0.095073922
161.349387	0.094139834
161.397696	0.094317227
161.4457	0.095451554
161.493597	0.097802357
161.541769	0.098612269
161.589743	0.099284296
161.638594	0.097482159
161.686827	0.09763572
161.734946	0.097724474
161.783408	0.097121884
161.831419	0.097821928
161.879515	0.097129285
161.92758	0.09521031
161.976248	0.092076531
162.024161	0.091318473
162.072409	0.090464038
162.120932	0.092545035
162.168883	0.094429281
162.217581	0.094226652
162.265326	0.094718801
162.313445	0.094116003
162.361548	0.095492142
162.410368	0.094132323
162.458334	0.096916037
162.506796	0.09595776
162.554991	0.095315387
162.603033	0.094719965
162.65029	0.095891761
162.699087	0.093744245
162.747321	0.096776989
162.795134	0.098469784
162.843276	0.098739959
162.892134	0.099185326
162.940024	0.101910849
162.988501	0.101294033
163.036734	0.102102165
163.085478	0.101054932
163.133315	0.103126786
163.181525	0.103376597
163.22991	0.101877625
163.277899	0.102458061
163.326697	0.100537773
163.375021	0.101707893
163.42314	0.102646007
163.471579	0.103891461
163.519759	0.104706609
163.567931	0.106379378
163.616148	0.107111585
163.66487	0.105347925
163.712874	0.106081182
163.761206	0.105322237
163.809378	0.105326806
163.857535	0.104362286
163.905539	0.10424571
163.954489	0.102088004
164.002066	0.106225492
164.050238	0.106474099
164.09883	0.106806181
164.14678	0.110069892
164.194464	0.112070445
164.243468	0.109105426
164.291007	0.111807264
164.34014	0.106897952
164.387808	0.110096173
164.436102	0.107507484
164.484671	0.106314402
164.532637	0.107452331
164.580267	0.108721195
164.628989	0.106723446
164.677206	0.108638251
164.725417	0.109126056
164.773222	0.111714713
164.821753	0.111137742
164.869795	0.113412749
164.918349	0.11173849
164.96543	0.113941388
165.01425	0.10890398
165.06259	0.109129047
165.110823	0.109421097
165.159003	0.109573813
165.207442	0.108813927
165.255278	0.11084536
165.303572	0.110407537
165.351614	0.112124688
165.400297	0.111532973
165.44821	0.113677866
165.496993	0.112006166
165.544691	0.114745112
165.593169	0.112200476
165.640723	0.112637072
165.688956	0.109102217
165.737524	0.108327512
165.785361	0.10990785
165.833785	0.110198798
165.882506	0.11069907
165.930533	0.112592682
165.978766	0.11294387
166.027907	0.111086898
166.075896	0.114065976
166.124526	0.113461101
166.172743	0.114856985
166.220732	0.113723467
166.269057	0.1119198
166.316946	0.11183522
166.365538	0.108952847
166.413985	0.109312802
166.462332	0.110739305
166.51055	0.111883206
166.558684	0.112691539
166.607298	0.112145178
166.655776	0.113566633
166.703459	0.115921343
166.752295	0.113184273
166.79991	0.116095292
166.848502	0.114535064
166.897414	0.11221829
166.945158	0.113002567
166.993994	0.110493194
167.041945	0.113803326
167.090437	0.113403169
167.138785	0.114917767
167.186964	0.115717576
167.23567	0.11467961
167.283377	0.11910117
167.331686	0.118482986
167.380408	0.118670441
167.428946	0.11965033
167.477217	0.119160836
167.525618	0.118333405
167.573836	0.117313081
167.621993	0.11479185
167.669524	0.11562977
167.71797	0.11528703
167.766882	0.115178972
167.81481	0.118470474
167.862685	0.118784533
167.911352	0.116853557
167.959586	0.119723964
168.008124	0.119695749
168.055487	0.122244998
168.10404	0.118928491
168.152579	0.118467843
168.200941	0.117681674
168.249533	0.115081596
168.297842	0.115779318
168.345969	0.118483207
168.394103	0.120635412
168.442168	0.121219463
168.490797	0.120083242
168.538504	0.122432593
168.587096	0.119705168
168.635626	0.119645756
168.683829	0.121024519
168.732191	0.120725427
168.780089	0.120936518
168.827757	0.120813202
168.875822	0.119350482
168.924597	0.117938568
168.973074	0.118850969
169.021437	0.119543067
169.069533	0.121112764
169.117781	0.120723561
169.1668	0.118018578
169.214446	0.120862745
169.262846	0.119079243
169.311568	0.118244905
169.359801	0.118799356
169.407515	0.120656758
169.456236	0.119491135
169.504546	0.120774295
169.552824	0.1209221
169.601111	0.120851358
169.649176	0.121963344
169.697592	0.121896845
169.745879	0.122472005
169.794577	0.120731741
169.843016	0.120808071
169.891417	0.120575824
169.939726	0.120358234
169.987952	0.120576222
170.036429	0.120649071
170.084563	0.121413801
170.133078	0.120592615
170.181532	0.120786543
170.230101	0.120646008
170.278349	0.12213916
170.326338	0.122997919
170.374983	0.121133088
170.422911	0.122888965
170.472082	0.120280621
170.52014	0.122726805
170.568373	0.121504095
170.616888	0.118611411
170.665648	0.118468187
170.71469	0.118449757
170.762045	0.122732268
170.810805	0.12076286
170.858824	0.123444448
170.90753	0.122486191
170.955908	0.12299045
171.004462	0.122049833
171.052863	0.122049656
171.101202	0.121124171
171.149939	0.119833972
171.19776	0.120599918
171.246291	0.119831965
171.294936	0.122003634
171.343466	0.123126898
171.391242	0.125334282
171.439963	0.124147292
171.488722	0.124890871
171.537024	0.125909893
171.585448	0.125196917
171.634543	0.123038229
171.683188	0.124156604
171.730566	0.127634401
171.77986	0.123410385
171.828184	0.124817102
171.876868	0.123282915
171.925024	0.125580666
171.973364	0.125842733
172.022383	0.125318886
172.071066	0.127185527
172.119421	0.128420608
172.168082	0.127495256
172.21633	0.128130964
172.265166	0.126606286
172.313086	0.128990869
172.362089	0.125885848
172.410574	0.126616211
172.458975	0.12690883
172.507216	0.126436605
172.556868	0.123195245
172.604826	0.128079836
172.653731	0.126953498
172.701483	0.131851783
172.750204	0.129035794
172.79875	0.129970057
172.847258	0.129870637
172.895979	0.128894998
172.944014	0.130095819
172.992979	0.127116444
173.041487	0.128496024
173.089529	0.12861891
173.137618	0.127808758
173.186095	0.126331676
173.235014	0.12597436
173.283392	0.129736589
173.332434	0.129208793
173.38053	0.132688459
173.429053	0.131827427
173.477416	0.132090337
173.525732	0.131204199
173.574324	0.130239721
173.622755	0.129783042
173.671469	0.127240565
173.720023	0.127524494
173.76821	0.128463823
173.817038	0.126409053
173.865401	0.128428199
173.913779	0.129017233
173.963026	0.127448956
174.01142	0.130995271
174.05902	0.133683997
174.107893	0.130398502
174.156516	0.130911008
174.205229	0.130416553
174.253005	0.131331412
174.301779	0.127835606
174.350172	0.128368924
174.39897	0.127724614
174.447172	0.12950214
174.495512	0.129234044
174.54476	0.128194866
174.593176	0.13238032
174.641669	0.132264424
174.689955	0.132917014
174.737738	0.135093225
174.787505	0.130699476
174.834967	0.137009759
174.88484	0.128896371
174.932272	0.13488147
174.9812	0.12891153
175.02928	0.131050609
175.077788	0.130816781
175.127295	0.129126246
175.175002	0.135900999
175.224211	0.131787917
175.273024	0.132813786
175.321188	0.134482715
175.370718	0.130265964
175.41831	0.1365782
175.4672	0.132282464
175.515395	0.133545196
175.564131	0.131058347
175.613074	0.130290774
175.662245	0.130425458
175.71073	0.132581264
175.75965	0.132173675
175.807532	0.135476687
175.856718	0.131072167
175.904898	0.134219488
175.953993	0.13194126
176.002028	0.134841099
176.051024	0.132457314
176.099173	0.135089587
176.148871	0.1300146
176.196562	0.133494273
176.245619	0.1312816
176.294142	0.134373363
176.342909	0.13360979
176.391402	0.134750827
176.440169	0.134750864
176.488867	0.134919052
176.537924	0.133674622
176.586127	0.136126074
176.634985	0.134535982
176.683623	0.135025827
176.732474	0.133632132
176.780905	0.135167441
176.830077	0.134185467
176.878332	0.137578156
176.927428	0.134789999
176.975607	0.137875414
177.02455	0.135674993
177.072981	0.137005149
177.121787	0.135762551
177.170538	0.135310182
177.219427	0.134794638
177.268477	0.134379369
177.316931	0.136117772
177.365225	0.137552831
177.413695	0.137315679
177.462614	0.137120551
177.511656	0.137325689
177.559706	0.140318286
177.608305	0.138357411
177.657324	0.137755766
177.706831	0.136647041
177.755148	0.140116297
177.803542	0.140183208
177.852087	0.1395765
177.901442	0.136974388
177.950514	0.137819696
177.998679	0.139918328
178.047224	0.13980842
178.095656	0.140758958
178.145026	0.139573143
178.193243	0.142788227
178.242293	0.140304978
178.291243	0.140915871
178.339667	0.142327974
178.388358	0.141586679
178.436438	0.143350986
178.485564	0.140035531
178.534422	0.139204687
178.582877	0.140800279
178.631552	0.141002516
178.681052	0.139674736
178.730254	0.142109956
178.778525	0.144841688
178.827269	0.142840446
178.875937	0.143009781
178.924475	0.142922773
178.97383	0.140774205
179.021696	0.145305886
179.070845	0.141463125
179.119612	0.141082808
179.16799	0.141963529
179.216849	0.140940342
179.265601	0.142042806
179.314055	0.144553884
179.363333	0.143620956
179.411871	0.145583054
179.460936	0.14391425
179.509451	0.145236556
179.558844	0.142163693
179.606566	0.147028579
179.655562	0.143150903
179.703772	0.143739682
179.752615	0.142038899
179.802252	0.139473905
179.850577	0.144015496
179.898962	0.146618767
179.948027	0.145629363
179.997	0.146174918
180.045714	0.147488625
180.094	0.148381217
180.142722	0.146692256
180.190924	0.148070974
180.239966	0.14545262
180.288657	0.144853515
180.338011	0.142467377
180.386641	0.144221751
180.435294	0.144113108
180.483939	0.144760946
180.532515	0.145285312
180.581503	0.145007419
180.63037	0.146268946
180.678824	0.14813
180.727286	0.149031219
180.776106	0.148615292
180.825636	0.146132582
180.874228	0.148498726
180.923468	0.145639054
180.972151	0.145481381
181.020461	0.146078052
181.069701	0.143144351
181.117873	0.14684412
181.166243	0.148192855
181.215704	0.145758674
181.263922	0.149899989
181.313048	0.147515928
181.361571	0.150147898
181.409949	0.152262365
181.459334	0.149361087
181.507842	0.151756648
181.556662	0.150693334
181.605147	0.150922438
181.653563	0.148671311
181.702261	0.147075754
181.751044	0.147291784
181.799948	0.148378893
181.848898	0.149637059
181.897673	0.150952403
181.946089	0.152419872
181.994925	0.151784475
182.043524	0.152896009
182.09223	0.152483278
182.140929	0.152376759
182.189703	0.152100823
182.237982	0.153449826
182.286986	0.149918897
182.335272	0.151477752
182.384444	0.148620124
182.433165	0.15178202
182.480955	0.155460666
182.529707	0.153546659
182.578581	0.154136209
182.627379	0.155235679
182.676016	0.156294096
182.723937	0.159456751
182.773001	0.155645897
182.821356	0.157791053
182.869795	0.154927697
182.918776	0.151695208
182.968161	0.150244128
183.015952	0.155159399
183.064764	0.152931066
183.112723	0.156511224
183.16152	0.154618768
183.210562	0.15370228
183.258345	0.159497965
183.307105	0.155793639
183.355597	0.156409166
183.404829	0.153409013
183.453299	0.153995749
183.50109	0.154208072
183.550375	0.149142981
183.598319	0.153285443
183.647337	0.150022716
183.696074	0.152131298
183.744032	0.155329363
183.792929	0.152613842
183.841643	0.154526908
183.889716	0.156804699
183.938857	0.153858356
183.986792	0.157578912
184.035796	0.153784642
184.084044	0.154096297
184.133086	0.149749627
184.181349	0.15102284
184.230216	0.148999864
184.278861	0.149990971
184.327559	0.152027837
184.375937	0.154425945
184.42491	0.153072128
184.474059	0.152695057
184.522124	0.156204462
184.570799	0.155157348
184.619833	0.154429771
184.668333	0.155963283
184.716933	0.154721859
184.764922	0.15440448
184.813933	0.150025314
184.862608	0.151015426
184.911589	0.150824981
184.9606	0.152428742
185.009352	0.154107592
185.058676	0.152876737
185.107191	0.155438888
185.15547	0.156022434
185.204291	0.15454948
185.253439	0.153346373
185.301733	0.156188203
185.350142	0.154459226
185.399428	0.151581983
185.448309	0.153309045
185.497511	0.153855164
185.545615	0.157575459
185.594672	0.154366564
185.643378	0.155486797
185.692129	0.155242106
185.741034	0.154614875
185.789931	0.154517287
185.839117	0.153590635
185.88732	0.156440519
185.935629	0.15548512
185.984129	0.153118677
186.033568	0.149662525
186.082335	0.152897459
186.130797	0.15679078
186.179739	0.156174043
186.228507	0.157180362
186.277693	0.155670725
186.326407	0.156515173
186.375784	0.154094836
186.42449	0.156025312
186.473532	0.154535045
186.521689	0.157168887
186.570685	0.154149825
186.618979	0.155568234
186.668333	0.151953194
186.71646	0.156440419
186.766043	0.153792122
186.815001	0.158816801
186.863333	0.16164307
186.912443	0.159573397
186.961424	0.159842099
187.01013	0.160629642
187.059264	0.159009625
187.107596	0.161764632
187.156554	0.159185413
187.205649	0.157106295
187.254797	0.156378376
187.30358	0.158009574
187.352507	0.15950758
187.400359	0.165122301
187.449698	0.161319756
187.498442	0.164540767
187.54695	0.166943981
187.596152	0.16457963
187.644812	0.165560646
187.693716	0.165227746
187.743109	0.163270605
187.791899	0.163577781
187.840979	0.162288468
187.889685	0.163771684
187.938719	0.162894701
187.987135	0.166964076
188.035323	0.169192914
188.084784	0.165730369
188.133841	0.168156594
188.182814	0.16874338
188.231375	0.170304252
188.280936	0.166638142
188.330191	0.167575133
188.379034	0.168554313
188.427496	0.168508195
188.476805	0.165411331
188.525595	0.166927096
188.574011	0.168329865
188.622885	0.168619646
188.672034	0.169442396
188.720984	0.170732011
188.769934	0.172552538
188.818518	0.173589256
188.868018	0.170490907
188.917563	0.170384071
188.96601	0.172936605
189.014822	0.169969435
189.063544	0.169279544
189.112036	0.170065318
189.161169	0.169476914
189.210333	0.170488981
189.259772	0.170613329
189.309027	0.171498619
189.357443	0.174623212
189.406691	0.172614616
189.455206	0.174895432
189.504622	0.171917595
189.553343	0.173949699
189.602469	0.170963371
189.65145	0.170050363
189.700796	0.168625686
189.749457	0.172168273
189.798064	0.173313041
189.84764	0.170853337
189.89649	0.174315676
189.945975	0.171838673
189.994406	0.175631526
190.043448	0.173723133
190.092886	0.172448166
190.141379	0.174826765
190.191229	0.169068649
190.240118	0.171899956
190.288512	0.173542556
190.337462	0.172352701
190.386496	0.173113469
190.436255	0.170787342
190.484572	0.176047187
190.53353	0.173921716
190.583212	0.171401451
190.631995	0.174665436
190.680968	0.174795136
190.729834	0.175239779
190.779837	0.17051992
190.828604	0.17362393
190.877447	0.173157904
190.927443	0.169549312
190.975974	0.175735294
191.024741	0.175144311
191.074309	0.173041162
191.123572	0.173921223
191.172415	0.175571488
191.222212	0.171701389
191.27117	0.17474083
191.320189	0.174501625
191.369047	0.175735637
191.418158	0.173372157
191.467444	0.172844566
191.516341	0.174215647
191.565375	0.174480447
191.614317	0.175345816
191.663939	0.173362625
191.713011	0.175346214
191.762007	0.175660475
191.811346	0.174754773
191.860266	0.175938404
191.909247	0.175750276
191.958167	0.1760562
192.006834	0.176241612
192.056006	0.173773487
192.10536	0.173404627
192.154013	0.176577894
192.20291	0.178115224
192.252425	0.177120155
192.301382	0.178957969
192.351088	0.175836578
192.400084	0.178118214
192.449042	0.178232798
192.49819	0.176784989
192.547278	0.176974962
192.596564	0.174860727
192.645155	0.177898818
192.693938	0.176703647
192.743071	0.175433208
192.792258	0.177155136
192.841139	0.179587784
192.890135	0.180167654
192.939208	0.180412757
192.988257	0.180452116
193.037711	0.178654394
193.087164	0.178445066
193.135878	0.180744185
193.185233	0.178538035
193.233809	0.180591265
193.28311	0.176869869
193.332015	0.177737414
193.381415	0.176597401
193.430769	0.178159585
193.479308	0.18298039
193.52912	0.179514511
193.578154	0.182446013
193.627303	0.181717868
193.676016	0.18310814
193.724455	0.183241295
193.773703	0.180026513
193.82305	0.179867106
193.87142	0.181890336
193.921568	0.174954769
193.9699	0.181527362
194.019057	0.178994972
194.067969	0.182574681
194.117522	0.181843933
194.165915	0.186499443
194.215414	0.182125172
194.264334	0.183897381
194.313666	0.182125429
194.362975	0.1817059
194.411559	0.184372894
194.460768	0.180527588
194.510168	0.178322263
194.558234	0.183243598
194.607604	0.178446406
194.65666	0.180347775
194.706145	0.180616421
194.754401	0.187680613
194.804182	0.182449613
194.853186	0.18559276
194.902266	0.184806266
194.951132	0.185420028
195.000212	0.184565592
195.049368	0.184137766
195.097968	0.186160392
195.14707	0.181668156
195.19628	0.180765624
195.245375	0.181488128
195.29444	0.183110452
195.343382	0.184975595
195.392424	0.185046057
195.441084	0.18704198
195.49008	0.186082633
195.540007	0.183300916
195.58837	0.189368784
195.637648	0.185518803
195.686171	0.18849247
195.735289	0.186177609
195.78417	0.185319077
195.833693	0.182902996
195.882559	0.185258666
195.931586	0.186337666
195.980147	0.189649037
196.029219	0.188397144
196.078322	0.189478084
196.127364	0.189709791
196.17623	0.190556945
196.224753	0.191689048
196.274084	0.188063171
196.323294	0.188088438
196.37245	0.186704317
196.420783	0.189071153
196.470168	0.184789212
196.519225	0.186353932
196.568053	0.188729181
196.61698	0.188992153
196.666213	0.188218002
196.715277	0.188925459
196.763434	0.192609561
196.813261	0.186652067
196.861151	0.19443986
196.910681	0.187901931
196.959631	0.189965588
197.008581	0.189056267
197.058066	0.185798694
197.106886	0.188080449
197.155508	0.189314311
197.204329	0.190064495
197.253737	0.188154846
197.302634	0.190548324
197.351714	0.189815072
197.400572	0.191463713
197.449278	0.192610899
197.499014	0.188741009
197.548094	0.19115737
197.597182	0.190880569
197.645651	0.191000556
197.694052	0.189735537
197.743231	0.186147255
197.792914	0.185475129
197.841208	0.191322602
197.889967	0.190324048
197.939055	0.189636039
197.988615	0.187982463
198.036993	0.19280024
198.086081	0.190204203
198.135069	0.190115033
198.184004	0.189856817
198.232664	0.189064481
198.281867	0.186371134
198.330412	0.188704234
198.379942	0.18527692
198.428626	0.189883461
198.477324	0.190220718
198.526778	0.188152752
198.575728	0.190440881
198.624373	0.192151988
198.674086	0.189135449
198.722022	0.196446857
198.7713	0.191338342
198.820288	0.190956042
198.869032	0.190089167
198.918173	0.188462709
198.966704	0.191287707
199.015463	0.192233301
199.06497	0.190481246
199.113211	0.196340286
199.162817	0.191795232
199.211058	0.197312708
199.261046	0.190888525
199.309576	0.197355334
199.358412	0.196322814
199.40782	0.193686792
199.456404	0.194902217
199.505247	0.1929131
199.554137	0.192693668
199.603247	0.193556937
199.65277	0.192416279
199.701376	0.19633773
199.750342	0.194954347
199.799239	0.19540602
199.848555	0.193994268
199.896742	0.198670971
199.945631	0.195531956
199.994383	0.196297431
200.043455	0.193861656
200.09297	0.192267412
200.14189	0.194806285
200.190558	0.197389862
200.240378	0.193779107
200.288985	0.198932606
200.337981	0.197410119
200.387167	0.196601683
200.435934	0.197988298
200.485083	0.196352675
200.533423	0.19927901
200.582709	0.195264086
200.632315	0.1917264
200.681212	0.194202553
200.730673	0.192221713
200.779013	0.197730775
200.828719	0.193350119
200.877402	0.198313488
200.92655	0.197319909
200.975645	0.196899678
201.024794	0.196272563
201.073538	0.197887769
201.122649	0.196047363
201.17153	0.197079954
201.220313	0.197549013
201.269553	0.194460073
201.319281	0.192834043
201.367834	0.19817649
201.417174	0.195408241
201.466399	0.197672405
201.515013	0.201567255
201.564101	0.200185718
201.613112	0.200557758
201.662627	0.19831857
201.712157	0.198041139
201.760886	0.201284937
201.809576	0.201599052
201.858816	0.199254777
201.907393	0.201123214
201.956824	0.197476524
202.005591	0.200472085
202.054434	0.201244236
202.103507	0.201190725
202.15238	0.202974313
202.2023	0.19949857
202.250662	0.206030229
202.299368	0.20450161
202.348494	0.202504855
202.39778	0.201276993
202.446661	0.20187526
202.495711	0.200388886
202.544302	0.201488362
202.594298	0.195507376
202.642561	0.20257237
202.691771	0.2003389
202.740363	0.203249786
202.789992	0.200103468
202.838713	0.204593545
202.888014	0.202563682
202.936339	0.205936116
202.985831	0.19996706
203.034216	0.203847859
203.083746	0.196840218
203.132651	0.198731638
203.181281	0.199357846
203.230689	0.196821132
203.279448	0.201119244
203.328619	0.200037571
203.377501	0.201556484
203.426573	0.201232227
203.476103	0.199208731
203.524794	0.202975941
203.573828	0.201145814
203.622862	0.200609855
203.671919	0.199827511
203.721259	0.196548948
203.770682	0.195504763
203.819273	0.198258695
203.869192	0.193317159
203.91767	0.200037914
203.966223	0.200747251
204.015624	0.19848688
204.064795	0.199799845
204.113348	0.203021719
204.162917	0.198675724
204.211974	0.200978979
204.260969	0.201595988
204.310042	0.201821329
204.358786	0.203616869
204.408034	0.201276146
204.457182	0.201618081
204.505812	0.204350379
204.555579	0.200050496
204.604208	0.207382676
204.652846	0.209180303
204.701628	0.209548842
204.750891	0.207907243
204.800391	0.207088918
204.848425	0.21341718
204.897994	0.206628752
204.946936	0.20938211
204.995795	0.209845671
205.044852	0.208660103
205.09352	0.210321377
205.142424	0.209173063
205.19184	0.20712907
205.239706	0.214246563
205.288756	0.210635887
205.337813	0.212208147
205.386694	0.214148811
205.435095	0.216687356
205.483901	0.214936941
205.532126	0.21713351
205.581717	0.210494364
205.630118	0.215528967
205.678885	0.213606321
205.727805	0.212461203
205.776183	0.214581225
205.824744	0.213643995
205.874136	0.210250478
205.922621	0.214659852
205.971365	0.214054623
206.019957	0.215758605
206.068724	0.216302049
206.116591	0.220528997
206.165549	0.215241839
206.214331	0.215621981
206.262541	0.217844875
206.311087	0.215907921
206.35974	0.213881744
206.408667	0.212407753
206.457396	0.213151518
206.506087	0.213868974
206.554709	0.215157947
206.603262	0.216841699
206.652129	0.215909983
206.700095	0.220657426
206.748808	0.217826038
206.797308	0.218332571
206.845938	0.217071027
206.894728	0.215990553
206.943274	0.216461307
206.991637	0.216246373
207.040022	0.215948633
207.088141	0.217027533
207.137717	0.210834581
207.185698	0.218968146
207.233908	0.218169224
207.282835	0.215572698
207.331297	0.218645953
207.380026	0.218412928
207.428801	0.218747428
207.477301	0.22009536
207.525534	0.220233999
207.574705	0.215245129
207.623557	0.215848454
207.671729	0.218910288
207.720923	0.214798703
207.769385	0.218199091
207.818266	0.218016311
207.866156	0.223007383
207.914809	0.220048332
207.963698	0.21995738
208.012022	0.222926103
208.061003	0.219963756
208.109892	0.219898444
208.15856	0.219495721
208.207159	0.218658118
208.255774	0.218178243
208.30445	0.217685747
208.353468	0.216142055
208.401877	0.219172342
208.450743	0.218249002
208.499243	0.220176755
208.548514	0.21716759
208.596823	0.222128271
208.645667	0.220300258
208.69467	0.219449858
208.743262	0.221019234
208.791899	0.219408779
208.840552	0.219122079
208.889998	0.215232108
208.93804	0.221976327
208.987463	0.216416084
209.035941	0.22151254
209.08425	0.222433278
209.133192	0.220012704
209.182043	0.221075745
209.231081	0.220583357
209.279658	0.222367901
209.328448	0.219945548
209.37739	0.217300846
209.426127	0.217746333
209.475016	0.216720763
209.524268	0.215200088
209.572733	0.219000548
209.622427	0.213707757
209.671027	0.218609102
209.719893	0.218096453
209.768954	0.217270352
209.817572	0.221001216
209.866923	0.217790621
209.915713	0.219380849
209.964465	0.218284858
210.013758	0.214844904
210.063181	0.212855933
210.111552	0.217368444
210.160998	0.21310427
210.210249	0.213970709
210.259753	0.212943657
210.307909	0.219100558
210.357199	0.214318564
210.406393	0.214743051
210.455145	0.217761152
210.504458	0.215375323
210.55398	0.214880886
210.602866	0.217787412
210.651179	0.220348758
210.701163	0.21333498
210.749586	0.221727295
210.798395	0.220038075
210.847803	0.21786415
210.896826	0.219727824
210.946234	0.218259082
210.994696	0.222521501
211.042796	0.224031625
211.093165	0.214223938
211.141974	0.220761583
211.190997	0.21967658
211.240134	0.219265207
211.289523	0.21828803
211.337832	0.225049923
211.387236	0.221327291
211.435511	0.22675301
211.48482	0.222041713
211.53419	0.222369668
211.583517	0.22264022
211.63254	0.224047204
211.682082	0.221872087
211.730296	0.228283167
211.779894	0.2225492
211.828398	0.227499
211.877535	0.224831627
211.926344	0.227090599
211.975809	0.224858156
212.02516	0.226236914
212.073717	0.231278717
212.122973	0.228259939
212.171706	0.230809345
212.221499	0.225791235
212.270151	0.230629423
212.319579	0.226711776
212.368506	0.228044699
212.417567	0.226785023
212.466723	0.226322953
212.515322	0.229050637
212.564902	0.225152884
212.613585	0.229534346
212.662489	0.228580726
212.711741	0.22794496
212.760973	0.228271659
212.809859	0.230037684
212.859076	0.22846769
212.907919	0.230080864
212.957118	0.227744512
213.005812	0.229435747
213.055254	0.225458209
213.10422	0.227386045
213.153952	0.224665549
213.202475	0.231344836
213.251898	0.227351099
213.300864	0.229791054
213.349902	0.229664015
213.399058	0.229787714
213.448195	0.230004903
213.497546	0.22853091
213.546122	0.231998401
213.595045	0.229247309
213.644263	0.226627642
213.6934	0.226046745
213.742861	0.224910754
213.791594	0.229285168
213.840655	0.228617942
213.890025	0.228523129
213.938487	0.233267967
213.987776	0.229561467
214.0367	0.231674846
214.085913	0.230809191
214.13486	0.231894876
214.183917	0.231282097
214.233015	0.230325438
214.282057	0.230332528
214.331541	0.228296292
214.38016	0.232567214
214.429545	0.229928705
214.47901	0.23033377
214.526991	0.237920837
214.576414	0.23272784
214.625708	0.233960078
214.674593	0.235977301
214.724097	0.2327671
214.772787	0.235869207
214.822138	0.232038287
214.871314	0.232355473
214.919852	0.233869614
214.968912	0.230639064
215.018359	0.228629489
215.066878	0.233403066
215.116286	0.2298032
215.165114	0.232963393
215.214213	0.232347301
215.263598	0.2314747
215.312796	0.23285452
215.361296	0.236141434
215.411185	0.228994428
215.459761	0.235142098
215.50836	0.235051069
215.557246	0.232413278
215.606688	0.229754256
215.655287	0.233967446
215.704405	0.232999344
215.753123	0.23553496
215.80176	0.236816883
215.851397	0.232733592
215.900458	0.23632749
215.949439	0.238124643
215.99848	0.23809926
216.047404	0.238737619
216.096598	0.237112579
216.145812	0.236644733
216.194563	0.238608052
216.243758	0.236497269
216.292719	0.237755314
216.341414	0.239813173
216.390532	0.23843995
216.439322	0.240774263
216.488688	0.238034088
216.538039	0.23830652
216.587252	0.239406681
216.635695	0.243875612
216.684809	0.240968406
216.733599	0.241694973
216.782622	0.239938197
216.831835	0.238626814
216.8813	0.237210883
216.929915	0.241411293
216.978819	0.240891067
217.027514	0.242700505
217.076708	0.240433346
217.125807	0.241189253
217.174906	0.241657257
217.223578	0.244393948
217.273215	0.239878351
217.322257	0.242950074
217.37097	0.243342283
217.420355	0.240521659
217.469473	0.241814495
217.51861	0.24244593
217.567572	0.2437108
217.61677	0.242355409
217.665636	0.243895188
217.714289	0.245236503
217.763502	0.242482392
217.813528	0.238760582
217.862086	0.24585798
217.911047	0.243910753
217.96007	0.242834656
218.009207	0.243145828
218.058363	0.243029109
218.107653	0.243530037
218.156481	0.247279879
218.205889	0.245608136
218.255084	0.247697021
218.303736	0.250479035
218.352911	0.247262089
218.402205	0.24649128
218.451689	0.245222009
218.500845	0.246783192
218.54996	0.246714669
218.599158	0.24633346
218.648814	0.243421901
218.697333	0.249104722
218.74668	0.244921844
218.79574	0.246582863
218.84434	0.249511953
218.893515	0.24881135
218.94211	0.253289048
218.991438	0.250042004
219.040652	0.25004887
219.089941	0.24968378
219.138945	0.251060577
219.187422	0.253361146
219.237044	0.247516632
219.286024	0.250692892
219.334872	0.251059243
219.384394	0.247238544
219.432852	0.252556322
219.481894	0.249901559
219.531069	0.249843705
219.579741	0.253950113
219.628474	0.256171412
219.677897	0.253239162
219.7269	0.255627267
219.7759	0.255677445
219.825056	0.255243592
219.873671	0.258686595
219.923232	0.254027986
219.971171	0.262849876
220.020209	0.256821302
220.068709	0.259796381
220.118521	0.253453599
220.166499	0.263649656
220.215441	0.259790327
220.264441	0.260408163
220.31304	0.263075234
220.362387	0.259418555
220.410944	0.263856679
220.460215	0.259726098
220.508021	0.267618833
220.557078	0.260421205
220.606116	0.260066276
220.654772	0.261959705
220.703234	0.262918655
220.752058	0.261011697
220.801215	0.259269205
220.849966	0.261438293
220.8986	0.262904252
220.9476	0.260978603
220.995734	0.264875571
221.04481	0.259437423
221.093543	0.260246124
221.141886	0.260980739
221.190695	0.257481934
221.239966	0.254614965
221.288329	0.259392312
221.337309	0.256309603
221.386389	0.25646991
221.434676	0.261586217
221.483195	0.261669134
221.531981	0.26106893
221.580191	0.26448162
221.630022	0.255993894
221.678675	0.261801778
221.727427	0.260797964
221.776274	0.259757989
221.8245	0.262299378
221.873927	0.255924039
221.92235	0.261392558
221.971041	0.261206188
222.019946	0.26093079
222.0684	0.264652884
222.117495	0.262051914
222.166319	0.265405176
222.215491	0.26417391
222.265166	0.262141298
222.313277	0.270593124
222.361964	0.267022425
222.410597	0.266412733
222.459711	0.263599011
222.508574	0.264782885
222.557516	0.263522275
222.606436	0.263335395
222.655394	0.263059792
222.704897	0.260367885
222.753413	0.265675749
222.802103	0.264592807
222.851798	0.259233804
222.900679	0.263193298
222.949328	0.264855001
222.998465	0.26275653
223.04785	0.260953255
223.096907	0.261845648
223.144919	0.269102779
223.194537	0.260440596
223.243727	0.262702509
223.292532	0.264967505
223.341475	0.264130314
223.390551	0.263361221
223.439394	0.264439534
223.48876	0.26154492
223.538088	0.260059141
223.587492	0.259289855
223.636027	0.263854803
223.684775	0.26307611
223.733889	0.262490634
223.783621	0.259432883
223.83235	0.264566635
223.881754	0.260407915
223.930907	0.261572054
223.979983	0.261880917
224.029463	0.259599486
224.078154	0.263312058
224.127344	0.259109236
224.176287	0.260162333
224.225748	0.256689088
224.274554	0.260075994
224.324057	0.25751049
224.373286	0.259568813
224.422228	0.261708782
224.471476	0.26028775
224.520842	0.259799345
224.570498	0.258495999
224.618704	0.267056672
224.668322	0.259799353
224.717512	0.262172627
224.766878	0.259765905
224.816691	0.25736304
224.865786	0.260825105
224.913954	0.266259611
224.964323	0.257140465
225.013518	0.26377986
225.062304	0.267755287
225.111941	0.263879923
225.160376	0.26965544
225.209685	0.264468231
225.259013	0.264178868
225.308237	0.264004616
225.357581	0.262676425
225.407233	0.260505319
225.455687	0.266805029
225.50482	0.263184246
225.554102	0.26369058
225.603911	0.261899869
225.65248	0.270152411
225.701998	0.265632662
225.751013	0.268725765
225.800162	0.268180247
225.849329	0.267819295
225.898886	0.265203467
225.947844	0.26688393
225.996993	0.266269037
226.046839	0.262448891
226.095698	0.267633304
226.144751	0.267273218
226.194018	0.266936652
226.242743	0.270685433
226.292006	0.268959194
226.341391	0.269021042
226.390906	0.268459073
226.440154	0.26986519
226.48876	0.27368447
226.537913	0.270517566
226.588107	0.264491855
226.636229	0.274981809
226.686018	0.265250527
226.735091	0.268730143
226.784087	0.269161258
226.832713	0.271520785
226.882655	0.264908492
226.931746	0.270226549
226.981303	0.268477978
227.030318	0.272570978
227.079855	0.270265066
227.128268	0.276839899
227.177924	0.270925522
227.226706	0.277092206
227.275736	0.275944105
227.32514	0.274093408
227.374113	0.27674977
227.42338	0.275449794
227.47193	0.280068097
227.521098	0.277711971
227.570597	0.276874707
227.619475	0.280878702
227.667834	0.284709271
227.716883	0.281854298
227.766093	0.281119895
227.815474	0.278670269
227.864584	0.280126188
227.913699	0.279399338
227.962206	0.281995195
228.01161	0.276663264
228.060217	0.281735265
228.109057	0.280788831
228.158495	0.27758593
228.207415	0.280444931
228.256159	0.281514541
228.305384	0.27865625
228.354613	0.278820232
228.402895	0.284365872
228.452258	0.278162433
228.501345	0.278923692
228.550452	0.278135451
228.599154	0.280192587
228.648047	0.279159464
228.69731	0.277853718
228.74655	0.278718171
228.794924	0.284171405
228.844264	0.278883339
228.893042	0.282119221
228.94184	0.282060747
228.990889	0.280858802
229.040656	0.27740614
229.08951	0.282994216
229.138308	0.282141436
229.187277	0.28061471
229.236811	0.277285797
229.285181	0.283995004
229.334524	0.278377627
229.383765	0.279844475
229.433222	0.279417989
229.481982	0.283634826
229.531397	0.280695269
229.580042	0.285338842
229.62905	0.283853234
229.678412	0.282879673
229.727381	0.284500387
229.776568	0.282619493
229.825461	0.28348991
229.87488	0.280482286
229.923541	0.284752365
229.972784	0.28191454
230.021388	0.285933959
230.070631	0.28235244
230.120108	0.280873444
230.168982	0.285037027
230.217951	0.284169339
230.267333	0.281290029
230.316534	0.282306078
230.366148	0.28006087
230.414751	0.28652549
230.46382	0.283099568
230.512965	0.282488181
230.561587	0.285534553
230.611101	0.279889053
230.660735	0.279605499
230.709609	0.284086221
230.758871	0.282320136
230.807494	0.28676065
230.857046	0.281617467
230.906058	0.28631964
230.95563	0.282446438
231.004252	0.287872855
231.053942	0.281604226
231.102892	0.285801669
231.152407	0.282508379
231.201689	0.2844106
231.250506	0.287695865
231.299479	0.287057061
231.348937	0.285037377
231.398314	0.285641189
231.447558	0.287735911
231.496607	0.289815128
231.545424	0.29202297
231.594321	0.291922234
231.643385	0.291744285
231.692625	0.290533654
231.741904	0.289894856
231.791197	0.290875687
231.840399	0.292174535
231.889616	0.292379034
231.938994	0.292014837
231.987204	0.299307585
232.036616	0.291992574
232.085448	0.295651994
232.135153	0.29085659
232.183886	0.296706239
232.233668	0.290998878
232.282133	0.298362399
232.331175	0.294118795
232.380183	0.294746734
232.428587	0.299099583
232.478468	0.290767905
232.527357	0.296887638
232.576128	0.2975372
232.625639	0.292899626
232.674139	0.298671187
232.723593	0.292814456
232.772539	0.294904735
232.821837	0.293047802
232.870127	0.29800316
232.919268	0.292776133
232.9681	0.294567243
233.017493	0.292044692
233.066481	0.294300884
233.115313	0.294709819
233.16424	0.294786213
233.213305	0.293934111
233.263144	0.289473209
233.311976	0.295671942
233.361369	0.292294843
233.410124	0.295151917
233.459051	0.29438698
233.508078	0.29399671
233.5572	0.293967932
233.606089	0.295285269
233.655253	0.294547498
233.704081	0.297401962
233.75371	0.292546183
233.802542	0.297114077
233.851508	0.296083217
233.900496	0.29574952
233.949637	0.294753173
233.998816	0.294585259
234.047377	0.29736378
234.096789	0.291081172
234.145682	0.294235176
234.195113	0.291986546
234.244566	0.292429122
234.292658	0.301803942
234.342307	0.293301106
234.391272	0.297647682
234.440161	0.297918691
234.489653	0.293124361
234.538542	0.296172654
234.587706	0.292831876
234.636633	0.293060394
234.685736	0.291670644
234.73548	0.287737386
234.783411	0.298982433
234.833441	0.28684366
234.882269	0.294119723
234.931929	0.289308309
234.981337	0.291709482
235.03057	0.293301824
235.079531	0.296010416
235.128859	0.293138351
235.177801	0.295430187
235.22692	0.293564207
235.276499	0.290226655
235.326044	0.290904721
235.374987	0.295043485
235.424998	0.290239657
235.474307	0.295591547
235.522978	0.299830541
235.572539	0.295205777
235.621539	0.298846319
235.67087	0.297688551
235.72053	0.29726163
235.769862	0.298919644
235.819327	0.297550219
235.868037	0.301352194
235.917754	0.294541213
235.966406	0.3010874
236.015986	0.296731626
236.065607	0.296700527
236.114783	0.300187338
236.163802	0.301704785
236.21385	0.29644491
236.26256	0.305412201
236.311911	0.302262488
236.360869	0.305237356
236.410258	0.301777888
236.4592	0.303745729
236.509131	0.29667113
236.558325	0.300766791
236.6075	0.300877161
236.656737	0.30174218
236.706335	0.299618714
236.755221	0.304877291
236.80451	0.30220937
236.853823	0.302210959
236.903384	0.300904985
236.952967	0.300847989
237.002318	0.30153072
237.051318	0.302859279
237.100939	0.298508215
237.149901	0.302321148
237.199095	0.301338525
237.248637	0.299137169
237.297911	0.301865617
237.347571	0.300001798
237.396571	0.304380382
237.445959	0.302154383
237.495329	0.302471199
237.544775	0.303081513
237.59397	0.305409281
237.643279	0.303871607
237.69319	0.299781003
237.742659	0.302018639
237.791407	0.306273577
237.841689	0.298169047
237.890086	0.309878318
237.939307	0.305321491
237.988959	0.302897923
238.038767	0.302099314
238.087973	0.305859463
238.137122	0.306088588
238.186911	0.30247285
238.236041	0.306204248
238.28546	0.305018191
238.33486	0.304584837
238.384379	0.30404297
238.433684	0.305600112
238.483881	0.301070837
238.532641	0.310814256
238.582388	0.305769885
238.631617	0.309548186
238.681406	0.306563082
238.730204	0.313107169
238.780032	0.307731507
238.829474	0.310919386
238.878542	0.313787628
238.927962	0.311431053
238.977343	0.311755712
239.026549	0.312326211
239.076205	0.310291012
239.12646	0.30702371
239.175101	0.317485801
239.224348	0.314853487
239.274332	0.311028337
239.323267	0.317654029
239.373038	0.31232027
239.422087	0.316830234
239.471545	0.314405872
239.520888	0.315331061
239.570094	0.31912908
239.619109	0.322712078
239.66944	0.314784487
239.71789	0.327399384
239.766688	0.324725833
239.816458	0.318142327
239.865664	0.32171928
239.915121	0.319898888
239.96427	0.321874377
240.014197	0.316198002
240.063422	0.320008253
240.111967	0.32438562
240.161368	0.31804768
240.210848	0.317121281
240.260073	0.319061518
240.30926	0.320177931
240.358077	0.322799794
240.407519	0.319026815
240.456316	0.322388913
240.50556	0.319048563
240.555098	0.315966132
240.604964	0.313711398
240.653841	0.319832822
240.703398	0.31420546
240.751807	0.320362958
240.801714	0.310653927
240.85129	0.312547691
240.900183	0.317476427
240.949427	0.315776769
240.998831	0.316090493
241.048075	0.317287212
241.097048	0.319288568
241.145701	0.321278156
241.194863	0.317620795
241.245407	0.308577576
241.294043	0.32036479
241.343478	0.31434266
241.393069	0.312842699
241.441861	0.317454819
241.491433	0.312020843
241.540673	0.314168994
241.590146	0.31278471
241.63921	0.316665033
241.688879	0.312911691
241.738041	0.316509954
241.787962	0.311652131
241.837105	0.316513186
241.886462	0.314382798
241.936247	0.311380595
241.984728	0.31826456
242.034066	0.311156423
242.083674	0.309868022
242.132719	0.315187719
242.182135	0.314677659
242.232037	0.312032774
242.280753	0.320062645
242.330771	0.312312184
242.379719	0.319817607
242.429543	0.314329819
242.478627	0.320396282
242.528334	0.316049323
242.577574	0.319090932
242.626814	0.318966405
242.676541	0.315045654
242.725643	0.319484671
242.774611	0.321415337
242.824553	0.315479089
242.874785	0.314383024
242.923695	0.323413682
242.973246	0.319720998
243.022603	0.321352865
243.071978	0.321579407
243.12118	0.322854539
243.17075	0.320256035
243.220185	0.321325374
243.270205	0.317766213
243.319016	0.325836952
243.369112	0.318462891
243.417769	0.328389098
243.467844	0.319148905
243.516871	0.326661408
243.566384	0.323720934
243.616053	0.322888751
243.665526	0.324382678
243.715077	0.324024978
243.763577	0.33102084
243.81379	0.319572978
243.862662	0.328801436
243.912505	0.322531568
243.961432	0.33002624
244.010907	0.326305072
244.060633	0.324938638
244.110224	0.325998545
244.159367	0.329164474
244.209172	0.325575517
244.257983	0.332700125
244.307185	0.330693083
244.356493	0.330281833
244.405726	0.330149755
244.455542	0.326724411
244.504715	0.331379599
244.554512	0.328153717
244.60398	0.331032648
244.653113	0.332832667
244.702189	0.332912524
244.751559	0.330678921
244.801434	0.32715286
244.850354	0.333456846
244.899449	0.332120156
244.949189	0.327821863
244.998187	0.332219319
245.047749	0.327734527
245.096943	0.330267046
245.146525	0.327818437
245.195757	0.331427967
245.245398	0.32892945
245.294552	0.332114518
245.343668	0.332268964
245.39366	0.326429656
245.442482	0.333976026
245.491793	0.330514386
245.540907	0.331960775
245.589711	0.33383826
245.640034	0.323582044
245.68915	0.331555824
245.738362	0.331195952
245.787321	0.332941155
245.836689	0.33119308
245.885825	0.333336341
245.935408	0.330587682
245.984892	0.331216746
246.033892	0.334619352
246.083376	0.330922505
246.132979	0.329676313
246.182268	0.331440366
246.231423	0.331671372
246.28089	0.328375333
246.329867	0.332056732
246.379023	0.331018398
246.428799	0.327467969
246.478831	0.326284062
246.527518	0.335555374
246.576475	0.334493323
246.625748	0.332532094
246.675583	0.328546883
246.725361	0.328513386
246.774807	0.330569225
246.824175	0.329505317
246.873213	0.331616493
246.922251	0.331397569
246.971755	0.328574398
247.021357	0.329292053
247.071272	0.327543321
247.120425	0.333242958
247.169833	0.331838917
247.219357	0.331829581
247.269116	0.331052283
247.318308	0.33501378
247.3676	0.334144207
247.41613	0.339050645
247.465947	0.329359026
247.515078	0.333827737
247.564633	0.331270864
247.614186	0.331684838
247.663683	0.333576288
247.712828	0.336996002
247.762305	0.335196844
247.811898	0.335240453
247.860924	0.33931797
247.910908	0.333241247
247.960287	0.337747373
248.010018	0.334648118
248.059006	0.338937132
248.108658	0.334145121
248.158194	0.334405559
248.20769	0.335271605
248.256873	0.337645231
248.306117	0.338160647
248.35606	0.333731416
248.405089	0.340520022
248.454291	0.339591549
248.503592	0.339593051
248.55346	0.336371957
248.602585	0.340717453
248.652003	0.33780119
248.701166	0.339183312
248.750506	0.337837072
248.800158	0.335553734
248.848875	0.342372275
248.898585	0.336457185
248.947964	0.339391776
248.997576	0.338148573
249.046996	0.341102229
249.096257	0.342979191
249.145792	0.341461036
249.194918	0.344188874
249.244276	0.341846256
249.293928	0.339652773
249.343327	0.341361605
249.392434	0.343475557
249.442164	0.339806848
249.491406	0.343818889
249.540629	0.345388531
249.590281	0.34367499
249.639601	0.346573282
249.68896	0.347531948
249.73791	0.350572315
249.787114	0.348982033
249.837214	0.342999453
249.886788	0.345672684
249.935133	0.353600991
249.984591	0.345516487
250.034262	0.343988803
250.084303	0.342831969
250.132941	0.352584608
250.182574	0.346206098
250.232207	0.346418472
250.281683	0.34750697
250.331608	0.345868223
250.380148	0.356056971
250.430443	0.343664275
250.47877	0.356767831
250.52887	0.344200015
250.57786	0.351625815
250.627667	0.345112947
250.67726	0.346718971
250.726185	0.352269858
250.775166	0.352547463
250.824908	0.347281459
250.874318	0.349864385
250.923884	0.348665608
250.973393	0.3491915
251.023175	0.348112811
251.072974	0.348259176
251.121779	0.353963991
251.171444	0.34786179
251.220307	0.353301887
251.270148	0.346186775
251.319636	0.348908919
251.369065	0.349355259
251.418866	0.34681135
251.4681	0.351044675
251.517491	0.350574031
251.567076	0.349438574
251.616488	0.350995079
251.666054	0.350073975
251.715229	0.353716143
251.764855	0.349660845
251.814011	0.353369549
251.863461	0.350839194
251.91293	0.35153085
251.962164	0.353528436
252.011458	0.353226677
252.060574	0.354964826
252.110218	0.351860787
252.159142	0.357673428
252.208336	0.355861878
252.257903	0.353408407
252.30708	0.35558248
252.356196	0.355905938
252.40633	0.349188125
252.456208	0.351553075
252.504897	0.360930999
252.553858	0.358631206
252.603287	0.355475859
252.651995	0.361275651
252.702322	0.349997877
252.750758	0.363898258
252.800227	0.356434978
252.849734	0.356242372
252.898461	0.360907724
252.948105	0.353747983
252.997321	0.357080978
253.04673	0.356188373
253.095633	0.360084791
253.144867	0.35919302
253.194083	0.359451269
253.243786	0.356610699
253.293274	0.358287415
253.342724	0.358596126
253.391703	0.36187997
253.440686	0.361987321
253.489958	0.359856005
253.539135	0.360051385
253.588564	0.358205391
253.638071	0.357862847
253.687073	0.362489782
253.73662	0.359006232
253.785717	0.36254169
253.834933	0.361874062
253.884577	0.358779611
253.933344	0.365436296
253.982628	0.361471091
254.03205	0.360490187
254.081314	0.361624292
254.130364	0.363316996
254.180157	0.356169793
254.229851	0.357750504
254.278744	0.364116846
254.328165	0.360382124
254.377253	0.363584065
254.426421	0.36354638
254.475567	0.363636514
254.525711	0.355896753
254.575251	0.360229076
254.624398	0.362844029
254.673779	0.361770407
254.723044	0.362755233
254.77229	0.362648249
254.822316	0.356985678
254.871384	0.364246116
254.920336	0.36544503
254.970011	0.36068365
255.018963	0.366342374
255.06901	0.358544185
255.118294	0.3641814
255.167832	0.36243871
255.217312	0.363327958
255.266596	0.365022766
255.315665	0.367016252
255.365906	0.35882998
255.414311	0.371379962
255.463732	0.364742448
255.513172	0.364976627
255.562262	0.367915531
255.611897	0.365109674
255.661455	0.365813514
255.710076	0.372995309
255.759573	0.365938482
255.809267	0.364566834
255.858923	0.365631122
255.907837	0.371502269
255.957178	0.368444788
256.006581	0.368126021
256.056099	0.366789238
256.105246	0.370330201
256.154766	0.368277899
256.203795	0.372806316
256.252571	0.375551713
256.302384	0.36798466
256.352059	0.368680806
256.401459	0.370702044
256.450098	0.376615843
256.499148	0.373202139
256.548745	0.369025351
256.59754	0.375384676
256.64667	0.371701183
256.695933	0.370508673
256.745491	0.368245036
256.794033	0.376663326
256.843062	0.374554268
256.892092	0.374784411
256.942296	0.366085588
256.990778	0.379598041
257.040179	0.372202882
257.089093	0.375239288
257.13844	0.371070475
257.187399	0.372644649
257.237142	0.366209267
257.286356	0.369977295
257.335062	0.373780132
257.385059	0.364193562
257.433882	0.374084862
257.482354	0.376899278
257.532174	0.366786362
257.581076	0.374081265
257.630467	0.370583582
257.679661	0.372154103
257.728935	0.37115471
257.778286	0.369635661
257.827129	0.372749348
257.876637	0.36756647
257.925695	0.370973203
257.974929	0.370107533
258.024378	0.368863704
258.073397	0.372882579
258.122749	0.370567691
258.172022	0.371984653
258.221256	0.373249619
258.270412	0.374468088
258.319196	0.378220647
258.3689	0.370373721
258.41784	0.375783508
258.467446	0.368966047
258.516406	0.374125247
258.566384	0.366609338
258.614913	0.378587659
258.664128	0.374162717
258.713009	0.377380531
258.762791	0.371056427
258.812593	0.371203071
258.861964	0.374997923
258.911334	0.375567322
258.960667	0.376010912
259.009158	0.381858673
259.058666	0.374254523
259.107528	0.37894754
259.156879	0.375229886
259.206035	0.376807062
259.255836	0.372424883
259.305168	0.376935571
259.354344	0.378262469
259.403754	0.376594123
259.45334	0.37610568
259.50232	0.381743555
259.55081	0.385588454
259.600396	0.377397886
259.650178	0.375370919
259.698395	0.387267196
259.748451	0.371776373
259.797313	0.380857175
259.846821	0.373183341
259.896798	0.369206306
259.945015	0.382932392
259.994895	0.370907929
260.043269	0.383701346
260.092855	0.37626842
260.143145	0.371147505
260.191753	0.384980005
260.240792	0.381541036
260.289732	0.382454692
260.33881	0.380794919
260.388152	0.378305942
260.437533	0.378491391
260.487031	0.379866314
260.536314	0.381725319
260.584814	0.388720576
260.634685	0.378529382
260.68387	0.384746151
260.732193	0.392403384
260.782005	0.380886148
260.831269	0.385962029
260.880649	0.383934675
260.929541	0.387542815
260.979313	0.380708533
261.028204	0.387677835
261.076822	0.391340327
261.126379	0.384936206
261.175761	0.386580658
261.225063	0.387234773
261.274208	0.388612468
261.32308	0.390993912
261.372227	0.389369431
261.421432	0.389610229
261.471243	0.384327199
261.519723	0.394829264
261.569319	0.385149337
261.617898	0.393106047
261.667024	0.388954167
261.716052	0.389993055
261.764788	0.392076162
261.814717	0.383116599
261.863491	0.392341044
261.912128	0.394268596
261.961058	0.391891103
262.010419	0.388538445
262.059918	0.387133729
262.108574	0.393944148
262.158445	0.384291853
262.207532	0.389954613
262.256306	0.392225418
262.306549	0.380661447
262.354872	0.395507946
262.403999	0.388851491
262.453007	0.390544925
262.502448	0.387467594
262.552357	0.384013024
262.601111	0.393734226
262.650355	0.389675426
262.699364	0.391340363
262.748294	0.391640262
262.797088	0.393751464
262.846959	0.385150456
262.895576	0.39542079
262.944957	0.389667646
262.994162	0.390982667
263.043209	0.39221291
263.092219	0.392527631
263.141796	0.388198677
263.191	0.391222136
263.240048	0.392519959
263.289018	0.393600586
263.338086	0.392759517
263.387525	0.390448685
263.436848	0.391283389
263.485817	0.394404311
263.535304	0.390025421
263.584264	0.394640796
263.633518	0.392237697
263.68285	0.39174618
263.732143	0.392219833
263.781416	0.392475594
263.831062	0.389500619
263.880374	0.392504749
263.929687	0.392422351
263.978705	0.394837577
264.027214	0.398843383
264.077154	0.388098488
264.12678	0.390720236
264.176033	0.393850135
264.225365	0.393287601
264.274247	0.397526739
264.324226	0.389489855
264.373284	0.396893984
264.422302	0.397394619
264.470948	0.400854249
264.520496	0.393150845
264.570063	0.393335264
264.619081	0.397895192
264.668943	0.392020742
264.718118	0.3979708
264.767411	0.39757019
264.816272	0.401653765
264.865486	0.398932813
264.914916	0.397305093
264.963523	0.404496876
265.013071	0.396916616
265.062325	0.399183826
265.112167	0.393910448
265.161185	0.400897165
265.210184	0.401234259
265.259477	0.399415493
265.309378	0.395300818
265.358572	0.400944017
265.407787	0.400719181
265.456707	0.403070433
265.506275	0.398038177
265.555607	0.400122563
265.604174	0.406451248
265.65331	0.401152058
265.702877	0.397390444
265.752406	0.3977268
265.801346	0.402934836
265.85056	0.401352162
265.899539	0.403607773
265.948695	0.403450679
265.99789	0.403829494
266.047457	0.401120431
266.096789	0.40255213
266.146161	0.402039078
266.195062	0.405810333
266.243864	0.406418411
266.293216	0.401770266
266.342725	0.399924579
266.391998	0.401428037
266.441408	0.401004173
266.490662	0.402817189
266.539347	0.408463767
266.58913	0.400428825
266.638266	0.406100691
266.687872	0.402430582
266.736575	0.409889291
266.785816	0.405003593
266.835391	0.402119438
266.885023	0.400995902
266.933774	0.408046233
266.983545	0.399706864
267.032943	0.402814687
267.082557	0.401846332
267.131523	0.407723554
267.180881	0.404859981
267.230436	0.40324906
267.278795	0.413363094
267.329174	0.39752564
267.378277	0.408131043
267.427538	0.406775792
267.476465	0.40900797
267.525549	0.407416866
267.575496	0.399833572
267.62507	0.40282314
267.674292	0.406424192
267.723454	0.407751781
267.772891	0.406502193
267.822133	0.408018877
267.871805	0.404808771
267.921242	0.407186644
267.970189	0.411659266
268.019057	0.412298736
268.068593	0.406966937
268.118128	0.406811624
268.167996	0.402997505
268.216963	0.411496154
268.2664	0.409003963
268.315249	0.414324114
268.364372	0.412160032
268.413711	0.41062145
268.463521	0.406985669
268.512742	0.411843338
268.561336	0.417680158
268.611577	0.403937973
268.660858	0.411865617
268.710354	0.410017106
268.759967	0.409242181
268.808953	0.414419396
268.858253	0.41283292
268.907259	0.415779134
268.95652	0.414703819
269.006427	0.409460779
269.055688	0.415715013
269.10536	0.412187745
269.153817	0.422680705
269.203529	0.4121168
269.252573	0.417085229
269.30256	0.409131418
269.351644	0.416780429
269.401532	0.410122543
269.450283	0.420784105
269.49972	0.414999957
269.549294	0.413963743
269.59879	0.415217701
269.648149	0.416479234
269.697037	0.420838823
269.746553	0.41582819
269.795597	0.419965813
269.845407	0.413920136
269.894844	0.417174228
269.942899	0.429151778
269.992307	0.416830738
270.041931	0.416024935
270.091476	0.417008453
270.140295	0.422963523
270.190469	0.411713036
270.239287	0.423166473
270.288715	0.418549636
270.338338	0.417185497
270.387746	0.41925553
270.436742	0.42276843
270.485541	0.424926052
270.535086	0.418693912
270.584553	0.419613217
270.634	0.420197881
270.68382	0.417402587
270.732874	0.424714196
270.782046	0.423806554
270.831101	0.425090979
270.880941	0.418170143
270.929877	0.425701646
270.97954	0.419826509
271.028575	0.425070099
271.077453	0.425011882
271.127194	0.418802474
271.176327	0.424331197
271.224851	0.43066979
271.274907	0.417918594
271.324099	0.426179744
271.37388	0.421560953
271.422758	0.429184012
271.472146	0.424680461
271.521141	0.428161633
271.570039	0.429038037
271.619741	0.422198417
271.668776	0.427593425
271.718812	0.419136503
271.767709	0.428987256
271.817176	0.424296786
271.866466	0.426584727
271.915618	0.428472501
271.965282	0.424354215
272.014866	0.42519811
272.063665	0.431766328
272.112975	0.427318546
272.162029	0.429436362
272.211731	0.423587458
272.260256	0.433648802
272.310194	0.420822642
272.359385	0.426976961
272.40844	0.428174088
272.457612	0.427296671
272.506627	0.428769943
272.556369	0.423011009
272.605384	0.429820102
272.654576	0.42889116
272.703826	0.428939249
272.752743	0.431819195
272.801719	0.431228649
272.851107	0.428229225
272.900319	0.429823027
272.949275	0.432005094
272.998349	0.430119895
273.047541	0.42964864
273.096674	0.430344047
273.146258	0.427000529
273.195021	0.434589684
273.243747	0.43641273
273.293103	0.431237113
273.341948	0.436293321
273.390792	0.436408477
273.440226	0.43112232
273.488638	0.440178824
273.537522	0.436079068
273.586721	0.433481907
273.636371	0.428615619
273.685078	0.436764225
273.734021	0.434872707
273.782492	0.440318696
273.831297	0.438139636
273.880732	0.433318448
273.929379	0.441110192
273.977851	0.442507285
274.027599	0.430898624
274.076051	0.442779037
274.124954	0.43875953
274.173917	0.437991299
274.222899	0.437848617
274.272156	0.435960972
274.32047	0.445740747
274.369177	0.443003131
274.417943	0.444407888
274.467259	0.439822733
274.515632	0.448683163
274.564162	0.447530591
274.613439	0.439509125
274.661557	0.449730809
274.710853	0.43831469
274.760071	0.437854749
274.80813	0.447665897
274.857249	0.437964659
274.906133	0.439761956
274.955253	0.437798765
275.00396	0.443221648
275.05308	0.440122754
275.101905	0.443048261
275.150592	0.443424147
275.199122	0.444773103
275.247907	0.442129842
275.296398	0.444744704
275.345479	0.43895075
275.394284	0.44046875
275.443698	0.435044991
275.49215	0.443667019
275.541702	0.433823065
275.590409	0.441892018
275.639411	0.440294121
275.688472	0.439946459
275.737474	0.440913293
275.785925	0.445596084
275.8353	0.437193894
275.883653	0.446154818
275.933304	0.434491227
275.982168	0.441307178
276.030836	0.442325766
276.079838	0.43849373
276.128977	0.437467352
276.177782	0.441107439
276.22643	0.443064055
276.275923	0.436011497
276.324434	0.44516142
276.372967	0.445588165
276.422134	0.440341438
276.471104	0.441837949
276.520251	0.4399302
276.570068	0.432116577
276.618015	0.448309772
276.666454	0.443146385
276.715641	0.436310194
276.765437	0.431060031
276.814408	0.439232998
276.862827	0.444821986
276.912151	0.436776363
276.961358	0.439178312
277.010584	0.439258134
277.059298	0.444385733
277.108839	0.437035795
277.158223	0.438530059
277.206446	0.448152379
277.255494	0.439590811
277.304681	0.438082967
277.353986	0.437501398
277.403389	0.437056732
277.45228	0.442193048
277.501841	0.437275488
277.550497	0.446038695
277.59927	0.445474107
277.648594	0.441296394
277.697978	0.441872724
277.746633	0.448639578
277.795525	0.445893134
277.84485	0.44095962
277.893544	0.446274957
277.942613	0.443072728
277.991505	0.445297106
278.040436	0.44555576
278.089937	0.440701962
278.139222	0.443215535
278.188487	0.443576126
278.23791	0.442353704
278.286841	0.447670161
278.335064	0.454691624
278.384408	0.444353808
278.434047	0.441251794
278.482329	0.453014254
278.531771	0.441977361
278.580564	0.448220535
278.629496	0.447174437
278.679016	0.443012849
278.727062	0.456772181
278.77678	0.441589684
278.825199	0.454497121
278.874406	0.448235284
278.923533	0.448432765
278.972917	0.446217212
279.021907	0.449745198
279.070897	0.449634477
279.119926	0.44894471
279.168975	0.449506077
279.218024	0.449708019
279.267329	0.447722439
279.316162	0.452246688
279.365053	0.451893483
279.414594	0.446912379
279.463997	0.448877855
279.51161	0.466184457
279.562036	0.439646753
279.610589	0.456893321
279.659765	0.450592939
279.709117	0.448372492
279.758311	0.451501084
279.807821	0.448832466
279.856149	0.459974171
279.905344	0.45199714
279.954283	0.454605628
280.003753	0.450551345
280.053617	0.44787739
280.10224	0.459034796
280.151671	0.451439719
280.200767	0.454700922
280.250041	0.453329276
280.299806	0.449365485
280.348489	0.459305431
280.398236	0.449462535
280.446839	0.459666932
280.495896	0.455162107
280.545051	0.454229413
280.594265	0.453746325
280.643086	0.456248165
280.692872	0.447291038
280.742263	0.451182309
280.791575	0.45265161
280.840987	0.453353729
280.889827	0.459050835
280.939317	0.453442059
280.988807	0.452780511
281.038041	0.454866779
281.087295	0.454204304
281.136214	0.457244502
281.185093	0.457581556
281.23417	0.454849797
281.283739	0.449707762
281.33311	0.45223695
281.382817	0.449649297
281.431933	0.45544498
281.481502	0.452803375
281.530815	0.455960174
281.579792	0.459229124
281.629164	0.455823186
281.678399	0.457247326
281.727356	0.459252526
281.776985	0.452917918
281.826593	0.452077415
281.875158	0.461572309
281.92445	0.455324847
281.974472	0.449291904
282.022662	0.467845106
282.072724	0.45086621
282.122351	0.455683326
282.171664	0.459187468
282.220682	0.462744377
282.270172	0.458554609
282.319347	0.4617866
282.368462	0.461520037
282.418149	0.456035705
282.4676	0.457503158
282.51705	0.457825308
282.566186	0.462273327
282.615715	0.459141912
282.664732	0.464369155
282.714321	0.459427323
282.764185	0.456990639
282.812888	0.467930657
282.861925	0.466471507
282.911322	0.464116857
282.960661	0.463945254
283.010454	0.459731181
283.059163	0.46933753
283.108698	0.462367437
283.157879	0.466565119
283.206923	0.468756562
283.256321	0.465474952
283.305561	0.467452087
283.355276	0.463670789
283.404713	0.467350463
283.454644	0.463211713
283.503963	0.469345585
283.553046	0.471266574
283.603035	0.462866261
283.65202	0.472445093
283.700944	0.473281671
283.750165	0.471119797
283.800037	0.465173207
283.84912	0.47270969
283.898104	0.473876071
283.947936	0.466480363
283.9969	0.475075023
284.046337	0.470791797
284.095952	0.469669655
284.14541	0.470027984
284.194532	0.473231339
284.244167	0.468319003
284.292876	0.478083343
284.34255	0.469613408
284.392126	0.470651134
284.441583	0.472602517
284.490114	0.48212121
284.539788	0.471080432
284.589166	0.473981814
284.638406	0.475687941
284.688239	0.469859063
284.737183	0.478496476
284.786306	0.477058464
284.835211	0.479393837
284.884018	0.480655789
284.934027	0.46972519
284.983681	0.473003356
285.033218	0.47440038