90.0037	0.189298
90.0388	0.192626
90.0735	0.194354
90.1091	0.190093
90.1447	0.190669
90.1793	0.196673
90.2153	0.189355
90.2509	0.191533
90.2864	0.192916
90.3221	0.191486
90.3575	0.193972
90.3934	0.191778
90.4295	0.191459
90.4653	0.193102
90.5003	0.198363
90.5368	0.190833
90.5728	0.193078
90.6088	0.193608
90.6443	0.19617
90.6803	0.194084
90.7163	0.194934
90.753	0.192457
90.7887	0.198337
90.8252	0.193753
90.8607	0.199549
90.8972	0.194488
90.9333	0.196938
90.9704	0.192002
91.0066	0.197494
91.0429	0.196919
91.0792	0.19706
91.1156	0.1965
91.1522	0.19568
91.189	0.195557
91.2256	0.197639
91.2619	0.199785
91.2987	0.196761
91.3351	0.199059
91.3716	0.198651
91.4085	0.197249
91.4455	0.196717
91.4826	0.196785
91.5195	0.19808
91.5564	0.197829
91.5931	0.199961
91.6305	0.197478
91.6674	0.199599
91.7044	0.198794
91.7418	0.196335
91.7789	0.198451
91.816	0.19848
91.8532	0.199332
91.8904	0.199117
91.9271	0.202688
91.9646	0.199217
92.0023	0.19793
92.0397	0.19988
92.0771	0.200462
92.1144	0.200872
92.1516	0.202165
92.1892	0.201454
92.2269	0.200807
92.2647	0.200411
92.302	0.201638
92.339	0.202835
92.3767	0.200424
92.4147	0.199074
92.4521	0.202903
92.49	0.201491
92.5272	0.205043
92.565	0.201767
92.6029	0.201864
92.6413	0.199545
92.6789	0.204195
92.7166	0.204376
92.7547	0.203071
92.7927	0.20412
92.8303	0.205382
92.8685	0.20169
92.9069	0.200201
92.945	0.202143
92.9828	0.204594
93.0208	0.203962
93.0593	0.202384
93.0973	0.204946
93.1354	0.20508
93.1739	0.203308
93.2123	0.204266
93.2508	0.204407
93.2888	0.20687
93.3275	0.204337
93.3663	0.203853
93.4049	0.204782
93.443	0.207045
93.4817	0.203676
93.5201	0.204949
93.5587	0.204289
93.5981	0.201204
93.6363	0.207919
93.6755	0.203276
93.7145	0.205338
93.7526	0.210311
93.7918	0.205107
93.8303	0.209186
93.8694	0.206799
93.9086	0.206241
93.9473	0.209105
93.9862	0.207408
94.0247	0.210005
94.0642	0.204001
94.1032	0.205927
94.1423	0.206198
94.1809	0.208942
94.2207	0.203761
94.2598	0.207975
94.2991	0.207271
94.338	0.210208
94.3769	0.211001
94.4162	0.209597
94.4554	0.209764
94.4949	0.208911
94.5339	0.211228
94.5738	0.206485
94.6126	0.211882
94.6525	0.206158
94.6913	0.211907
94.7309	0.208039
94.7706	0.207948
94.8099	0.21043
94.8499	0.207739
94.8891	0.213125
94.9294	0.208284
94.9687	0.21344
95.008	0.21395
95.0485	0.207551
95.0885	0.209654
95.1278	0.213485
95.1677	0.210751
95.2076	0.210707
95.2469	0.213771
95.2866	0.211276
95.3262	0.212594
95.3658	0.212466
95.406	0.210166
95.4463	0.210905
95.4858	0.215362
95.5257	0.213497
95.5656	0.214067
95.6053	0.214973
95.6462	0.208581
95.6865	0.21188
95.7263	0.214433
95.7664	0.213648
95.8068	0.211866
95.8469	0.213768
95.8868	0.215135
95.9274	0.211429
95.9672	0.216349
96.0078	0.212626
96.0477	0.218055
96.0881	0.215231
96.1288	0.213421
96.1694	0.2134
96.2095	0.216876
96.2502	0.213404
96.2909	0.213558
96.3312	0.216196
96.372	0.214003
96.4124	0.215416
96.4525	0.216851
96.4934	0.212514
96.534	0.215794
96.575	0.214287
96.6154	0.218829
96.6562	0.21716
96.6973	0.215607
96.7374	0.220566
96.7782	0.217097
96.8192	0.216293
96.8598	0.218421
96.9008	0.216268
96.9419	0.21561
96.9826	0.217865
97.0235	0.216656
97.0641	0.218899
97.1052	0.216859
97.1461	0.218608
97.1874	0.216778
97.2285	0.218242
97.2699	0.217536
97.3106	0.221712
97.3516	0.219608
97.3928	0.218587
97.4336	0.220368
97.4747	0.218986
97.5162	0.216641
97.5571	0.219664
97.598	0.220179
97.6394	0.218056
97.6808	0.218455
97.7219	0.220887
97.7632	0.220573
97.8045	0.220519
97.8453	0.223785
97.887	0.219623
97.9284	0.220926
97.9694	0.223574
98.0113	0.218884
98.0524	0.222512
98.0934	0.222592
98.1354	0.217632
98.1766	0.222267
98.2181	0.22138
98.2595	0.223181
98.3003	0.226609
98.3422	0.220777
98.3837	0.223605
98.4253	0.223756
98.4665	0.226371
98.5083	0.223364
98.5494	0.227726
98.5912	0.223451
98.6329	0.223657
98.6741	0.225746
98.716	0.221939
98.7577	0.223388
98.7992	0.224585
98.841	0.22407
98.8829	0.224069
98.9244	0.226409
98.9666	0.223051
99.0079	0.229002
99.0499	0.225313
99.0917	0.22697
99.1338	0.226338
99.1754	0.228184
99.2176	0.225109
99.2593	0.227438
99.3013	0.225357
99.343	0.226915
99.3858	0.221204
99.4273	0.228186
99.4693	0.226423
99.5116	0.225302
99.5534	0.228483
99.5956	0.22698
99.6375	0.229288
99.6799	0.227128
99.7218	0.229491
99.7633	0.231788
99.8056	0.227225
99.8474	0.230179
99.8895	0.22888
99.9316	0.228751
99.9741	0.226985
100.016	0.230723
100.058	0.229893
100.1	0.226417
100.142	0.228787
100.185	0.230494
100.227	0.229597
100.269	0.234129
100.311	0.229466
100.353	0.231832
100.395	0.23133
100.438	0.230711
100.48	0.231224
100.522	0.232706
100.564	0.232135
100.607	0.227317
100.649	0.230639
100.691	0.231483
100.734	0.230869
100.776	0.22995
100.819	0.229698
100.861	0.234289
100.903	0.235862
100.945	0.230606
100.988	0.231267
101.03	0.233999
101.073	0.231069
101.116	0.232132
101.158	0.235112
101.2	0.230169
101.243	0.234893
101.285	0.232154
101.328	0.230245
101.37	0.234543
101.413	0.232764
101.456	0.23027
101.498	0.235845
101.54	0.235956
101.583	0.233272
101.626	0.232923
101.668	0.23772
101.712	0.23221
101.754	0.236482
101.796	0.239391
101.839	0.232552
101.882	0.235528
101.925	0.234955
101.968	0.233117
102.01	0.235964
102.053	0.234333
102.096	0.233138
102.139	0.23494
102.182	0.236402
102.225	0.236809
102.267	0.237655
102.31	0.235813
102.354	0.236279
102.397	0.237052
102.44	0.236975
102.483	0.235575
102.525	0.238917
102.568	0.236923
102.612	0.230711
102.655	0.23908
102.698	0.236708
102.74	0.239813
102.783	0.238488
102.827	0.234395
102.87	0.239304
102.913	0.237616
102.956	0.237466
103	0.2373
103.043	0.240232
103.086	0.239272
103.129	0.239122
103.173	0.238048
103.216	0.240321
103.259	0.236982
103.302	0.238815
103.345	0.238101
103.389	0.237152
103.432	0.239862
103.475	0.243803
103.519	0.234883
103.563	0.23797
103.606	0.242016
103.649	0.242052
103.692	0.241219
103.735	0.24448
103.779	0.242032
103.822	0.241383
103.866	0.24281
103.91	0.237475
103.953	0.243165
103.996	0.240331
104.039	0.244098
104.084	0.236211
104.127	0.243294
104.171	0.243011
104.214	0.245438
104.257	0.247857
104.301	0.240476
104.344	0.245142
104.388	0.241297
104.431	0.248204
104.475	0.241047
104.519	0.243631
104.563	0.243187
104.606	0.241986
104.649	0.247922
104.694	0.241026
104.737	0.246378
104.781	0.246039
104.824	0.24469
104.868	0.24606
104.912	0.241407
104.955	0.250208
104.999	0.24592
105.043	0.244793
105.086	0.248611
105.131	0.242081
105.174	0.248196
105.218	0.245494
105.262	0.242709
105.306	0.246622
105.35	0.244007
105.394	0.247996
105.438	0.246662
105.482	0.248549
105.526	0.249115
105.57	0.243719
105.614	0.24776
105.658	0.250983
105.702	0.248398
105.745	0.247505
105.79	0.245397
105.834	0.248736
105.878	0.245828
105.922	0.250647
105.966	0.245665
106.01	0.250709
106.054	0.246801
106.098	0.250237
106.142	0.253451
106.186	0.246697
106.23	0.250208
106.275	0.24712
106.318	0.253934
106.363	0.247663
106.407	0.24734
106.451	0.254542
106.495	0.249101
106.54	0.246491
106.584	0.253073
106.627	0.255181
106.672	0.246243
106.716	0.252172
106.76	0.251972
106.805	0.250659
106.849	0.252507
106.893	0.252067
106.937	0.2533
106.981	0.255235
107.026	0.251075
107.07	0.250055
107.115	0.252111
107.158	0.25846
107.203	0.253523
107.247	0.251877
107.292	0.253329
107.336	0.25619
107.38	0.254122
107.424	0.253267
107.469	0.253151
107.513	0.256083
107.558	0.251357
107.602	0.257874
107.647	0.253723
107.691	0.255778
107.736	0.25506
107.78	0.259308
107.824	0.256586
107.869	0.256048
107.912	0.261949
107.958	0.251428
108.001	0.261679
108.047	0.25239
108.091	0.257196
108.136	0.258135
108.18	0.255076
108.224	0.259867
108.269	0.255041
108.314	0.254825
108.359	0.258473
108.403	0.257384
108.448	0.257758
108.492	0.262642
108.537	0.258533
108.582	0.255148
108.627	0.258739
108.671	0.261663
108.715	0.262085
108.76	0.256636
108.805	0.259124
108.85	0.256103
108.894	0.264615
108.939	0.258264
108.983	0.259791
109.029	0.257105
109.073	0.263422
109.118	0.259462
109.162	0.265241
109.207	0.256956
109.251	0.265188
109.296	0.262713
109.341	0.257995
109.385	0.26506
109.43	0.262827
109.474	0.263919
109.52	0.256491
109.564	0.263585
109.61	0.259207
109.654	0.267581
109.698	0.262591
109.743	0.262107
109.788	0.263459
109.833	0.261638
109.877	0.267243
109.922	0.26235
109.967	0.261146
110.012	0.264716
110.056	0.264689
110.102	0.261527
110.146	0.26637
110.191	0.264433
110.236	0.262004
110.28	0.266668
110.325	0.263882
110.37	0.266104
110.415	0.266679
110.46	0.265366
110.504	0.265464
110.549	0.265953
110.595	0.263226
110.64	0.266187
110.684	0.267996
110.729	0.267754
110.774	0.264848
110.819	0.268353
110.863	0.269246
110.908	0.267441
110.953	0.268726
110.998	0.266587
111.044	0.263504
111.088	0.270439
111.134	0.264338
111.179	0.269811
111.224	0.269885
111.269	0.266307
111.314	0.269977
111.359	0.266685
111.404	0.269021
111.45	0.263327
111.495	0.271739
111.54	0.267517
111.585	0.26587
111.63	0.271597
111.676	0.262989
111.721	0.274948
111.766	0.26962
111.811	0.267512
111.856	0.27335
111.902	0.268848
111.947	0.271967
111.992	0.26832
112.037	0.269572
112.082	0.274843
112.128	0.265657
112.173	0.27007
112.218	0.271739
112.264	0.269345
112.309	0.273223
112.354	0.269459
112.4	0.270489
112.445	0.275119
112.49	0.272622
112.536	0.269277
112.581	0.274363
112.627	0.270899
112.672	0.272333
112.717	0.275116
112.762	0.270153
112.808	0.268854
112.853	0.274496
112.899	0.270609
112.944	0.271099
112.989	0.275487
113.035	0.274299
113.081	0.26855
113.126	0.276998
113.171	0.275725
113.217	0.275937
113.263	0.272263
113.308	0.276496
113.354	0.271286
113.399	0.273992
113.444	0.276361
113.489	0.275367
113.535	0.273869
113.581	0.274012
113.627	0.275355
113.672	0.276866
113.718	0.279258
113.763	0.274748
113.809	0.276036
113.855	0.274818
113.9	0.278822
113.946	0.275635
113.992	0.27569
114.037	0.27745
114.083	0.275609
114.129	0.276301
114.174	0.280138
114.22	0.276044
114.266	0.279382
114.311	0.276812
114.357	0.281395
114.403	0.276401
114.449	0.275859
114.494	0.278445
114.54	0.276004
114.587	0.276386
114.632	0.282921
114.677	0.280234
114.723	0.278335
114.769	0.281598
114.815	0.278565
114.86	0.28254
114.906	0.279397
114.952	0.276859
114.997	0.284766
115.043	0.278874
115.089	0.280523
115.134	0.283364
115.181	0.278395
115.226	0.284528
115.272	0.280286
115.318	0.278892
115.363	0.279199
115.409	0.28314
115.455	0.279731
115.501	0.28178
115.547	0.280248
115.592	0.283655
115.638	0.282059
115.684	0.282441
115.73	0.28456
115.776	0.28192
115.821	0.283579
115.867	0.284726
115.913	0.282231
115.959	0.282437
116.004	0.28424
116.05	0.281245
116.096	0.283321
116.142	0.284374
116.188	0.286638
116.233	0.284777
116.279	0.286582
116.325	0.282099
116.371	0.28892
116.417	0.28196
116.462	0.288637
116.509	0.282412
116.554	0.286982
116.6	0.284724
116.646	0.28693
116.691	0.285747
116.737	0.286355
116.783	0.290194
116.829	0.285072
116.875	0.288736
116.921	0.287973
116.966	0.288386
117.012	0.288006
117.058	0.289242
117.104	0.286351
117.15	0.288919
117.196	0.285263
117.243	0.28589
117.288	0.288757
117.334	0.290285
117.38	0.288957
117.426	0.287153
117.473	0.287132
117.519	0.289699
117.565	0.285057
117.611	0.288046
117.657	0.291391
117.702	0.294714
117.749	0.288339
117.795	0.290623
117.84	0.291941
117.887	0.284817
117.933	0.293163
117.979	0.287935
118.025	0.290742
118.071	0.292389
118.117	0.289486
118.162	0.295836
118.209	0.288362
118.255	0.290817
118.301	0.290653
118.347	0.293135
118.394	0.287531
118.439	0.29787
118.486	0.286847
118.532	0.290811
118.577	0.294318
118.624	0.288572
118.669	0.297716
118.716	0.291354
118.762	0.293892
118.808	0.292424
118.854	0.296411
118.9	0.293027
118.946	0.292047
118.992	0.296617
119.038	0.292786
119.084	0.292352
119.13	0.296126
119.176	0.293644
119.223	0.29242
119.269	0.29216
119.315	0.296022
119.36	0.299785
119.406	0.295963
119.453	0.290655
119.499	0.299471
119.546	0.291731
119.592	0.295252
119.638	0.298429
119.684	0.298305
119.73	0.296509
119.776	0.297586
119.823	0.288414
119.868	0.296732
119.914	0.300632
119.961	0.292911
120.007	0.294006
120.054	0.297682
120.1	0.295537
120.146	0.300101
120.193	0.296995
120.238	0.301669
120.285	0.293886
120.331	0.301361
120.377	0.298851
120.424	0.293441
120.47	0.300165
120.517	0.296726
120.563	0.299472
120.61	0.297753
120.656	0.301872
120.702	0.299797
120.749	0.29947
120.795	0.301828
120.841	0.297305
120.888	0.299858
120.934	0.300336
120.981	0.299759
121.027	0.300028
121.073	0.29992
121.119	0.300203
121.166	0.297524
121.213	0.300866
121.26	0.300017
121.306	0.304175
121.353	0.298122
121.399	0.301657
121.445	0.304963
121.492	0.299982
121.539	0.298599
121.584	0.305912
121.631	0.299593
121.678	0.30103
121.724	0.301082
121.77	0.302171
121.817	0.304764
121.864	0.298116
121.91	0.305778
121.957	0.303374
122.004	0.301787
122.05	0.302719
122.097	0.305023
122.143	0.304124
122.189	0.306046
122.236	0.303177
122.282	0.301079
122.329	0.305613
122.375	0.304399
122.422	0.303582
122.468	0.304071
122.515	0.306149
122.562	0.303992
122.608	0.304625
122.655	0.304323
122.701	0.307173
122.748	0.305095
122.795	0.306196
122.841	0.306697
122.888	0.307651
122.934	0.304144
122.981	0.303367
123.028	0.307158
123.075	0.305805
123.121	0.308265
123.168	0.307302
123.215	0.306325
123.261	0.308282
123.308	0.30812
123.354	0.309583
123.401	0.310306
123.447	0.313365
123.494	0.302816
123.541	0.306432
123.588	0.310444
123.635	0.301904
123.682	0.308474
123.728	0.308706
123.775	0.310093
123.822	0.307855
123.868	0.313968
123.914	0.312583
123.962	0.303913
124.009	0.3119
124.056	0.309864
124.103	0.30865
124.148	0.316338
124.195	0.30918
124.242	0.31075
124.289	0.307773
124.336	0.310949
124.382	0.312687
124.429	0.311012
124.475	0.313894
124.523	0.309095
124.569	0.313607
124.616	0.313049
124.662	0.316178
124.709	0.309048
124.756	0.313228
124.803	0.3108
124.85	0.314115
124.896	0.314553
124.943	0.311332
124.99	0.312274
125.036	0.31832
125.083	0.314508
125.13	0.313699
125.177	0.313902
125.224	0.315928
125.27	0.319469
125.317	0.314843
125.364	0.313505
125.41	0.320721
125.458	0.310539
125.504	0.316237
125.552	0.312699
125.597	0.322144
125.644	0.318378
125.691	0.310448
125.738	0.316367
125.784	0.322656
125.832	0.310896
125.879	0.320075
125.926	0.316756
125.972	0.318845
126.019	0.317293
126.067	0.31396
126.113	0.31955
126.16	0.318305
126.207	0.316494
126.254	0.316067
126.301	0.315282
126.348	0.31504
126.395	0.318676
126.442	0.31921
126.489	0.319782
126.536	0.316282
126.583	0.318043
126.63	0.321403
126.677	0.317507
126.723	0.324465
126.771	0.318554
126.818	0.318957
126.865	0.317079
126.912	0.318259
126.959	0.318058
127.006	0.320863
127.052	0.327031
127.1	0.317262
127.147	0.319891
127.194	0.321853
127.241	0.321746
127.288	0.32082
127.335	0.325803
127.382	0.31981
127.429	0.32501
127.476	0.323269
127.523	0.318691
127.571	0.318227
127.617	0.32867
127.664	0.319504
127.712	0.321766
127.759	0.324259
127.806	0.324001
127.853	0.321174
127.9	0.322044
127.947	0.323251
127.994	0.32404
128.041	0.326656
128.088	0.322955
128.136	0.31876
128.182	0.323751
128.23	0.322213
128.277	0.32504
128.324	0.323269
128.371	0.321624
128.418	0.328029
128.465	0.325167
128.512	0.326268
128.56	0.32268
128.607	0.325213
128.654	0.323758
128.701	0.325837
128.748	0.322874
128.795	0.325347
128.842	0.323695
128.889	0.324969
128.936	0.324028
128.984	0.324996
129.031	0.326824
129.078	0.324702
129.125	0.326644
129.172	0.327855
129.219	0.325016
129.266	0.329443
129.314	0.323662
129.361	0.32555
129.408	0.322308
129.456	0.325716
129.503	0.327148
129.55	0.327559
129.597	0.325338
129.644	0.330652
129.692	0.322657
129.739	0.331145
129.786	0.328672
129.834	0.325786
129.881	0.332843
129.928	0.324494
129.976	0.326061
130.022	0.330192
130.069	0.331007
130.117	0.322845
130.164	0.32994
130.212	0.325401
130.26	0.326229
130.306	0.332882
130.354	0.329933
130.401	0.328289
130.449	0.329303
130.495	0.333089
130.543	0.330659
130.59	0.330709
130.637	0.330568
130.685	0.325684
130.732	0.330551
130.78	0.324433
130.827	0.333213
130.874	0.33153
130.921	0.331044
130.968	0.331835
131.015	0.332631
131.063	0.330276
131.111	0.327968
131.158	0.335095
131.205	0.336
131.252	0.330451
131.3	0.331477
131.347	0.326562
131.394	0.339262
131.441	0.33382
131.488	0.328474
131.536	0.333836
131.583	0.334553
131.63	0.331324
131.678	0.33461
131.725	0.332656
131.772	0.334989
131.819	0.341464
131.867	0.330905
131.913	0.339256
131.961	0.329189
132.008	0.337805
132.055	0.336293
132.103	0.331208
132.15	0.334646
132.197	0.338441
132.245	0.330642
132.292	0.340561
132.339	0.335062
132.386	0.340469
132.434	0.33604
132.481	0.338764
132.528	0.337677
132.576	0.329813
132.624	0.33592
132.671	0.335423
132.718	0.337232
132.765	0.338999
132.812	0.336846
132.86	0.336228
132.907	0.338121
132.955	0.335947
133.002	0.339623
133.049	0.340793
133.097	0.340006
133.145	0.333965
133.192	0.341245
133.239	0.337738
133.286	0.338982
133.334	0.339807
133.381	0.336015
133.429	0.33957
133.476	0.340239
133.523	0.341424
133.571	0.336128
133.618	0.343582
133.666	0.338338
133.713	0.34094
133.76	0.341505
133.808	0.33709
133.856	0.340366
133.903	0.340684
133.951	0.338352
133.998	0.342036
134.045	0.342468
134.092	0.339641
134.14	0.337488
134.188	0.341389
134.235	0.342401
134.282	0.344617
134.33	0.337939
134.378	0.342987
134.425	0.34413
134.472	0.344872
134.52	0.339705
134.568	0.339464
134.615	0.345935
134.663	0.337403
134.71	0.34277
134.758	0.344911
134.805	0.344056
134.852	0.346678
134.9	0.343946
134.948	0.343737
134.995	0.345714
135.042	0.347224
135.09	0.345347
135.137	0.345627
135.186	0.340779
135.232	0.351309
135.28	0.340931
135.328	0.347348
135.376	0.342773
135.423	0.3509
135.471	0.342284
135.519	0.343941
135.566	0.347047
135.614	0.350333
135.662	0.343231
135.71	0.344135
135.757	0.348164
135.805	0.345829
135.852	0.350429
135.9	0.34564
135.948	0.345765
135.995	0.350633
136.043	0.345803
136.09	0.349838
136.138	0.344191
136.186	0.349448
136.234	0.347687
136.282	0.347219
136.329	0.350395
136.376	0.355624
136.424	0.345198
136.472	0.351018
136.52	0.344663
136.567	0.3512
136.615	0.349216
136.662	0.3513
136.71	0.351046
136.758	0.347769
136.806	0.350958
136.853	0.354282
136.901	0.347905
136.949	0.349009
136.996	0.358912
137.044	0.348904
137.091	0.354715
137.139	0.353271
137.187	0.348146
137.234	0.356109
137.282	0.351392
137.33	0.354171
137.377	0.354833
137.424	0.354732
137.472	0.352488
137.52	0.351453
137.568	0.352833
137.615	0.355792
137.663	0.351382
137.711	0.350755
137.759	0.355697
137.806	0.355705
137.854	0.351526
137.901	0.360087
137.949	0.354053
137.997	0.352054
138.045	0.353378
138.093	0.35437
138.14	0.356097
138.188	0.356791
138.236	0.352589
138.284	0.354176
138.331	0.357262
138.378	0.358435
138.426	0.355533
138.474	0.357174
138.522	0.351289
138.569	0.357603
138.618	0.353727
138.665	0.357246
138.713	0.354004
138.761	0.35518
138.809	0.353347
138.857	0.357209
138.905	0.356277
138.953	0.356426
139	0.355164
139.048	0.357652
139.096	0.358684
139.143	0.358341
139.191	0.35749
139.239	0.355149
139.287	0.359191
139.335	0.353617
139.382	0.363657
139.43	0.358618
139.478	0.357332
139.526	0.356728
139.574	0.357257
139.621	0.357562
139.669	0.361026
139.717	0.356761
139.765	0.360054
139.813	0.360394
139.861	0.356451
139.908	0.362523
139.956	0.358754
140.004	0.360494
140.052	0.360373
140.099	0.361686
140.147	0.358168
140.194	0.364716
140.242	0.357384
140.29	0.358076
140.338	0.360433
140.386	0.364211
140.433	0.362853
140.481	0.36126
140.529	0.361822
140.577	0.362662
140.625	0.358186
140.672	0.363039
140.72	0.360247
140.769	0.359401
140.817	0.36026
140.864	0.36349
140.912	0.36477
140.959	0.364812
141.007	0.366015
141.055	0.360761
141.103	0.363945
141.15	0.366814
141.198	0.366849
141.246	0.359413
141.294	0.366351
141.342	0.366319
141.39	0.359847
141.437	0.36839
141.485	0.364698
141.533	0.364976
141.581	0.364088
141.629	0.363013
141.677	0.371669
141.725	0.363532
141.773	0.364597
141.822	0.361137
141.869	0.372337
141.917	0.366496
141.964	0.368103
142.013	0.362497
142.061	0.366473
142.108	0.371745
142.156	0.36563
142.204	0.367006
142.253	0.361693
142.3	0.36984
142.348	0.370219
142.396	0.368152
142.444	0.366275
142.492	0.368569
142.54	0.36884
142.588	0.371182
142.636	0.365544
142.684	0.368956
142.731	0.373483
142.78	0.360308
142.828	0.370983
142.875	0.369785
142.923	0.370275
142.971	0.371322
143.019	0.371266
143.067	0.36934
143.115	0.367355
143.164	0.368396
143.212	0.370845
143.259	0.375537
143.308	0.365735
143.356	0.367424
143.403	0.37551
143.451	0.372066
143.499	0.371023
143.548	0.367006
143.596	0.373432
143.643	0.374336
143.692	0.368504
143.74	0.373841
143.787	0.372669
143.835	0.37257
143.884	0.368428
143.932	0.371683
143.98	0.372753
144.027	0.374285
144.076	0.371103
144.124	0.373812
144.172	0.374216
144.219	0.37634
144.268	0.373037
144.316	0.373697
144.364	0.375794
144.412	0.373603
144.46	0.374954
144.508	0.371766
144.556	0.378247
144.605	0.367949
144.652	0.378906
144.7	0.374819
144.748	0.375089
144.797	0.371605
144.845	0.377291
144.893	0.377277
144.941	0.378217
144.989	0.375746
145.037	0.380974
145.085	0.372795
145.133	0.377984
145.181	0.376034
145.229	0.378953
145.278	0.372269
145.326	0.373316
145.374	0.378234
145.422	0.380805
145.47	0.379843
145.518	0.377034
145.566	0.378134
145.614	0.379027
145.662	0.381166
145.711	0.377541
145.758	0.381353
145.806	0.378336
145.855	0.376331
145.903	0.378061
145.951	0.381515
145.999	0.380905
146.047	0.3791
146.096	0.377474
146.143	0.384866
146.191	0.38094
146.239	0.38306
146.287	0.383519
146.335	0.379175
146.384	0.37744
146.432	0.381047
146.48	0.381255
146.528	0.378523
146.576	0.382646
146.625	0.37877
146.672	0.384676
146.721	0.382973
146.769	0.383461
146.817	0.384274
146.864	0.385693
146.913	0.380274
146.961	0.382938
147.009	0.380742
147.057	0.384168
147.105	0.385846
147.153	0.381093
147.201	0.383485
147.249	0.385788
147.297	0.382969
147.345	0.385654
147.394	0.382735
147.442	0.387314
147.49	0.384033
147.538	0.385112
147.586	0.385246
147.635	0.381547
147.683	0.383347
147.731	0.383832
147.779	0.384711
147.827	0.387478
147.875	0.383925
147.924	0.383431
147.972	0.385586
148.02	0.384959
148.068	0.387483
148.116	0.386123
148.164	0.387765
148.212	0.38864
148.26	0.387065
148.309	0.38626
148.357	0.385008
148.405	0.388628
148.453	0.381411
148.502	0.385899
148.55	0.388225
148.597	0.391186
148.645	0.389816
148.694	0.384281
148.742	0.392854
148.79	0.386813
148.838	0.392522
148.886	0.388847
148.935	0.384147
148.983	0.390638
149.031	0.387577
149.079	0.386459
149.127	0.393137
149.175	0.385168
149.223	0.391877
149.271	0.388099
149.319	0.391439
149.368	0.388358
149.416	0.389566
149.464	0.387754
149.512	0.395887
149.56	0.392572
149.609	0.387182
149.656	0.396257
149.704	0.391665
149.753	0.387138
149.8	0.39268
149.849	0.389875
149.897	0.391543
149.945	0.391797
149.994	0.388489
150.042	0.394088
150.09	0.394555
150.138	0.395671
150.186	0.390813
150.234	0.391207
150.282	0.397972
150.331	0.38553
150.379	0.393062
150.427	0.388532
150.475	0.396223
150.523	0.394977
150.572	0.385341
150.62	0.396639
150.668	0.39646
150.716	0.392403
150.765	0.390404
150.813	0.394198
150.861	0.396024
150.909	0.398532
150.957	0.389123
151.006	0.393957
151.054	0.392057
151.102	0.399608
151.15	0.393082
151.198	0.396308
151.246	0.39774
151.294	0.397836
151.342	0.396888
151.39	0.398054
151.439	0.394217
151.487	0.401671
151.534	0.399923
151.583	0.397408
151.631	0.393837
151.679	0.399717
151.727	0.395729
151.776	0.39675
151.823	0.4024
151.872	0.396306
151.92	0.403384
151.968	0.393452
152.017	0.399603
152.064	0.401754
152.113	0.397345
152.161	0.402921
152.209	0.398557
152.257	0.402082
152.305	0.397382
152.353	0.398999
152.401	0.402418
152.45	0.399312
152.498	0.398434
152.546	0.399533
152.594	0.404276
152.641	0.406754
152.69	0.39895
152.739	0.395484
152.787	0.404099
152.835	0.402509
152.883	0.40158
152.931	0.400415
152.979	0.399113
153.027	0.404142
153.076	0.396964
153.124	0.401827
153.172	0.402417
153.22	0.407921
153.268	0.397332
153.317	0.402012
153.365	0.403522
153.412	0.408765
153.461	0.402532
153.509	0.405279
153.557	0.400312
153.606	0.402244
153.654	0.402604
153.702	0.401474
153.751	0.403723
153.799	0.406248
153.847	0.403753
153.895	0.403122
153.944	0.404412
153.992	0.40556
154.04	0.409132
154.089	0.39762
154.137	0.406622
154.185	0.409446
154.233	0.405343
154.282	0.39975
154.33	0.410283
154.378	0.405116
154.426	0.408247
154.475	0.404179
154.523	0.40643
154.571	0.407501
154.62	0.404326
154.668	0.405635
154.716	0.408359
154.765	0.405178
154.813	0.406724
154.861	0.409152
154.91	0.404171
154.958	0.410361
155.006	0.404922
155.054	0.409837
155.102	0.412876
155.151	0.402859
155.199	0.413788
155.247	0.406924
155.296	0.404544
155.345	0.406542
155.393	0.411557
155.441	0.407401
155.489	0.411029
155.538	0.408876
155.586	0.409261
155.634	0.409133
155.682	0.414112
155.73	0.411803
155.779	0.408937
155.827	0.409859
155.875	0.411627
155.924	0.407722
155.972	0.415204
156.02	0.406673
156.069	0.411709
156.117	0.41177
156.165	0.409091
156.214	0.410963
156.262	0.412203
156.31	0.414774
156.359	0.409237
156.407	0.409483
156.455	0.41714
156.503	0.415962
156.552	0.407156
156.6	0.412605
156.649	0.408206
156.697	0.414808
156.746	0.407508
156.793	0.417821
156.843	0.406896
156.891	0.416897
156.939	0.416733
156.987	0.411779
157.036	0.413293
157.084	0.413781
157.132	0.415196
157.181	0.412882
157.229	0.41783
157.277	0.412585
157.326	0.410995
157.374	0.417754
157.423	0.411703
157.471	0.416757
157.519	0.414952
157.568	0.413208
157.616	0.415777
157.664	0.420107
157.713	0.405811
157.761	0.418547
157.81	0.416714
157.858	0.415803
157.907	0.412018
157.955	0.417534
158.003	0.411687
158.051	0.420547
158.1	0.414777
158.148	0.42039
158.197	0.413272
158.245	0.416187
158.294	0.416286
158.342	0.420638
158.39	0.415605
158.438	0.422066
158.487	0.414122
158.535	0.41429
158.583	0.419081
158.632	0.416897
158.68	0.416167
158.729	0.418574
158.777	0.420338
158.825	0.422072
158.874	0.41053
158.921	0.429568
158.97	0.419119
159.018	0.422385
159.067	0.418269
159.115	0.418936
159.164	0.415761
159.212	0.424057
159.261	0.416516
159.309	0.41805
159.357	0.424314
159.406	0.418527
159.454	0.421287
159.502	0.426957
159.55	0.419989
159.598	0.425907
159.647	0.416475
159.696	0.418461
159.744	0.428155
159.793	0.416512
159.841	0.421966
159.889	0.421989
159.938	0.417003
159.986	0.427992
160.035	0.414186
160.083	0.426074
160.131	0.423619
160.18	0.41591
160.229	0.418824
160.278	0.423083
160.325	0.427809
160.373	0.428339
160.423	0.4142
160.471	0.426214
160.519	0.423915
160.567	0.423107
160.616	0.420806
160.665	0.418808
160.712	0.43177
160.761	0.419475
160.809	0.422294
160.857	0.428717
160.906	0.420661
160.955	0.421832
161.003	0.421807
161.051	0.426511
161.099	0.427186
161.148	0.421352
161.197	0.418951
161.245	0.428325
161.293	0.423472
161.342	0.425183
161.391	0.420822
161.439	0.4257
161.487	0.429489
161.535	0.428196
161.584	0.424497
161.632	0.422801
161.68	0.431127
161.729	0.421783
161.777	0.426001
161.826	0.423858
161.874	0.426784
161.923	0.421991
161.97	0.432504
162.019	0.423646
162.067	0.428081
162.116	0.427375
162.164	0.425697
162.213	0.425401
162.261	0.428864
162.31	0.424433
162.358	0.428964
162.406	0.426918
162.454	0.430374
162.503	0.424126
162.551	0.426341
162.6	0.427293
162.648	0.429775
162.696	0.427997
162.745	0.429422
162.793	0.424308
162.842	0.428932
162.89	0.435043
162.938	0.427653
162.987	0.427031
163.035	0.428165
163.084	0.427284
163.132	0.430969
163.18	0.429863
163.229	0.428599
163.278	0.425702
163.326	0.434208
163.374	0.428879
163.423	0.431745
163.471	0.430452
163.519	0.431797
163.567	0.435767
163.616	0.431078
163.665	0.426275
163.713	0.432579
163.762	0.426713
163.81	0.431446
163.858	0.436007
163.907	0.426656
163.955	0.43845
164.004	0.424401
164.052	0.438714
164.1	0.432977
164.149	0.429762
164.197	0.438204
164.246	0.42933
164.295	0.428391
164.342	0.443719
164.391	0.431296
164.439	0.432307
164.487	0.437002
164.536	0.430266
164.585	0.435742
164.633	0.437665
164.682	0.427394
164.729	0.443686
164.778	0.433358
164.827	0.432288
164.875	0.435159
164.923	0.440009
164.972	0.437386
165.02	0.435703
165.068	0.43633
165.117	0.432925
165.166	0.434515
165.213	0.444472
165.262	0.436551
165.311	0.430634
165.359	0.436191
165.407	0.439111
165.456	0.436331
165.504	0.43988
165.552	0.441653
165.601	0.435018
165.649	0.440532
165.698	0.433518
165.746	0.441638
165.794	0.437839
165.843	0.432743
165.891	0.442118
165.939	0.441524
165.988	0.437583
166.037	0.434872
166.085	0.444074
166.133	0.438674
166.182	0.442488
166.231	0.428286
166.279	0.445888
166.328	0.434806
166.376	0.440831
166.425	0.43916
166.473	0.436046
166.521	0.444585
166.57	0.438943
166.618	0.442353
166.667	0.436892
166.715	0.44751
166.764	0.437556
166.812	0.442525
166.861	0.435203
166.909	0.443964
166.958	0.438713
167.006	0.440518
167.055	0.442112
167.103	0.443671
167.151	0.440689
167.2	0.438785
167.248	0.44974
167.297	0.435751
167.345	0.444459
167.394	0.440063
167.442	0.448008
167.49	0.442692
167.539	0.438605
167.588	0.441025
167.635	0.448067
167.684	0.441242
167.733	0.441201
167.781	0.443404
167.829	0.447188
167.878	0.440171
167.926	0.446673
167.975	0.444994
168.023	0.449653
168.071	0.443506
168.12	0.447298
168.168	0.445155
168.217	0.444431
168.264	0.44906
168.313	0.439909
168.362	0.445238
168.41	0.444625
168.458	0.449644
168.507	0.445973
168.556	0.443306
168.604	0.4448
168.652	0.448281
168.701	0.447857
168.75	0.443337
168.798	0.450537
168.846	0.450626
168.895	0.443095
168.943	0.448481
168.991	0.446209
169.04	0.447019
169.088	0.447621
169.136	0.451281
169.185	0.443535
169.233	0.449814
169.282	0.44637
169.33	0.446471
169.379	0.451925
169.427	0.445766
169.476	0.445603
169.524	0.455956
169.572	0.444659
169.621	0.44959
169.669	0.448765
169.718	0.444958
169.766	0.45399
169.815	0.442656
169.863	0.45406
169.911	0.452102
169.96	0.447382
170.008	0.449877
170.057	0.448739
170.105	0.451799
170.154	0.44444
170.202	0.452416
170.251	0.444649
170.299	0.450702
170.347	0.455322
170.396	0.448537
170.444	0.450565
170.493	0.447338
170.541	0.456591
170.59	0.445162
170.638	0.454188
170.686	0.452479
170.735	0.452613
170.783	0.452212
170.832	0.449178
170.88	0.451786
170.928	0.455923
170.977	0.446072
171.025	0.456822
171.074	0.448326
171.122	0.454767
171.171	0.452843
171.219	0.453814
171.268	0.453308
171.315	0.460587
171.364	0.453654
171.412	0.457647
171.461	0.450679
171.509	0.455068
171.558	0.453472
171.606	0.454154
171.654	0.458442
171.702	0.458102
171.751	0.450662
171.799	0.454494
171.848	0.45146
171.896	0.463469
171.945	0.452328
171.993	0.459965
172.041	0.454039
172.09	0.455351
172.138	0.454102
172.187	0.456954
172.235	0.454676
172.283	0.457327
172.332	0.45753
172.38	0.456515
172.43	0.447139
172.477	0.464958
172.526	0.453057
172.575	0.455633
172.623	0.462921
172.672	0.451414
172.72	0.45991
172.768	0.462163
172.817	0.451259
172.865	0.459031
172.914	0.455415
172.962	0.461493
173.011	0.455012
173.059	0.457956
173.108	0.455571
173.156	0.459827
173.205	0.454739
173.253	0.46483
173.302	0.452975
173.35	0.459528
173.399	0.460364
173.447	0.460887
173.496	0.452253
173.544	0.459672
173.593	0.454385
173.641	0.463842
173.69	0.459169
173.738	0.460469
173.787	0.456181
173.835	0.459742
173.884	0.458839
173.932	0.461554
173.981	0.46107
174.03	0.45277
174.078	0.462169
174.126	0.464344
174.176	0.45169
174.223	0.467596
174.272	0.455795
174.321	0.464053
174.369	0.461371
174.418	0.460159
174.466	0.464449
174.515	0.456584
174.563	0.463084
174.612	0.458679
174.66	0.464737
174.709	0.458205
174.758	0.460419
174.806	0.468077
174.855	0.460665
174.903	0.462796
174.952	0.461837
175.001	0.460935
175.049	0.464733
175.098	0.463278
175.147	0.459062
175.195	0.470568
175.244	0.452417
175.292	0.474904
175.34	0.46366
175.389	0.465708
175.438	0.459098
175.487	0.46378
175.535	0.465484
175.583	0.471466
175.632	0.463677
175.68	0.46671
175.729	0.466929
175.778	0.463525
175.826	0.469642
175.875	0.460354
175.924	0.464293
175.972	0.46928
176.021	0.463447
176.07	0.462018
176.118	0.471704
176.167	0.460695
176.215	0.474694
176.264	0.465546
176.312	0.466234
176.361	0.467948
176.409	0.466838
176.458	0.468434
176.507	0.467093
176.555	0.469896
176.603	0.469638
176.652	0.466724
176.701	0.463961
176.75	0.463269
176.798	0.471141
176.847	0.467334
176.895	0.474472
176.944	0.468978
176.992	0.470653
177.041	0.467233
177.09	0.471704
177.138	0.469363
177.188	0.461912
177.236	0.470178
177.285	0.467779
177.333	0.477397
177.381	0.469398
177.43	0.468712
177.479	0.470558
177.527	0.475235
177.576	0.4705
177.624	0.472197
177.673	0.4687
177.722	0.468866
177.77	0.474462
177.819	0.465948
177.868	0.473885
177.916	0.47026
177.965	0.470534
178.014	0.473196
178.062	0.475136
178.111	0.471439
178.159	0.473759
178.207	0.475399
178.256	0.470613
178.305	0.47393
178.354	0.470414
178.402	0.474245
178.451	0.477002
178.499	0.474111
178.548	0.4718
178.597	0.472944
178.645	0.475369
178.694	0.470129
178.743	0.476016
178.792	0.47392
178.84	0.481867
178.888	0.473685
178.937	0.47533
178.985	0.480432
179.034	0.474492
179.082	0.480546
179.131	0.476768
179.18	0.472803
179.228	0.479813
179.277	0.470889
179.326	0.476082
179.374	0.482957
179.423	0.473806
179.471	0.482073
179.52	0.472106
179.569	0.477058
179.617	0.480799
179.665	0.478292
179.714	0.478753
179.762	0.47959
179.812	0.470633
179.86	0.481543
179.909	0.475788
179.957	0.479845
180.005	0.482062
180.054	0.473009
180.102	0.483878
180.151	0.481606
180.2	0.47691
180.248	0.48084
180.297	0.479835
180.346	0.476379
180.393	0.486754
180.443	0.470284
180.49	0.490082
180.539	0.476015
180.588	0.478997
180.637	0.47675
180.685	0.479124
180.734	0.48351
180.782	0.483211
180.831	0.477788
180.88	0.473608
180.929	0.481044
180.977	0.480147
181.026	0.48481
181.075	0.476679
181.123	0.477687
181.171	0.487713
181.22	0.481824
181.268	0.481989
181.317	0.478955
181.365	0.486133
181.414	0.481682
181.463	0.479419
181.512	0.474123
181.56	0.49031
181.609	0.480503
181.658	0.481009
181.707	0.47072
181.755	0.491821
181.804	0.481021
181.852	0.482211
181.902	0.474282
181.95	0.484956
181.999	0.481472
182.048	0.481781
182.096	0.486888
182.146	0.477804
182.194	0.48755
182.242	0.489544
182.292	0.473178
182.341	0.478958
182.389	0.485267
182.438	0.485216
182.487	0.479992
182.536	0.483569
182.584	0.485233
182.633	0.485435
182.682	0.481832
182.731	0.486858
182.78	0.480613
182.828	0.485489
182.878	0.481688
182.926	0.488223
182.975	0.479118
183.023	0.493958
183.072	0.479358
183.122	0.47867
183.171	0.481466
183.219	0.489121
183.268	0.481301
183.317	0.484119
183.366	0.489102
183.415	0.485524
183.463	0.488401
183.512	0.487199
183.561	0.482199
183.61	0.486014
183.659	0.481705
183.708	0.485422
183.756	0.489142
183.806	0.48052
183.854	0.492136
183.903	0.489742
183.952	0.476826
184.001	0.492719
184.05	0.48098
184.099	0.484804
184.148	0.490954
184.196	0.493679
184.245	0.48278
184.295	0.476458
184.343	0.495514
184.392	0.484859
184.441	0.487722
184.49	0.484885
184.539	0.490818
184.587	0.49028
184.637	0.486793
184.685	0.492652
184.735	0.482577
184.783	0.493549
184.833	0.483149
184.881	0.491961
184.93	0.49275
184.979	0.483197
185.027	0.494131
185.077	0.481441
185.126	0.494292
185.175	0.488615
185.223	0.490815
185.272	0.494096
185.322	0.482734
185.369	0.501696
185.419	0.489184
185.468	0.487332
185.516	0.493603
185.565	0.49669
185.614	0.484971
185.664	0.484944
185.712	0.492053
185.761	0.495526
185.809	0.494786
185.858	0.491901
185.907	0.496253
185.956	0.488504
186.005	0.493768
186.053	0.494975
186.103	0.490693
186.151	0.494353
186.2	0.490842
186.249	0.496055
186.298	0.492605
186.346	0.493586
186.396	0.489975
186.445	0.492666
186.493	0.502681
186.542	0.491376
186.592	0.483605
186.64	0.500093
186.688	0.498036
186.737	0.49339
186.787	0.490674
186.835	0.501012
186.884	0.494794
186.932	0.493732
186.981	0.495251
187.03	0.4956
187.079	0.492288
187.128	0.494269
187.177	0.494476
187.225	0.502341
187.274	0.500995
187.323	0.490153
187.372	0.498959
187.421	0.496338
187.47	0.493744
187.518	0.50181
187.567	0.494886
187.616	0.494322
187.665	0.501684
187.714	0.495029
187.763	0.49862
187.811	0.499242
187.86	0.50042
187.909	0.498037
187.958	0.499911
188.006	0.502857
188.055	0.500912
188.104	0.495025
188.153	0.499768
188.201	0.502409
188.25	0.499184
188.299	0.497012
188.348	0.501845
188.397	0.500647
188.445	0.501445
188.494	0.502977
188.543	0.497975
188.592	0.505144
188.64	0.502176
188.689	0.498717
188.738	0.503545
188.786	0.505643
188.835	0.503208
188.884	0.501856
188.932	0.505089
188.981	0.498973
189.03	0.505875
189.078	0.504717
189.127	0.501635
189.176	0.497783
189.225	0.508739
189.274	0.500415
189.322	0.504642
189.371	0.506767
189.419	0.50528
189.468	0.507226
189.517	0.503416
189.566	0.499104
189.614	0.509677
189.663	0.496389
189.712	0.504497
189.76	0.509423
189.809	0.500854
189.858	0.504251
189.906	0.507609
189.955	0.503485
190.003	0.511869
190.052	0.499412
190.101	0.505046
190.149	0.508368
190.198	0.506129
190.247	0.495737
190.296	0.505597
190.345	0.498764
190.393	0.513322
190.442	0.498919
190.491	0.505068
190.54	0.503921
190.588	0.510184
190.637	0.506925
190.686	0.50098
190.735	0.505811
190.783	0.504065
190.832	0.509203
190.881	0.505135
190.929	0.503033
190.979	0.496556
191.027	0.510124
191.077	0.501575
191.125	0.507787
191.174	0.510869
191.223	0.498924
191.272	0.503148
191.321	0.508235
191.369	0.513517
191.418	0.499762
191.467	0.511433
191.516	0.498579
191.565	0.511277
191.614	0.504889
191.663	0.503816
191.712	0.507551
191.761	0.502687
191.81	0.506653
191.859	0.504016
191.907	0.512424
191.956	0.511315
192.005	0.501778
192.054	0.510086
192.103	0.507618
192.152	0.506299
192.201	0.503034
192.249	0.513239
192.299	0.504568
192.348	0.507462
192.396	0.509968
192.445	0.509613
192.494	0.509337
192.543	0.504877
192.592	0.515269
192.642	0.498799
192.69	0.513523
192.738	0.514762
192.788	0.505039
192.836	0.513909
192.885	0.507018
192.934	0.517011
192.983	0.509124
193.032	0.505551
193.081	0.512584
193.13	0.511292
193.179	0.510414
193.227	0.517516
193.276	0.515118
193.325	0.507384
193.374	0.509067
193.423	0.513991
193.472	0.507753
193.521	0.512673
193.569	0.517261
193.618	0.512242
193.667	0.508056
193.716	0.514143
193.764	0.516994
193.814	0.509096
193.863	0.510038
193.911	0.515601
193.96	0.512772
194.009	0.51655
194.058	0.505702
194.107	0.511831
194.156	0.515518
194.205	0.509273
194.253	0.519377
194.303	0.508697
194.352	0.512093
194.401	0.508797
194.45	0.514879
194.498	0.522996
194.547	0.512906
194.596	0.513867
194.645	0.512171
194.694	0.515596
194.743	0.510233
194.792	0.516584
194.841	0.514093
194.89	0.512067
194.938	0.518976
194.988	0.509421
195.037	0.514118
195.086	0.514054
195.135	0.517843
195.184	0.512422
195.234	0.508107
195.282	0.51842
195.331	0.516056
195.379	0.520217
195.429	0.508904
195.478	0.518328
195.528	0.508933
195.576	0.524107
195.624	0.520908
195.675	0.502065
195.723	0.526294
195.772	0.514385
195.821	0.513706
195.87	0.517854
195.919	0.517741
195.968	0.516772
196.017	0.519171
196.066	0.518371
196.115	0.514586
196.164	0.522664
196.213	0.516083
196.262	0.520143
196.311	0.518461
196.36	0.514282
196.409	0.519464
196.459	0.511123
196.508	0.521787
196.557	0.511613
196.606	0.521933
196.655	0.516513
196.704	0.519826
196.753	0.521908
196.802	0.511286
196.85	0.531502
196.9	0.512062
196.949	0.524502
196.998	0.5126
197.047	0.52154
197.096	0.518892
197.145	0.515791
197.194	0.519768
197.244	0.512599
197.292	0.52685
197.342	0.510494
197.391	0.524047
197.44	0.521886
197.49	0.515992
197.539	0.514214
197.588	0.526031
197.637	0.524258
197.686	0.523155
197.735	0.522973
197.784	0.51487
197.834	0.51732
197.883	0.518163
197.931	0.528828
197.981	0.514741
198.03	0.524843
198.079	0.52063
198.128	0.522958
198.177	0.521654
198.226	0.522712
198.276	0.521407
198.324	0.526835
198.374	0.519641
198.423	0.51889
198.472	0.524748
198.521	0.524939
198.57	0.527003
198.619	0.521182
198.668	0.519453
198.717	0.524312
198.766	0.525123
198.816	0.522979
198.865	0.516861
198.914	0.533424
198.963	0.527412
199.012	0.52256
199.061	0.520469
199.11	0.524702
199.16	0.522554
199.208	0.53499
199.257	0.519228
199.306	0.527381
199.355	0.525157
199.404	0.529641
199.453	0.524172
199.503	0.524922
199.551	0.53231
199.601	0.522768
199.649	0.528752
199.699	0.522179
199.748	0.526819
199.797	0.523491
199.847	0.519934
199.896	0.531221
199.945	0.525531
199.994	0.53093
200.042	0.534716
200.092	0.521563
200.141	0.529842
200.19	0.525418
200.239	0.530576
200.288	0.528975
200.337	0.531166
200.386	0.532853
200.435	0.52718
200.485	0.5224
200.533	0.532031
200.582	0.532839
200.631	0.529762
200.681	0.523101
200.729	0.539834
200.779	0.522219
200.827	0.537451
200.877	0.530669
200.925	0.535125
200.974	0.53161
201.023	0.536265
201.072	0.530617
201.121	0.531335
201.17	0.526282
201.219	0.53522
201.268	0.526153
201.316	0.53822
201.365	0.535347
201.414	0.537727
201.463	0.529151
201.511	0.537537
201.561	0.528913
201.61	0.531984
201.658	0.540878
201.708	0.51998
201.756	0.543833
201.805	0.528036
201.853	0.539285
201.902	0.532293
201.952	0.530365
202	0.538956
202.048	0.540298
202.098	0.528367
202.146	0.537945
202.195	0.534687
202.243	0.543047
202.292	0.532133
202.341	0.529814
202.39	0.542648
202.438	0.534037
202.487	0.536514
202.536	0.535504
202.584	0.537236
202.633	0.535589
202.682	0.53604
202.73	0.539244
202.779	0.53245
202.828	0.537073
202.876	0.541452
202.925	0.538814
202.974	0.533743
203.022	0.540145
203.071	0.535674
203.12	0.530532
203.169	0.53926
203.218	0.533312
203.267	0.529421
203.316	0.534989
203.364	0.544771
203.413	0.534617
203.461	0.538863
203.51	0.5371
203.559	0.530652
203.608	0.539038
203.657	0.525443
203.706	0.53655
203.754	0.541007
203.804	0.525521
203.852	0.537541
203.901	0.538798
203.95	0.536319
203.999	0.532059
204.047	0.536981
204.096	0.541468
204.145	0.529173
204.194	0.535451
204.243	0.534407
204.292	0.537236
204.34	0.538634
204.389	0.536223
204.438	0.534112
204.487	0.536153
204.536	0.534475
204.585	0.540192
204.634	0.536101
204.683	0.538321
204.731	0.541204
204.78	0.535798
204.83	0.531906
204.879	0.533225
204.928	0.542189
204.976	0.540143
205.026	0.535085
205.074	0.537963
205.123	0.540869
205.172	0.536448
205.221	0.538909
205.27	0.539893
205.319	0.539983
205.368	0.533105
205.417	0.545392
205.466	0.533568
205.515	0.539708
205.564	0.541936
205.613	0.532188
205.662	0.543465
205.711	0.53631
205.759	0.544587
205.808	0.538044
205.857	0.537204
205.907	0.533483
205.956	0.544341
206.005	0.537253
206.054	0.536126
206.103	0.54631
206.151	0.545078
206.2	0.535764
206.249	0.541849
206.298	0.54499
206.347	0.537036
206.396	0.539725
206.445	0.53384
206.494	0.541482
206.543	0.546732
206.592	0.54227
206.641	0.53923
206.69	0.537813
206.739	0.543113
206.788	0.539775
206.837	0.547973
206.885	0.545286
206.934	0.540536
206.984	0.534993
207.033	0.545486
207.081	0.548039
207.13	0.545072
207.179	0.539554
207.228	0.546926
207.276	0.5461
207.326	0.542082
207.375	0.544842
207.423	0.545936
207.473	0.534102
207.522	0.549947
207.571	0.541944
207.62	0.54208
207.668	0.552971
207.717	0.546372
207.766	0.548121
207.815	0.54357
207.865	0.54321
207.913	0.547491
207.963	0.543264
208.011	0.554737
208.061	0.541266
208.109	0.548041
208.158	0.547055
208.207	0.544875
208.257	0.537879
208.305	0.557528
208.354	0.543543
208.403	0.550156
208.452	0.549495
208.501	0.541474
208.55	0.54828
208.599	0.549413
208.648	0.551649
208.697	0.547841
208.746	0.548104
208.795	0.546776
208.844	0.551346
208.893	0.546856
208.942	0.544608
208.991	0.546796
209.04	0.547566
209.089	0.548274
209.139	0.543152
209.188	0.550833
209.237	0.546711
209.286	0.555948
209.335	0.548657
209.384	0.550786
209.432	0.550833
209.482	0.547994
209.531	0.547749
209.58	0.543098
209.629	0.551828
209.679	0.545101
209.728	0.545511
209.777	0.551473
209.826	0.548156
209.876	0.547063
209.924	0.557228
209.974	0.538581
210.023	0.556713
210.072	0.546293
210.121	0.557184
210.171	0.53948
210.219	0.557235
210.269	0.541867
210.318	0.54494
210.366	0.56031
210.416	0.546873
210.465	0.548382
210.515	0.546186
210.564	0.554617
210.613	0.551207
210.662	0.54848
210.711	0.555937
210.76	0.553092
210.808	0.553642
210.858	0.544857
210.907	0.551658
210.956	0.553824
211.005	0.552291
211.054	0.550105
211.103	0.556147
211.153	0.548978
211.202	0.552759
211.25	0.555798
211.3	0.551346
211.348	0.564753
211.397	0.554108
211.447	0.544719
211.495	0.563073
211.544	0.553285
211.593	0.555929
211.642	0.556972
211.691	0.554038
211.74	0.550857
211.789	0.56204
211.838	0.554063
211.887	0.558293
211.935	0.56041
211.984	0.559899
212.033	0.554689
212.082	0.552438
212.131	0.556636
212.18	0.56
212.229	0.555212
212.278	0.553695
212.326	0.565706
212.375	0.562061
212.425	0.550473
212.473	0.562844
212.522	0.553154
212.571	0.557749
212.621	0.553862
212.669	0.56984
212.718	0.551998
212.767	0.555813
212.815	0.565208
212.865	0.55157
212.914	0.558296
212.963	0.55786
213.012	0.559353
213.061	0.556251
213.109	0.560848
213.159	0.554744
213.207	0.560723
213.256	0.558421
213.305	0.560129
213.354	0.554989
213.403	0.559989
213.452	0.563677
213.501	0.554619
213.55	0.557441
213.599	0.561123
213.648	0.555509
213.697	0.554323
213.746	0.562671
213.796	0.551781
213.844	0.563894
213.893	0.556313
213.942	0.56135
213.992	0.555285
214.04	0.56259
214.089	0.556893
214.138	0.561651
214.188	0.554562
214.236	0.560588
214.286	0.557089
214.336	0.549446
214.384	0.562388
214.433	0.565818
214.482	0.559177
214.531	0.561507
214.58	0.557311
214.629	0.563634
214.678	0.564057
214.727	0.560532
214.777	0.551637
214.826	0.561795
214.874	0.565805
214.924	0.556344
214.973	0.56241
215.022	0.558412
215.071	0.557113
215.121	0.557225
215.169	0.569087
215.219	0.560135
215.268	0.558137
215.317	0.565517
215.366	0.557481
215.415	0.563525
215.464	0.561648
215.514	0.5565
215.563	0.562578
215.611	0.568634
215.661	0.555888
215.71	0.562857
215.759	0.562956
215.809	0.557723
215.858	0.562153
215.906	0.573429
215.955	0.559909
216.005	0.562455
216.054	0.565642
216.103	0.556636
216.152	0.565821
216.201	0.565169
216.25	0.565183
216.299	0.569146
216.348	0.568237
216.398	0.554691
216.447	0.564483
216.496	0.564035
216.544	0.572405
216.594	0.561869
216.642	0.576047
216.692	0.56109
216.74	0.575791
216.789	0.561956
216.839	0.564996
216.888	0.565898
216.936	0.569723
216.986	0.563878
217.035	0.570245
217.083	0.577647
217.132	0.562239
217.181	0.569646
217.23	0.568331
217.279	0.566857
217.328	0.571489
217.376	0.57419
217.426	0.560623
217.475	0.566051
217.524	0.570773
217.573	0.568092
217.622	0.566977
217.67	0.568625
217.719	0.568113
217.769	0.559843
217.818	0.567481
217.867	0.567394
217.915	0.571435
217.964	0.569788
218.013	0.562817
218.063	0.56479
218.111	0.574093
218.16	0.567581
218.209	0.570913
218.258	0.568945
218.307	0.564919
218.356	0.565226
218.405	0.572318
218.454	0.567369
218.503	0.560426
218.552	0.565858
218.601	0.568167
218.65	0.571946
218.699	0.566406
218.749	0.558863
218.798	0.566074
218.847	0.566162
218.895	0.570464
218.944	0.572738
218.993	0.562809
219.042	0.564543
219.091	0.573916
219.141	0.558038
219.19	0.56777
219.239	0.566787
219.288	0.564521
219.336	0.574903
219.386	0.562173
219.435	0.565085
219.484	0.563852
219.533	0.57034
219.583	0.564126
219.632	0.566174
219.681	0.568064
219.73	0.569981
219.779	0.572522
219.828	0.564811
219.878	0.56515
219.927	0.567343
219.976	0.571396
220.025	0.567175
220.074	0.565677
220.123	0.569726
220.172	0.571359
220.222	0.568458
220.271	0.567483
220.321	0.560812
220.369	0.577985
220.418	0.570907
220.468	0.571761
220.516	0.575235
220.566	0.567547
220.616	0.560941
220.665	0.569491
220.714	0.576506
220.763	0.570759
220.812	0.574478
220.861	0.570729
220.91	0.567859
220.959	0.575561
221.008	0.575641
221.058	0.56626
221.107	0.574879
221.157	0.567111
221.205	0.581227
221.254	0.569745
221.303	0.57589
221.352	0.572648
221.402	0.569499
221.451	0.578452
221.5	0.573672
221.549	0.581022
221.598	0.57311
221.648	0.565621
221.696	0.582362
221.746	0.571126
221.795	0.574602
221.844	0.578269
221.893	0.582884
221.942	0.573211
221.991	0.579741
222.041	0.5696
222.09	0.574215
222.138	0.588156
222.188	0.572826
222.237	0.576882
222.286	0.578524
222.335	0.576701
222.384	0.578092
222.433	0.579285
222.483	0.568684
222.531	0.58698
222.581	0.574481
222.629	0.582342
222.679	0.574476
222.728	0.573841
222.778	0.563711
222.827	0.58426
222.876	0.581991
222.925	0.576656
222.974	0.578731
223.023	0.574248
223.073	0.577942
223.122	0.57766
223.171	0.572005
223.22	0.578149
223.269	0.586615
223.318	0.572071
223.367	0.580509
223.417	0.575229
223.466	0.574133
223.515	0.582666
223.564	0.579573
223.613	0.578214
223.662	0.580687
223.712	0.577605
223.761	0.579339
223.81	0.576074
223.859	0.583505
223.908	0.575426
223.958	0.572145
224.007	0.584731
224.055	0.589975
224.104	0.579922
224.154	0.570733
224.203	0.58341
224.252	0.590926
224.301	0.575346
224.35	0.583711
224.399	0.584283
224.448	0.584118
224.497	0.582439
224.547	0.577994
224.595	0.583702
224.644	0.583308
224.693	0.586627
224.742	0.582978
224.791	0.582098
224.841	0.57884
224.889	0.590988
224.938	0.586884
224.987	0.58492
225.037	0.578496
225.085	0.590755
225.134	0.584644
225.183	0.588776
225.232	0.583679
225.28	0.590149
225.329	0.584466
225.379	0.575182
225.428	0.585503
225.476	0.587629
225.526	0.582636
225.575	0.581077
225.623	0.589734
225.672	0.586052
225.721	0.593279
225.77	0.576604
225.819	0.592022
225.868	0.578467
225.917	0.589982
225.966	0.581984
226.015	0.578486
226.064	0.589314
226.113	0.587921
226.162	0.582399
226.21	0.591992
226.26	0.581611
226.308	0.59016
226.358	0.578626
226.406	0.59324
226.455	0.58998
226.504	0.582575
226.553	0.585298
226.602	0.585864
226.651	0.587684
226.7	0.584198
226.749	0.58879
226.798	0.585669
226.847	0.583937
226.896	0.589116
226.945	0.579781
226.995	0.580603
227.043	0.591433
227.092	0.589647
227.141	0.586411
227.19	0.58136
227.239	0.594028
227.288	0.586932
227.338	0.57031
227.387	0.593279
227.436	0.583313
227.485	0.590181
227.533	0.588907
227.583	0.575508
227.631	0.598848
227.681	0.584973
227.73	0.587973
227.779	0.581189
227.828	0.593437
227.877	0.583209
227.927	0.577731
227.975	0.594749
228.025	0.577648
228.074	0.589483
228.123	0.586637
228.172	0.585494
228.221	0.585211
228.27	0.585984
228.319	0.588415
228.369	0.580096
228.417	0.594585
228.466	0.585942
228.516	0.576662
228.565	0.587151
228.615	0.581721
228.663	0.592685
228.713	0.579629
228.762	0.587573
228.811	0.583881
228.86	0.595475
228.909	0.584285
228.959	0.582939
229.008	0.586965
229.058	0.584422
229.106	0.59167
229.156	0.580338
229.205	0.591683
229.254	0.586599
229.304	0.586585
229.353	0.587308
229.403	0.583923
229.451	0.592852
229.5	0.589314
229.549	0.590379
229.599	0.587902
229.649	0.580841
229.697	0.592952
229.747	0.584859
229.796	0.594932
229.845	0.587062
229.894	0.583792
229.944	0.587878
229.992	0.596078
230.041	0.59385
230.091	0.584621
230.14	0.590133
230.19	0.586385
230.238	0.596898
230.287	0.593919
230.336	0.598468
230.385	0.591655
230.434	0.597743
230.483	0.589262
230.532	0.591078
230.582	0.592371
230.631	0.591888
230.68	0.585763
230.729	0.597958
230.778	0.592165
230.827	0.602833
230.875	0.600009
230.925	0.589606
230.974	0.593547
231.023	0.595962
231.072	0.593182
231.121	0.596173
231.17	0.590861
231.219	0.594937
231.268	0.593976
231.318	0.589955
231.367	0.595292
231.415	0.605082
231.465	0.596127
231.514	0.594975
231.563	0.597474
231.611	0.602559
231.661	0.593243
231.709	0.603933
231.758	0.594155
231.808	0.594185
231.857	0.596976
231.906	0.59527
231.955	0.598242
232.004	0.590906
232.053	0.596613
232.103	0.593432
232.152	0.59217
232.2	0.607055
232.249	0.596103
232.299	0.593103
232.348	0.586927
232.397	0.602586
232.446	0.59608
232.495	0.59361
232.545	0.588945
232.594	0.589957
232.643	0.601331
232.692	0.592524
232.742	0.592927
232.791	0.597322
232.84	0.593876
232.889	0.597943
232.938	0.597393
232.987	0.590517
233.037	0.592287
233.086	0.592138
233.135	0.599599
233.184	0.597182
233.233	0.6004
233.283	0.584951
233.332	0.59838
233.381	0.593242
233.43	0.598885
233.48	0.593709
233.529	0.598217
233.578	0.599109
233.628	0.593655
233.677	0.600185
233.725	0.603126
233.775	0.586068
233.825	0.59657
233.874	0.595499
233.923	0.594199
233.973	0.591866
234.022	0.606162
234.071	0.596292
234.12	0.595039
234.169	0.601832
234.218	0.597023
234.268	0.597095
234.317	0.593929
234.366	0.599911
234.416	0.593943
234.465	0.598493
234.515	0.595519
234.564	0.598723
234.613	0.600868
234.662	0.60121
234.712	0.598544
234.761	0.601934
234.81	0.601677
234.859	0.594246
234.908	0.602383
234.957	0.602042
235.007	0.599596
235.057	0.591013
235.106	0.603148
235.155	0.600411
235.204	0.601179
235.253	0.599802
235.303	0.598763
235.352	0.604546
235.401	0.597165
235.452	0.589349
235.5	0.609458
235.549	0.601884
235.599	0.598508
235.648	0.595591
235.697	0.607002
235.747	0.594821
235.796	0.600627
235.845	0.603922
235.895	0.598786
235.944	0.600663
235.993	0.606637
236.043	0.594303
236.092	0.60152
236.142	0.599658
236.19	0.607357
236.24	0.602023
236.289	0.600862
236.338	0.604299
236.387	0.603169
236.437	0.59391
236.486	0.607707
236.536	0.597358
236.585	0.6071
236.634	0.607892
236.683	0.595844
236.733	0.602227
236.782	0.605606
236.831	0.603712
236.88	0.604659
236.93	0.598139
236.979	0.600807
237.028	0.609637
237.078	0.596847
237.127	0.60566
237.176	0.602749
237.225	0.604594
237.275	0.601929
237.324	0.602828
237.373	0.610435
237.422	0.605562
237.471	0.606967
237.522	0.58526
237.57	0.614459
237.62	0.598618
237.67	0.599905
237.719	0.603503
237.768	0.615382
237.817	0.600227
237.866	0.608475
237.916	0.603792
237.964	0.610734
238.014	0.600712
238.064	0.6015
238.114	0.597537
238.163	0.601448
238.212	0.613662
238.261	0.603533
238.311	0.601161
238.36	0.609442
238.41	0.596507
238.459	0.602936
238.509	0.606644
238.558	0.609198
238.607	0.59972
238.657	0.603439
238.707	0.600661
238.756	0.607439
238.805	0.6057
238.855	0.602308
238.905	0.603645
238.954	0.607297
239.003	0.606482
239.053	0.603831
239.102	0.607982
239.152	0.60123
239.201	0.613527
239.251	0.598957
239.301	0.603007
239.349	0.618242
239.399	0.598657
239.449	0.60644
239.499	0.60058
239.547	0.624607
239.597	0.599244
239.647	0.604012
239.697	0.603769
239.746	0.610091
239.796	0.608786
239.845	0.606668
239.895	0.607289
239.944	0.615835
239.994	0.60051
240.043	0.609498
240.092	0.613758
240.142	0.611694
240.192	0.601848
240.241	0.615525
240.29	0.608207
240.339	0.61398
240.389	0.614886
240.438	0.610536
240.487	0.612259
240.536	0.615359
240.586	0.605153
240.636	0.607167
240.685	0.622657
240.734	0.606215
240.784	0.608422
240.833	0.613578
240.882	0.62193
240.932	0.606566
240.981	0.614002
241.03	0.616784
241.079	0.616441
241.128	0.627393
241.177	0.615784
241.227	0.609301
241.276	0.617802
241.325	0.618819
241.374	0.615128
241.424	0.611282
241.472	0.619071
241.521	0.622936
241.571	0.611957
241.62	0.617672
241.669	0.619996
241.718	0.608762
241.767	0.62254
241.816	0.618535
241.865	0.617125
241.914	0.616949
241.963	0.626184
242.012	0.618184
242.061	0.614449
242.11	0.62494
242.159	0.609696
242.208	0.62332
242.257	0.615166
242.306	0.623511
242.355	0.615888
242.404	0.619965
242.453	0.626017
242.503	0.606682
242.551	0.630537
242.6	0.626888
242.649	0.615931
242.698	0.617534
242.747	0.619309
242.796	0.623977
242.845	0.617431
242.893	0.626971
242.943	0.614552
242.991	0.624498
243.04	0.619863
243.089	0.622327
243.138	0.617916
243.187	0.621647
243.236	0.624906
243.285	0.619877
243.334	0.619529
243.382	0.628611
243.431	0.616899
243.48	0.616003
243.528	0.629936
243.577	0.621294
243.627	0.608339
243.675	0.627278
243.724	0.622578
243.773	0.61955
243.822	0.620489
243.871	0.61963
243.92	0.619402
243.969	0.6169
244.018	0.622642
244.067	0.619143
244.115	0.626363
244.164	0.619267
244.213	0.618581
244.262	0.618396
244.311	0.62392
244.359	0.62632
244.408	0.618519
244.458	0.610401
244.506	0.627654
244.555	0.621889
244.604	0.618047
244.653	0.617112
244.702	0.619248
244.751	0.621357
244.8	0.616965
244.849	0.61866
244.897	0.627991
244.947	0.606481
244.995	0.632371
245.045	0.614288
245.093	0.623782
245.143	0.612559
245.192	0.625209
245.241	0.616585
245.29	0.620763
245.338	0.624168
245.388	0.615272
245.436	0.628776
245.485	0.615526
245.535	0.614402
245.584	0.620338
245.632	0.621861
245.682	0.61968
245.731	0.617197
245.779	0.627766
245.829	0.616055
245.878	0.621318
245.926	0.6276
245.976	0.614089
246.025	0.624571
246.074	0.620229
246.122	0.624704
246.171	0.624837
246.22	0.6223
246.27	0.614675
246.319	0.622227
246.368	0.618254
246.416	0.628928
246.465	0.62885
246.514	0.617172
246.563	0.620029
246.612	0.626616
246.661	0.625272
246.71	0.622161
246.759	0.618812
246.808	0.6139
246.857	0.630477
246.906	0.622158
246.954	0.632727
247.003	0.622124
247.052	0.621311
247.101	0.620756
247.149	0.636133
247.198	0.615684
247.247	0.626121
247.296	0.626736
247.345	0.623578
247.394	0.626682
247.442	0.625691
247.491	0.624852
247.54	0.630036
247.588	0.625939
247.637	0.621082
247.686	0.627253
247.735	0.622477
247.783	0.630921
247.832	0.624207
247.881	0.625863
247.929	0.63308
247.978	0.630557
248.027	0.620293
248.075	0.633817
248.123	0.631581
248.172	0.624663
248.22	0.635701
248.269	0.622133
248.318	0.628328
248.367	0.624757
248.416	0.625774
248.464	0.629566
248.513	0.629667
248.561	0.63288
248.61	0.627762
248.659	0.624519
248.708	0.618696
248.756	0.636843
248.804	0.629151
248.853	0.626307
248.902	0.624396
248.951	0.628632
248.999	0.632194
249.048	0.619048
249.096	0.639005
249.144	0.63543
249.193	0.62586
249.242	0.623844
249.291	0.629928
249.339	0.633639
249.388	0.626431
249.437	0.622424
249.485	0.632866
249.533	0.635518
249.582	0.628135
249.63	0.629974
249.679	0.624657
249.728	0.629006
249.776	0.636983
249.825	0.6259
249.874	0.625354
249.922	0.635569
249.971	0.627265
250.02	0.628992
250.068	0.627264
250.117	0.628527
250.165	0.638824
250.214	0.627975
250.263	0.626237
250.311	0.62929
250.36	0.629831
250.409	0.631815
250.458	0.622066
250.506	0.629722
250.555	0.633082
250.604	0.623353
250.652	0.632992
250.701	0.62422
250.75	0.630704
250.799	0.628949
250.848	0.624715
250.897	0.628528
250.945	0.629027
250.994	0.634905
251.043	0.62015
251.092	0.623779
251.142	0.622631
251.19	0.63262
251.239	0.630908
251.288	0.628228
251.337	0.629357
251.385	0.63002
251.434	0.62515
251.483	0.636928
251.532	0.626086
251.58	0.631323
251.63	0.62558
251.679	0.624722
251.728	0.630369
251.776	0.633097
251.826	0.623908
251.874	0.636965
251.923	0.632589
251.972	0.626347
252.021	0.628709
252.069	0.639753
252.118	0.6329
252.167	0.625657
252.216	0.636253
252.264	0.639189
252.313	0.623208
252.362	0.637369
252.411	0.62781
252.459	0.637354
252.509	0.620744
252.558	0.636409
252.606	0.631968
252.655	0.631911
252.704	0.629579
252.753	0.631988
252.802	0.639254
252.851	0.630705
252.899	0.644104
252.948	0.626071
252.996	0.640573
253.045	0.63519
253.094	0.636268
253.142	0.636211
253.191	0.639433
253.24	0.62493
253.289	0.632249
253.338	0.632782
253.386	0.643127
253.435	0.635217
253.484	0.629557
253.533	0.637698
253.581	0.639211
253.63	0.638403
253.679	0.625163
253.728	0.63942
253.777	0.631278
253.825	0.635141
253.874	0.641754
253.922	0.635634
253.971	0.635284
254.02	0.633554
254.07	0.627272
254.117	0.653265
254.165	0.639341
254.215	0.630666
254.264	0.630506
254.312	0.637746
254.361	0.63381
254.41	0.630801
254.459	0.638367
254.508	0.632423
254.556	0.640642
254.606	0.628531
254.654	0.640116
254.703	0.63195
254.752	0.641376
254.801	0.62805
254.849	0.644318
254.899	0.631114
254.947	0.636331
254.997	0.630278
255.046	0.62884
255.094	0.63802
255.144	0.629593
255.192	0.637695
255.241	0.639144
255.29	0.630445
255.339	0.629548
255.388	0.64045
255.437	0.631273
255.486	0.634553
255.534	0.639839
255.583	0.633806
255.633	0.626991
255.682	0.639499
255.731	0.634866
255.779	0.638982
255.828	0.632497
255.878	0.632923
255.926	0.643312
255.975	0.634458
256.024	0.631765
256.073	0.646541
256.122	0.636158
256.171	0.629161
256.22	0.633537
256.268	0.649288
256.317	0.636948
256.366	0.645827
256.415	0.636157
256.465	0.627184
256.513	0.643628
256.562	0.636039
256.611	0.643306
256.659	0.643002
256.709	0.631555
256.757	0.644944
256.806	0.639148
256.855	0.64264
256.903	0.645102
256.952	0.644689
257.001	0.627752
257.05	0.640849
257.098	0.651775
257.147	0.637227
257.196	0.638171
257.245	0.638361
257.294	0.642221
257.342	0.644152
257.392	0.637302
257.44	0.640073
257.49	0.635968
257.538	0.652353
257.586	0.644511
257.635	0.636844
257.684	0.642013
257.733	0.64308
257.782	0.642023
257.831	0.636623
257.879	0.644793
257.928	0.641458
257.976	0.650627
258.025	0.63652
258.074	0.643986
258.123	0.638976
258.172	0.639701
258.221	0.645488
258.269	0.64546
258.318	0.641637
258.367	0.644762
258.416	0.636282
258.464	0.65394
258.513	0.644034
258.562	0.643857
258.611	0.63832
258.659	0.646197
258.709	0.638167
258.757	0.647256
258.807	0.635036
258.856	0.643312
258.904	0.642696
258.953	0.651425
259.002	0.634529
259.051	0.647119
259.099	0.648296
259.148	0.645534
259.197	0.63969
259.246	0.643961
259.295	0.641556
259.344	0.64162
259.393	0.64511
259.443	0.635277
259.49	0.657737
259.539	0.645507
259.589	0.639743
259.638	0.636034
259.687	0.647948
259.735	0.651495
259.784	0.642463
259.832	0.649527
259.882	0.636558
259.931	0.639231
259.979	0.655922
260.029	0.630959
260.077	0.653813
260.126	0.640037
260.175	0.649376
260.225	0.63052
260.274	0.644394
260.322	0.652562
260.371	0.643785
260.42	0.641157
260.469	0.646092
260.518	0.649273
260.567	0.641691
260.616	0.650567
260.664	0.648599
260.713	0.645066
260.762	0.641274
260.812	0.639641
260.861	0.647254
260.91	0.645146
260.959	0.647161
261.008	0.645202
261.056	0.650523
261.106	0.640363
261.154	0.654686
261.203	0.647405
261.252	0.644445
261.301	0.649969
261.35	0.639909
261.399	0.655636
261.447	0.651516
261.497	0.637638
261.546	0.650228
261.595	0.649473
261.643	0.652319
261.692	0.655503
261.741	0.640083
261.79	0.651001
261.839	0.651061
261.888	0.644221
261.936	0.652773
261.985	0.657089
262.034	0.639077
262.083	0.64577
262.132	0.654987
262.181	0.641368
262.23	0.646618
262.279	0.650371
262.328	0.654118
262.376	0.649375
262.426	0.63988
262.474	0.656595
262.523	0.649813
262.572	0.651246
262.621	0.644782
262.67	0.651062
262.718	0.653353
262.767	0.650475
262.816	0.650208
262.865	0.642282
262.914	0.650125
262.963	0.655216
263.012	0.643127
263.061	0.652836
263.11	0.646027
263.159	0.64251
263.208	0.65612
263.256	0.652143
263.306	0.643296
263.355	0.652079
263.404	0.647185
263.452	0.654766
263.501	0.648636
263.55	0.648788
263.599	0.651652
263.649	0.64369
263.697	0.651214
263.746	0.653543
263.796	0.634333
263.845	0.653128
263.894	0.650078
263.943	0.657286
263.992	0.643805
264.041	0.644105
264.09	0.657791
264.139	0.650783
264.188	0.648957
264.237	0.644622
264.287	0.648882
264.335	0.658584
264.385	0.643133
264.434	0.643311
264.483	0.657576
264.531	0.655912
264.581	0.645489
264.63	0.65506
264.679	0.647424
264.728	0.647862
264.777	0.653754
264.826	0.656426
264.875	0.653912
264.924	0.650144
264.973	0.658448
265.023	0.643189
265.071	0.663276
265.12	0.653974
265.169	0.653774
265.218	0.652865
265.267	0.646852
265.316	0.660319
265.365	0.650223
265.413	0.661907
265.462	0.652475
265.512	0.648948
265.56	0.658556
265.609	0.665226
265.658	0.6435
265.707	0.660657
265.756	0.661188
265.805	0.650096
265.854	0.650465
265.902	0.666964
265.952	0.639935
266	0.66579
266.049	0.656258
266.098	0.657615
266.147	0.657903
266.196	0.65121
266.245	0.654667
266.294	0.654244
266.343	0.659281
266.391	0.661205
266.441	0.643026
266.489	0.667979
266.538	0.659069
266.587	0.65274
266.635	0.663977
266.685	0.651128
266.733	0.662939
266.781	0.664518
266.831	0.652423
266.881	0.642957
266.929	0.662802
266.978	0.655427
267.027	0.660982
267.076	0.652926
267.125	0.659008
267.174	0.656377
267.223	0.648097
267.272	0.652723
267.321	0.659198
267.371	0.64799
267.419	0.662922
267.468	0.655959
267.517	0.658725
267.565	0.660419
267.615	0.645233
267.664	0.654712
267.713	0.660721
267.761	0.668361
267.811	0.642631
267.86	0.661831
267.909	0.654834
267.958	0.660312
268.007	0.653581
268.056	0.65529
268.105	0.655931
268.154	0.659313
268.203	0.651166
268.251	0.669444
268.301	0.644421
268.35	0.664466
268.399	0.664866
268.449	0.639839
268.498	0.653878
268.547	0.662903
268.595	0.669385
268.645	0.649974
268.694	0.65757
268.743	0.659737
268.792	0.654369
268.841	0.66373
268.89	0.655511
268.939	0.65809
268.988	0.655518
269.037	0.657835
269.085	0.67225
269.135	0.649099
269.184	0.664439
269.233	0.650886
269.282	0.664645
269.331	0.657355
269.38	0.659702
269.43	0.655815
269.478	0.668959
269.528	0.653998
269.577	0.66146
269.626	0.660037
269.675	0.651666
269.723	0.680133
269.772	0.660118
269.821	0.662882
269.87	0.662832
269.92	0.656298
269.968	0.672496
270.017	0.664963
270.065	0.66698
270.114	0.663469
270.164	0.657079
270.212	0.66485
270.261	0.663851
270.311	0.65627
270.359	0.668209
270.408	0.666413
270.458	0.656884
270.506	0.672381
270.555	0.663481
270.604	0.662068
270.653	0.659142
270.702	0.670719
270.751	0.658485
270.8	0.664249
270.849	0.662697
270.897	0.671341
270.946	0.659258
270.995	0.668584
271.044	0.661695
271.092	0.672236
271.142	0.657283
271.191	0.660921
271.24	0.664104
271.289	0.661196
271.338	0.667654
271.387	0.66368
271.436	0.666598
271.484	0.664036
271.533	0.663626
271.582	0.665344
271.632	0.659625
271.68	0.668236
271.73	0.661322
271.778	0.668233
271.827	0.6619
271.876	0.667755
271.926	0.656141
271.976	0.649771
272.023	0.685911
272.072	0.660402
272.121	0.662431
272.17	0.665775
272.219	0.663445
272.268	0.667584
272.317	0.665072
272.367	0.660694
272.415	0.668527
272.464	0.667447
272.513	0.661796
272.562	0.664656
272.611	0.663373
272.661	0.661829
272.71	0.664847
272.759	0.664214
272.808	0.664938
272.857	0.666719
272.905	0.670672
272.955	0.660243
273.004	0.666201
273.053	0.669812
273.101	0.670133
273.15	0.666119
273.199	0.666935
273.249	0.660135
273.297	0.669424
273.347	0.660413
273.395	0.676333
273.445	0.661565
273.494	0.66633
273.542	0.67055
273.591	0.668647
273.64	0.66675
273.689	0.66598
273.738	0.671041
273.788	0.655175
273.836	0.68011
273.886	0.660425
273.934	0.673513
273.983	0.672193
274.032	0.666141
274.081	0.667206
274.13	0.675526
274.178	0.671791
274.227	0.670492
274.276	0.668145
274.326	0.663383
274.375	0.67057
274.424	0.666971
274.472	0.675917
274.521	0.663498
274.57	0.677613
274.619	0.672194
274.668	0.666074
274.717	0.668391
274.765	0.672155
274.814	0.673018
274.863	0.66405
274.913	0.66654
274.961	0.677186
275.01	0.663875
275.06	0.66755
275.108	0.676648
275.157	0.665175
275.206	0.668211
275.255	0.679404
275.304	0.666006
275.353	0.666911
275.402	0.678833
275.451	0.667709
275.5	0.666839
275.549	0.667654
275.598	0.674145
275.647	0.661989
275.696	0.6777
275.745	0.667818
275.793	0.680664
275.842	0.671289
275.892	0.661897
275.94	0.676831
275.99	0.659684
276.039	0.677153
276.088	0.669366
276.137	0.670756
276.186	0.67284
276.235	0.669265
276.284	0.672006
276.333	0.67276
276.382	0.667484
276.431	0.669498
276.481	0.661921
276.53	0.673365
276.579	0.674414
276.628	0.662804
276.677	0.675066
276.726	0.672778
276.776	0.662001
276.824	0.685651
276.874	0.660626
276.923	0.671532
276.972	0.671055
277.021	0.676436
277.07	0.670214
277.119	0.666321
277.168	0.675311
277.217	0.674979
277.266	0.671451
277.316	0.665025
277.364	0.676672
277.413	0.674893
277.462	0.673949
277.512	0.670552
277.561	0.663513
277.61	0.682423
277.658	0.680514
277.708	0.671332
277.757	0.666671
277.806	0.682374
277.854	0.67935
277.904	0.66911
277.953	0.677001
278.001	0.676516
278.05	0.678515
278.1	0.661048
278.149	0.683133
278.198	0.676186
278.247	0.675869
278.296	0.67456
278.345	0.675697
278.393	0.675799
278.442	0.675771
278.492	0.67353
278.54	0.67827
278.589	0.676892
278.638	0.678641
278.687	0.683995
278.736	0.669995
278.785	0.673032
278.833	0.689609
278.882	0.67502
278.931	0.678054
278.981	0.671342
279.03	0.67625
279.078	0.687323
279.127	0.669811
279.177	0.670562
279.225	0.681037
279.274	0.676985
279.323	0.678158
279.373	0.671322
279.421	0.677997
279.47	0.677245
279.519	0.677904
279.567	0.691366
279.616	0.679481
279.665	0.672137
279.715	0.674168
279.764	0.673867
279.812	0.68884
279.862	0.672109
279.911	0.677489
279.959	0.68214
280.009	0.662521
280.058	0.683706
280.107	0.676586
280.156	0.675407
280.205	0.674488
280.254	0.67487
280.304	0.675549
280.353	0.676154
280.401	0.685882
280.45	0.674943
280.5	0.672157
280.549	0.679902
280.598	0.677176
280.646	0.682276
280.696	0.668646
280.744	0.686015
280.794	0.666681
280.844	0.670423
280.892	0.682504
280.941	0.675279
280.99	0.680634
281.039	0.675086
281.09	0.663553
281.138	0.690594
281.187	0.671681
281.237	0.669995
281.286	0.681501
281.335	0.668945
281.385	0.672478
281.433	0.694282
281.482	0.67273
281.531	0.684262
281.58	0.671763
281.63	0.67592
281.678	0.681614
281.727	0.681073
281.776	0.679442
281.826	0.676932
281.875	0.674509
281.924	0.683314
281.973	0.685987
282.023	0.666276
282.07	0.698763
282.12	0.675507
282.169	0.681284
282.218	0.680738
282.267	0.67728
282.316	0.679001
282.365	0.685709
282.415	0.673094
282.464	0.680298
282.513	0.684376
282.562	0.682017
282.61	0.687873
282.659	0.68321
282.709	0.676797
282.757	0.68796
282.806	0.686826
282.855	0.691159
282.904	0.680495
282.953	0.676354
283.002	0.688206
283.051	0.684369
283.101	0.672396
283.149	0.696317
283.198	0.685637
283.247	0.682765
283.296	0.687921
283.345	0.682625
283.393	0.689525
283.442	0.684832
283.491	0.692034
283.54	0.678481
283.589	0.682159
283.638	0.694627
283.687	0.677979
283.736	0.681813
283.786	0.673397
283.834	0.690091
283.883	0.687193
283.932	0.687329
283.98	0.694864
284.03	0.672384
284.079	0.694933
284.127	0.687374
284.177	0.679794
284.225	0.689179
284.275	0.681667
284.324	0.686071
284.373	0.680352
284.421	0.690987
284.471	0.67583
284.52	0.691918
284.569	0.685356
284.618	0.678857
284.667	0.692589
284.715	0.687331
284.764	0.690498
284.814	0.678482
284.863	0.687344
284.912	0.684906
284.96	0.687424
285.009	0.686435