90.0125	0.192874
90.0446	0.202676
90.0783	0.194167
90.1103	0.205328
90.1433	0.19957
90.1758	0.201159
90.2088	0.19839
90.2428	0.191887
90.2757	0.199041
90.3088	0.198548
90.3427	0.194783
90.3758	0.2004
90.409	0.199871
90.4432	0.194394
90.4766	0.199451
90.5103	0.198675
90.5426	0.208023
90.5766	0.198548
90.6106	0.198065
90.6443	0.199592
90.6783	0.196975
90.7119	0.198603
90.7463	0.195972
90.7802	0.19918
90.8142	0.200314
90.8482	0.200169
90.8821	0.201543
90.9162	0.20106
90.9503	0.201899
90.9846	0.201224
91.0194	0.199395
91.0534	0.204219
91.0883	0.199967
91.1225	0.203357
91.1568	0.202889
91.1908	0.204549
91.2252	0.202581
91.2605	0.198579
91.2951	0.204396
91.3297	0.20384
91.3641	0.206519
91.3994	0.201739
91.4339	0.206779
91.4692	0.202042
91.5045	0.203501
91.5388	0.210129
91.5746	0.201226
91.6094	0.205766
91.6439	0.207701
91.679	0.204352
91.7146	0.202652
91.75	0.204252
91.7856	0.204019
91.8211	0.205096
91.8564	0.206871
91.8915	0.208659
91.9272	0.205483
91.9625	0.20944
91.9976	0.212035
92.0342	0.203693
92.0696	0.209603
92.1053	0.206786
92.1409	0.207077
92.1765	0.206966
92.2132	0.202515
92.2488	0.209521
92.2848	0.207841
92.3204	0.210676
92.3564	0.20818
92.3921	0.21051
92.4284	0.207762
92.4647	0.208407
92.5006	0.211718
92.5375	0.206796
92.5733	0.212657
92.6091	0.211292
92.6454	0.208912
92.682	0.208168
92.7182	0.21127
92.7546	0.210402
92.7911	0.21051
92.8277	0.209943
92.8646	0.208792
92.901	0.212541
92.9376	0.211403
92.9744	0.209878
93.0111	0.212075
93.0476	0.213181
93.0842	0.21246
93.1216	0.207827
93.1582	0.211842
93.1952	0.210374
93.2324	0.210007
93.2692	0.212711
93.3059	0.214405
93.3434	0.209484
93.3804	0.213381
93.4178	0.211577
93.4549	0.213671
93.4915	0.216428
93.5291	0.211771
93.5664	0.213561
93.6035	0.214491
93.6416	0.209394
93.6786	0.215366
93.7168	0.209405
93.7542	0.213852
93.7915	0.215838
93.8289	0.215267
93.8665	0.215016
93.9043	0.215007
93.9421	0.215012
93.9795	0.218195
94.0175	0.215168
94.0553	0.21649
94.0936	0.213867
94.1308	0.219986
94.1689	0.215402
94.2066	0.217887
94.2445	0.216367
94.2826	0.216118
94.3202	0.219383
94.3584	0.216279
94.3968	0.215935
94.4349	0.21741
94.4721	0.223382
94.5108	0.215426
94.5487	0.219938
94.5873	0.217009
94.6255	0.218992
94.6644	0.215352
94.7021	0.222085
94.741	0.215642
94.7794	0.219339
94.8179	0.218793
94.8564	0.22024
94.8943	0.223251
94.9327	0.221205
94.9716	0.218518
95.01	0.222389
95.0485	0.222124
95.0875	0.219785
95.1261	0.222117
95.1648	0.222613
95.2037	0.221525
95.2424	0.222659
95.2808	0.224728
95.3201	0.219132
95.3585	0.224632
95.3976	0.220837
95.4362	0.224376
95.4756	0.220042
95.5144	0.223658
95.5529	0.225794
95.5922	0.221501
95.6318	0.221041
95.6712	0.222198
95.7101	0.2255
95.7488	0.226041
95.7878	0.223792
95.8275	0.220774
95.8665	0.224973
95.9058	0.223528
95.9451	0.223554
95.9839	0.227163
96.023	0.225717
96.0627	0.223307
96.1022	0.22485
96.1412	0.227888
96.1806	0.225615
96.2203	0.224437
96.2594	0.228642
96.299	0.224833
96.3387	0.225398
96.3783	0.225566
96.4179	0.226421
96.4573	0.227881
96.4971	0.225437
96.5369	0.226038
96.5769	0.225008
96.6167	0.226152
96.6562	0.22858
96.6958	0.228433
96.7357	0.226114
96.7763	0.223921
96.8157	0.230787
96.8548	0.23327
96.8952	0.226136
96.9354	0.227328
96.9753	0.228671
97.015	0.230194
97.056	0.223464
97.0951	0.234074
97.1349	0.230735
97.1752	0.228259
97.2148	0.231857
97.2557	0.224525
97.2953	0.231823
97.3359	0.226759
97.3763	0.228346
97.4164	0.23084
97.4562	0.233828
97.4968	0.230685
97.537	0.231672
97.5776	0.229728
97.6178	0.232223
97.6582	0.231681
97.6981	0.234876
97.7387	0.230409
97.7793	0.230723
97.82	0.229785
97.8606	0.230284
97.9006	0.234403
97.9417	0.229224
97.9821	0.2341
98.0227	0.233488
98.0633	0.234854
98.1046	0.230782
98.1444	0.238922
98.1856	0.231641
98.2262	0.234598
98.2664	0.237178
98.3073	0.23391
98.3482	0.233427
98.3886	0.236711
98.4291	0.235804
98.4698	0.234729
98.5113	0.230749
98.5522	0.235047
98.5931	0.235667
98.6335	0.239543
98.6748	0.235208
98.7155	0.238873
98.7567	0.236089
98.797	0.240729
98.8386	0.233135
98.8793	0.238697
98.9204	0.236737
98.9614	0.236968
99.0018	0.240067
99.0432	0.234912
99.0845	0.235356
99.1257	0.236573
99.1664	0.24076
99.2074	0.240238
99.2492	0.235685
99.2904	0.23982
99.3311	0.242014
99.3726	0.236403
99.4136	0.239943
99.4546	0.239379
99.4968	0.233535
99.5378	0.239786
99.5794	0.236954
99.6214	0.23409
99.6621	0.241983
99.7038	0.237185
99.7451	0.240614
99.7865	0.24163
99.8275	0.244441
99.8694	0.238799
99.9107	0.241726
99.9518	0.242547
99.9938	0.237751
100.035	0.241073
100.077	0.241294
100.118	0.239718
100.16	0.240725
100.202	0.238104
100.243	0.240582
100.284	0.244635
100.327	0.239089
100.368	0.243829
100.41	0.243204
100.451	0.243995
100.493	0.242189
100.535	0.241663
100.577	0.241211
100.618	0.245826
100.66	0.240432
100.702	0.241838
100.744	0.240624
100.786	0.242101
100.828	0.244519
100.869	0.244853
100.91	0.247619
100.953	0.238578
100.996	0.241818
101.037	0.247785
101.079	0.243005
101.121	0.24706
101.163	0.242699
101.205	0.245526
101.247	0.24347
101.29	0.243991
101.331	0.24549
101.374	0.243411
101.416	0.244782
101.458	0.244928
101.499	0.247091
101.542	0.24304
101.584	0.248748
101.627	0.239909
101.669	0.249403
101.711	0.246564
101.754	0.247372
101.796	0.24863
101.838	0.248795
101.881	0.245443
101.923	0.247037
101.965	0.24725
102.007	0.247803
102.05	0.245693
102.092	0.247477
102.135	0.245274
102.178	0.246971
102.221	0.245813
102.262	0.253803
102.305	0.247202
102.348	0.248099
102.391	0.248532
102.433	0.251804
102.475	0.251216
102.518	0.250683
102.561	0.248212
102.603	0.250621
102.646	0.247756
102.689	0.247547
102.732	0.250078
102.774	0.252559
102.818	0.247089
102.861	0.247807
102.904	0.250828
102.946	0.250998
102.989	0.251119
103.032	0.251865
103.074	0.251746
103.117	0.250117
103.16	0.253626
103.204	0.247831
103.247	0.252714
103.289	0.255374
103.333	0.249774
103.375	0.254512
103.418	0.254031
103.461	0.253675
103.504	0.25323
103.547	0.252553
103.591	0.25095
103.634	0.253082
103.677	0.252647
103.72	0.254226
103.763	0.254759
103.807	0.253913
103.849	0.257905
103.893	0.254493
103.936	0.257607
103.979	0.253824
104.023	0.254052
104.066	0.254187
104.109	0.257401
104.151	0.259767
104.195	0.250671
104.238	0.258478
104.282	0.252539
104.325	0.257009
104.368	0.258686
104.412	0.256813
104.455	0.258047
104.498	0.258557
104.542	0.257705
104.585	0.259438
104.629	0.256251
104.672	0.259778
104.715	0.258685
104.758	0.258682
104.802	0.25316
104.845	0.261095
104.889	0.257903
104.932	0.259244
104.975	0.259197
105.019	0.260598
105.062	0.260498
105.106	0.258759
105.15	0.257839
105.194	0.262467
105.237	0.259038
105.281	0.260102
105.324	0.262413
105.368	0.255319
105.411	0.260712
105.455	0.258779
105.499	0.262469
105.543	0.259227
105.587	0.26245
105.63	0.263599
105.674	0.267589
105.718	0.25953
105.762	0.265366
105.806	0.259661
105.849	0.263884
105.893	0.263898
105.937	0.260668
105.981	0.263647
106.025	0.26228
106.068	0.265798
106.113	0.260203
106.156	0.264319
106.2	0.267876
106.244	0.26407
106.288	0.267106
106.331	0.269802
106.375	0.26154
106.419	0.267215
106.463	0.264859
106.506	0.265128
106.55	0.262716
106.595	0.261442
106.638	0.266928
106.682	0.265393
106.726	0.265611
106.77	0.269127
106.814	0.265222
106.858	0.268523
106.902	0.269368
106.946	0.266811
106.99	0.270227
107.034	0.265204
107.078	0.26939
107.122	0.266594
107.166	0.267894
107.21	0.267146
107.254	0.26663
107.298	0.26971
107.342	0.267533
107.386	0.270252
107.43	0.269671
107.474	0.27303
107.519	0.267759
107.563	0.269793
107.607	0.271866
107.651	0.267456
107.695	0.27331
107.739	0.270186
107.783	0.266858
107.827	0.271037
107.871	0.268476
107.915	0.272292
107.96	0.269591
108.004	0.273934
108.048	0.272673
108.093	0.268846
108.137	0.272991
108.181	0.273724
108.226	0.270261
108.27	0.272155
108.314	0.276283
108.359	0.269938
108.403	0.270198
108.447	0.270556
108.492	0.27098
108.536	0.273873
108.58	0.272904
108.625	0.271942
108.67	0.273271
108.714	0.277793
108.758	0.272525
108.803	0.275681
108.847	0.27339
108.892	0.274511
108.937	0.269673
108.981	0.277567
109.026	0.269553
109.07	0.280066
109.114	0.276443
109.159	0.275764
109.203	0.277941
109.248	0.274495
109.293	0.276401
109.337	0.279228
109.382	0.274693
109.426	0.278206
109.471	0.273042
109.516	0.27941
109.561	0.27588
109.605	0.280587
109.65	0.276393
109.695	0.276979
109.739	0.280781
109.784	0.278412
109.829	0.278873
109.873	0.278428
109.918	0.27935
109.963	0.277245
110.007	0.281288
110.052	0.278974
110.097	0.27707
110.142	0.276172
110.187	0.284866
110.232	0.278512
110.276	0.281561
110.321	0.282779
110.366	0.279868
110.411	0.281076
110.456	0.278251
110.5	0.284212
110.546	0.278963
110.59	0.282557
110.635	0.282332
110.68	0.281726
110.724	0.282474
110.769	0.279883
110.813	0.289249
110.859	0.276843
110.904	0.283388
110.948	0.285098
110.993	0.284505
111.039	0.280759
111.083	0.283689
111.128	0.285998
111.174	0.280405
111.217	0.290569
111.263	0.278881
111.307	0.288809
111.352	0.282287
111.397	0.283631
111.442	0.285049
111.487	0.289662
111.533	0.279909
111.578	0.28678
111.623	0.285832
111.667	0.290295
111.712	0.283684
111.758	0.284534
111.802	0.288047
111.847	0.285185
111.892	0.286624
111.937	0.287389
111.982	0.287544
112.028	0.281209
112.073	0.290528
112.118	0.288354
112.163	0.28888
112.207	0.289608
112.252	0.289311
112.298	0.286956
112.343	0.288076
112.388	0.287922
112.433	0.292061
112.478	0.284656
112.524	0.286676
112.568	0.292009
112.614	0.286811
112.658	0.294359
112.703	0.290027
112.749	0.290266
112.794	0.288473
112.839	0.294359
112.884	0.288812
112.93	0.290449
112.974	0.292722
113.02	0.288619
113.065	0.288583
113.11	0.290074
113.156	0.288249
113.201	0.292389
113.246	0.287741
113.291	0.29357
113.337	0.293267
113.382	0.292717
113.427	0.296983
113.473	0.289117
113.518	0.292741
113.563	0.292123
113.608	0.293921
113.654	0.290421
113.699	0.292875
113.744	0.293474
113.789	0.29322
113.835	0.287757
113.881	0.29411
113.925	0.296787
113.971	0.296993
114.017	0.292401
114.062	0.294311
114.108	0.295111
114.153	0.29436
114.199	0.293991
114.244	0.295277
114.29	0.293506
114.336	0.292801
114.38	0.297592
114.427	0.289417
114.472	0.294794
114.518	0.292885
114.563	0.296015
114.609	0.2969
114.655	0.296773
114.7	0.296723
114.746	0.297506
114.792	0.294713
114.837	0.297226
114.883	0.297779
114.929	0.294128
114.975	0.292826
115.02	0.295862
115.066	0.297127
115.112	0.296102
115.158	0.29784
115.203	0.299847
115.249	0.302087
115.295	0.297558
115.341	0.300851
115.387	0.296542
115.432	0.302915
115.478	0.300215
115.523	0.297032
115.569	0.296715
115.615	0.297473
115.661	0.301608
115.707	0.300663
115.753	0.299411
115.799	0.30282
115.845	0.300543
115.89	0.303638
115.936	0.300877
115.982	0.30103
116.028	0.304089
116.074	0.298171
116.12	0.297611
116.165	0.307607
116.211	0.300259
116.257	0.299745
116.303	0.304438
116.349	0.301127
116.395	0.304523
116.441	0.302214
116.487	0.302423
116.533	0.302123
116.578	0.307268
116.624	0.301174
116.67	0.304242
116.716	0.301141
116.762	0.30171
116.808	0.304723
116.855	0.300166
116.9	0.309116
116.947	0.302103
116.993	0.301797
117.039	0.307247
117.085	0.303056
117.131	0.305877
117.177	0.307127
117.223	0.306925
117.269	0.301546
117.315	0.309847
117.361	0.305432
117.407	0.307341
117.454	0.300514
117.5	0.307005
117.546	0.305862
117.591	0.314482
117.638	0.304534
117.684	0.30881
117.73	0.306991
117.776	0.306116
117.822	0.309536
117.868	0.308336
117.915	0.307133
117.961	0.310034
118.007	0.307827
118.054	0.308414
118.099	0.313271
118.145	0.311071
118.191	0.310606
118.238	0.309598
118.284	0.308641
118.33	0.311098
118.377	0.307927
118.422	0.312784
118.469	0.308497
118.515	0.307835
118.561	0.312526
118.607	0.313601
118.653	0.311081
118.7	0.311117
118.746	0.312671
118.792	0.315247
118.838	0.312268
118.884	0.311347
118.93	0.315751
118.976	0.313773
119.023	0.309145
119.069	0.312421
119.115	0.312156
119.161	0.318158
119.207	0.311083
119.253	0.31925
119.299	0.313032
119.345	0.316363
119.392	0.312979
119.438	0.317003
119.484	0.31334
119.531	0.314446
119.577	0.31516
119.623	0.317126
119.669	0.314866
119.715	0.310954
119.762	0.315709
119.807	0.321553
119.854	0.314316
119.9	0.313329
119.946	0.32421
119.991	0.323913
120.038	0.313684
120.085	0.314159
120.13	0.321076
120.178	0.309431
120.223	0.322159
120.269	0.315037
120.316	0.317189
120.362	0.316669
120.408	0.316961
120.454	0.321139
120.501	0.316192
120.547	0.320384
120.594	0.318066
120.64	0.321823
120.686	0.324809
120.733	0.315162
120.779	0.319357
120.825	0.320637
120.871	0.321711
120.918	0.319159
120.964	0.31876
121.011	0.319564
121.057	0.317857
121.104	0.322995
121.149	0.325562
121.196	0.320302
121.243	0.319423
121.289	0.326739
121.335	0.319253
121.382	0.320617
121.428	0.324235
121.474	0.319967
121.52	0.325749
121.567	0.317145
121.614	0.317428
121.66	0.323838
121.706	0.326634
121.753	0.32055
121.8	0.323012
121.846	0.323577
121.892	0.330921
121.939	0.320888
121.985	0.323595
122.032	0.322987
122.078	0.324143
122.125	0.323041
122.171	0.322719
122.218	0.324656
122.264	0.328009
122.311	0.321113
122.357	0.325065
122.403	0.329429
122.45	0.322868
122.496	0.327232
122.543	0.322206
122.59	0.325562
122.636	0.326827
122.682	0.331754
122.729	0.321727
122.776	0.325287
122.822	0.325829
122.869	0.324498
122.916	0.325319
122.962	0.329343
123.009	0.325405
123.055	0.327284
123.102	0.326942
123.149	0.325799
123.196	0.329071
123.242	0.330989
123.289	0.326895
123.335	0.329524
123.382	0.327281
123.428	0.330117
123.476	0.324444
123.522	0.329597
123.569	0.326496
123.616	0.326172
123.663	0.329043
123.71	0.331934
123.756	0.331213
123.804	0.323964
123.85	0.335723
123.897	0.3304
123.944	0.327536
123.991	0.329457
124.037	0.334944
124.084	0.33133
124.131	0.331405
124.177	0.334277
124.224	0.328835
124.271	0.332043
124.318	0.327014
124.365	0.336723
124.411	0.333617
124.458	0.335245
124.505	0.331627
124.552	0.332206
124.599	0.331937
124.646	0.331591
124.692	0.337341
124.739	0.336318
124.786	0.333946
124.833	0.334879
124.879	0.339078
124.926	0.334193
124.973	0.334269
125.019	0.342297
125.067	0.330481
125.114	0.334738
125.161	0.337087
125.207	0.341972
125.255	0.332687
125.301	0.338638
125.348	0.338013
125.395	0.337157
125.442	0.339633
125.489	0.334363
125.536	0.342034
125.583	0.337278
125.63	0.337875
125.677	0.339024
125.723	0.340332
125.77	0.338527
125.817	0.33817
125.864	0.341261
125.911	0.338645
125.958	0.338186
126.005	0.341083
126.051	0.341541
126.099	0.335518
126.146	0.339966
126.193	0.340383
126.24	0.340582
126.286	0.341533
126.333	0.339641
126.38	0.340349
126.427	0.341789
126.474	0.341442
126.521	0.345876
126.569	0.335413
126.615	0.344894
126.662	0.345954
126.709	0.3425
126.756	0.342462
126.803	0.346727
126.85	0.342222
126.897	0.344126
126.944	0.342167
126.991	0.343572
127.038	0.344676
127.085	0.342917
127.132	0.34613
127.178	0.348328
127.226	0.339611
127.273	0.346387
127.32	0.346114
127.367	0.345223
127.414	0.349259
127.461	0.345173
127.508	0.343847
127.555	0.347546
127.602	0.344839
127.649	0.351292
127.696	0.341813
127.743	0.349697
127.79	0.346166
127.837	0.348327
127.884	0.351228
127.931	0.34537
127.978	0.350296
128.025	0.348817
128.073	0.344857
128.12	0.347762
128.167	0.348843
128.214	0.349782
128.261	0.346048
128.308	0.347022
128.355	0.349956
128.402	0.348671
128.449	0.350886
128.496	0.351614
128.543	0.349219
128.59	0.350649
128.638	0.35093
128.684	0.353978
128.732	0.349033
128.779	0.347933
128.826	0.350245
128.873	0.352413
128.92	0.350085
128.967	0.347815
129.014	0.353317
129.061	0.351597
129.109	0.348358
129.156	0.354067
129.203	0.352339
129.25	0.354999
129.297	0.352185
129.345	0.35162
129.392	0.351512
129.439	0.349976
129.486	0.349409
129.534	0.349612
129.581	0.353084
129.629	0.346199
129.676	0.353938
129.723	0.356806
129.77	0.353739
129.817	0.355224
129.865	0.348863
129.912	0.355871
129.959	0.353367
130.007	0.350417
130.054	0.35551
130.102	0.347814
130.149	0.356761
130.196	0.355646
130.243	0.356103
130.291	0.351753
130.338	0.35826
130.385	0.356647
130.432	0.357991
130.48	0.353841
130.527	0.354308
130.574	0.358807
130.622	0.349028
130.669	0.358446
130.716	0.359085
130.764	0.353689
130.811	0.358382
130.859	0.354863
130.907	0.357001
130.953	0.36418
131.001	0.352938
131.048	0.357418
131.096	0.352708
131.143	0.358466
131.191	0.358833
131.238	0.360441
131.285	0.359692
131.332	0.364021
131.38	0.355371
131.428	0.358372
131.475	0.363421
131.522	0.358888
131.57	0.359054
131.618	0.352979
131.665	0.360535
131.712	0.35994
131.759	0.359241
131.807	0.361277
131.854	0.362472
131.902	0.360612
131.949	0.36565
131.996	0.363085
132.043	0.363528
132.091	0.36138
132.139	0.357735
132.186	0.36129
132.233	0.362021
132.281	0.360358
132.328	0.360774
132.376	0.360186
132.424	0.366482
132.471	0.364664
132.519	0.362187
132.566	0.368542
132.614	0.364859
132.661	0.363851
132.709	0.362371
132.756	0.361459
132.804	0.359832
132.851	0.362203
132.899	0.362959
132.946	0.364676
132.994	0.362969
133.042	0.365969
133.088	0.376726
133.137	0.362216
133.184	0.365439
133.231	0.369843
133.279	0.361795
133.326	0.367239
133.373	0.369069
133.421	0.365347
133.469	0.362434
133.516	0.368791
133.564	0.371937
133.611	0.367059
133.66	0.362152
133.707	0.368205
133.754	0.371572
133.802	0.365759
133.85	0.366284
133.897	0.367429
133.945	0.367733
133.992	0.369919
134.04	0.364141
134.088	0.369164
134.136	0.367753
134.183	0.373669
134.23	0.369748
134.278	0.36839
134.325	0.37624
134.373	0.366696
134.42	0.36866
134.468	0.369439
134.516	0.366267
134.564	0.369947
134.611	0.377961
134.659	0.364994
134.706	0.374866
134.754	0.372362
134.801	0.37539
134.849	0.368431
134.897	0.375303
134.945	0.366277
134.992	0.374899
135.04	0.372415
135.087	0.372966
135.135	0.374839
135.183	0.367848
135.231	0.375367
135.278	0.376204
135.326	0.374869
135.373	0.377301
135.421	0.368922
135.469	0.37279
135.517	0.371652
135.564	0.372235
135.612	0.371583
135.66	0.368788
135.708	0.368998
135.756	0.376733
135.804	0.37598
135.851	0.376318
135.899	0.375737
135.947	0.375536
135.994	0.38041
136.043	0.366777
136.09	0.376226
136.137	0.373136
136.185	0.372099
136.233	0.371692
136.281	0.378714
136.328	0.378316
136.376	0.377221
136.424	0.379777
136.472	0.377544
136.52	0.380815
136.567	0.381484
136.615	0.373686
136.663	0.376133
136.711	0.372141
136.758	0.383426
136.806	0.373016
136.854	0.378116
136.901	0.383176
136.949	0.380639
136.997	0.379331
137.045	0.384996
137.092	0.38233
137.14	0.377476
137.188	0.383742
137.236	0.378542
137.284	0.377525
137.331	0.381797
137.379	0.383125
137.426	0.383826
137.474	0.380216
137.523	0.379839
137.57	0.385229
137.617	0.38748
137.666	0.380318
137.714	0.378904
137.762	0.382924
137.809	0.387505
137.857	0.383668
137.905	0.383204
137.953	0.382038
138.001	0.383732
138.049	0.384792
138.096	0.389394
138.144	0.386608
138.191	0.387092
138.24	0.380118
138.287	0.38598
138.335	0.383236
138.383	0.390259
138.431	0.382176
138.479	0.390253
138.527	0.384836
138.575	0.387672
138.623	0.383203
138.671	0.388374
138.719	0.387945
138.766	0.388003
138.814	0.38315
138.862	0.387941
138.91	0.38551
138.958	0.38289
139.005	0.393431
139.054	0.379811
139.102	0.385506
139.149	0.393475
139.198	0.386623
139.246	0.385672
139.293	0.392985
139.341	0.385204
139.389	0.388558
139.437	0.386152
139.485	0.390865
139.533	0.381663
139.581	0.394148
139.629	0.3844
139.676	0.396837
139.725	0.386459
139.773	0.390056
139.821	0.392802
139.869	0.385947
139.917	0.392237
139.964	0.390466
140.013	0.384774
140.06	0.393384
140.109	0.384666
140.156	0.391946
140.205	0.386122
140.253	0.391437
140.3	0.393505
140.349	0.388503
140.396	0.396202
140.444	0.391439
140.492	0.389526
140.54	0.393223
140.588	0.389005
140.636	0.394121
140.684	0.389321
140.732	0.388201
140.78	0.394124
140.828	0.390485
140.876	0.392852
140.925	0.386863
140.971	0.404531
141.02	0.387647
141.067	0.399313
141.116	0.387881
141.163	0.395929
141.212	0.390718
141.26	0.388298
141.308	0.39627
141.356	0.394572
141.404	0.394558
141.452	0.393227
141.5	0.393223
141.548	0.397544
141.596	0.391621
141.644	0.397854
141.692	0.394762
141.741	0.387153
141.789	0.39242
141.836	0.399716
141.885	0.392714
141.933	0.396304
141.981	0.396041
142.028	0.400435
142.077	0.395901
142.125	0.399443
142.173	0.393602
142.221	0.399386
142.268	0.398911
142.316	0.398422
142.364	0.397569
142.412	0.398695
142.46	0.395859
142.509	0.395068
142.556	0.403964
142.605	0.396818
142.653	0.399411
142.701	0.398136
142.749	0.401695
142.797	0.398321
142.844	0.401045
142.892	0.397755
142.941	0.398209
142.989	0.399851
143.036	0.407232
143.085	0.398739
143.132	0.406743
143.181	0.398406
143.229	0.405864
143.277	0.398246
143.325	0.404128
143.373	0.405917
143.421	0.399913
143.469	0.40299
143.517	0.404863
143.565	0.400068
143.613	0.404349
143.661	0.406669
143.709	0.407962
143.757	0.401357
143.805	0.407641
143.854	0.399892
143.902	0.404894
143.95	0.404405
143.998	0.404812
144.046	0.40441
144.094	0.403597
144.142	0.405477
144.189	0.410318
144.238	0.402609
144.286	0.409185
144.334	0.408541
144.382	0.407981
144.43	0.406495
144.478	0.410276
144.527	0.403951
144.575	0.408507
144.623	0.40762
144.671	0.405332
144.719	0.409543
144.767	0.41327
144.815	0.405922
144.864	0.407102
144.912	0.409897
144.96	0.412398
145.009	0.407906
145.057	0.413873
145.104	0.416153
145.153	0.407103
145.201	0.4123
145.25	0.407552
145.298	0.409747
145.346	0.409409
145.393	0.420731
145.442	0.404012
145.491	0.408869
145.538	0.417104
145.587	0.407725
145.635	0.413318
145.683	0.406476
145.731	0.41912
145.78	0.405498
145.828	0.413824
145.876	0.411014
145.925	0.407153
145.973	0.412176
146.021	0.41241
146.068	0.41493
146.117	0.410369
146.165	0.411786
146.213	0.41342
146.262	0.410229
146.31	0.411724
146.358	0.417807
146.407	0.410234
146.454	0.418475
146.503	0.414264
146.551	0.411185
146.599	0.417881
146.647	0.410446
146.695	0.411229
146.744	0.414298
146.791	0.417716
146.84	0.41197
146.887	0.423974
146.936	0.407636
146.984	0.421355
147.032	0.417014
147.081	0.410186
147.128	0.421545
147.178	0.406122
147.226	0.4155
147.273	0.420009
147.321	0.413597
147.37	0.411494
147.419	0.413895
147.466	0.424423
147.515	0.416153
147.563	0.415505
147.611	0.419196
147.659	0.423193
147.708	0.410854
147.755	0.418743
147.804	0.413033
147.852	0.41805
147.901	0.414504
147.949	0.41237
147.998	0.417505
148.045	0.424307
148.094	0.41457
148.142	0.419392
148.19	0.416461
148.238	0.417695
148.286	0.419638
148.335	0.418391
148.383	0.416146
148.431	0.42423
148.479	0.416519
148.527	0.419348
148.576	0.415341
148.624	0.419471
148.673	0.41562
148.721	0.421435
148.769	0.423106
148.817	0.42213
148.865	0.421969
148.914	0.414607
148.961	0.423296
149.01	0.418468
149.058	0.423725
149.106	0.420328
149.154	0.419205
149.202	0.425585
149.25	0.420973
149.299	0.416617
149.348	0.418964
149.396	0.423018
149.443	0.425781
149.492	0.418126
149.54	0.426138
149.588	0.420955
149.636	0.426065
149.685	0.421193
149.733	0.426241
149.781	0.424702
149.83	0.420161
149.877	0.428426
149.926	0.422058
149.974	0.422957
150.022	0.42788
150.071	0.420912
150.119	0.430779
150.167	0.422217
150.215	0.430233
150.264	0.425423
150.311	0.428964
150.361	0.417088
150.409	0.428519
150.457	0.426684
150.505	0.430585
150.553	0.425295
150.602	0.419019
150.65	0.43055
150.698	0.42931
150.746	0.424143
150.795	0.424711
150.843	0.428469
150.892	0.423241
150.94	0.427673
150.988	0.428324
151.036	0.430731
151.084	0.427905
151.132	0.430633
151.181	0.42177
151.23	0.427285
151.278	0.429748
151.326	0.427432
151.374	0.428943
151.423	0.426622
151.471	0.429022
151.519	0.431203
151.567	0.433328
151.615	0.431187
151.664	0.429244
151.713	0.424934
151.761	0.431703
151.809	0.42674
151.857	0.436351
151.905	0.428116
151.954	0.425136
152.003	0.431041
152.05	0.435209
152.099	0.429667
152.147	0.434607
152.195	0.433945
152.244	0.430272
152.292	0.435049
152.34	0.431704
152.389	0.429781
152.436	0.439217
152.486	0.421249
152.534	0.435307
152.582	0.432495
152.63	0.43704
152.678	0.434001
152.726	0.433577
152.774	0.43322
152.823	0.432265
152.871	0.436581
152.919	0.433351
152.967	0.436785
153.015	0.433163
153.063	0.431379
153.112	0.432871
153.16	0.433242
153.208	0.435972
153.257	0.426385
153.305	0.435646
153.353	0.436209
153.401	0.433494
153.449	0.439675
153.498	0.431481
153.546	0.438365
153.594	0.439936
153.643	0.427595
153.69	0.446262
153.739	0.432838
153.787	0.433346
153.835	0.438735
153.883	0.438039
153.932	0.434155
153.98	0.434824
154.028	0.438608
154.077	0.434511
154.125	0.432354
154.173	0.445148
154.222	0.431835
154.27	0.440377
154.318	0.438896
154.366	0.435272
154.414	0.442534
154.462	0.437036
154.511	0.435799
154.559	0.444593
154.607	0.433903
154.655	0.4415
154.704	0.44094
154.752	0.43871
154.8	0.437418
154.848	0.44143
154.896	0.43987
154.945	0.43685
154.993	0.441756
155.042	0.433427
155.09	0.44189
155.138	0.443638
155.186	0.436986
155.235	0.436739
155.283	0.437632
155.331	0.450185
155.379	0.43725
155.427	0.442018
155.476	0.440969
155.524	0.441994
155.572	0.441778
155.62	0.443408
155.669	0.437646
155.717	0.445636
155.765	0.441002
155.813	0.443915
155.862	0.441228
155.91	0.442941
155.959	0.438154
156.007	0.443516
156.056	0.43367
156.104	0.449331
156.152	0.443214
156.2	0.445482
156.248	0.444169
156.297	0.441215
156.345	0.445518
156.394	0.443468
156.441	0.450165
156.49	0.440757
156.538	0.442549
156.587	0.445741
156.635	0.444046
156.683	0.445604
156.732	0.440584
156.781	0.437271
156.829	0.450106
156.877	0.447202
156.925	0.44488
156.974	0.44555
157.022	0.444006
157.07	0.446651
157.119	0.438722
157.167	0.449949
157.216	0.443308
157.264	0.449714
157.312	0.442293
157.36	0.449368
157.409	0.444353
157.458	0.439493
157.506	0.447817
157.554	0.450523
157.602	0.445223
157.651	0.440541
157.699	0.449207
157.747	0.447727
157.796	0.442184
157.844	0.44677
157.892	0.445892
157.941	0.445662
157.989	0.445367
158.037	0.447776
158.086	0.448369
158.134	0.446451
158.182	0.450323
158.23	0.449138
158.28	0.439996
158.328	0.453502
158.376	0.450956
158.424	0.451402
158.472	0.451542
158.521	0.446806
158.569	0.445434
158.617	0.45334
158.666	0.448086
158.715	0.443878
158.762	0.455623
158.811	0.451455
158.859	0.455559
158.907	0.447364
158.955	0.452376
159.004	0.444306
159.053	0.453397
159.101	0.447882
159.149	0.456443
159.198	0.449301
159.246	0.453398
159.294	0.454309
159.342	0.450865
159.391	0.453171
159.439	0.453021
159.487	0.454444
159.535	0.453615
159.584	0.446196
159.632	0.456592
159.681	0.448446
159.73	0.447115
159.778	0.457422
159.826	0.451518
159.874	0.454927
159.922	0.454302
159.971	0.45386
160.019	0.450685
160.068	0.453286
160.116	0.45067
160.165	0.449014
160.213	0.4535
160.262	0.4507
160.309	0.461319
160.358	0.449738
160.406	0.457814
160.455	0.450472
160.503	0.45819
160.552	0.449504
160.6	0.456114
160.649	0.456432
160.697	0.455264
160.745	0.455611
160.794	0.453882
160.842	0.459442
160.89	0.45305
160.939	0.453024
160.987	0.462928
161.035	0.456255
161.083	0.461438
161.133	0.448974
161.181	0.456782
161.229	0.456844
161.277	0.461289
161.326	0.455171
161.374	0.454
161.423	0.455708
161.47	0.466439
161.519	0.454144
161.567	0.459863
161.616	0.456783
161.664	0.454898
161.713	0.456572
161.761	0.460406
161.81	0.454589
161.858	0.466443
161.906	0.45705
161.955	0.456332
162.003	0.462241
162.052	0.455967
162.1	0.459503
162.148	0.465798
162.196	0.46231
162.245	0.45965
162.293	0.462904
162.342	0.456012
162.39	0.463719
162.438	0.462873
162.487	0.458575
162.536	0.461646
162.584	0.463821
162.632	0.462776
162.68	0.46365
162.729	0.461427
162.777	0.467322
162.826	0.461306
162.875	0.455878
162.923	0.464287
162.971	0.466825
163.019	0.4687
163.068	0.459588
163.117	0.462584
163.165	0.460951
163.214	0.46434
163.262	0.461295
163.31	0.470699
163.359	0.460929
163.407	0.469016
163.456	0.46322
163.505	0.472587
163.553	0.475085
163.601	0.468179
163.65	0.468797
163.698	0.472793
163.747	0.468627
163.795	0.468957
163.843	0.471076
163.891	0.473793
163.94	0.468908
163.988	0.471239
164.036	0.473328
164.085	0.465565
164.134	0.465925
164.182	0.475104
164.23	0.469457
164.279	0.46931
164.327	0.471235
164.376	0.473282
164.424	0.468941
164.472	0.473607
164.521	0.470882
164.569	0.468624
164.617	0.472168
164.666	0.470858
164.714	0.47122
164.762	0.476127
164.811	0.465464
164.86	0.469589
164.909	0.467222
164.956	0.482149
165.004	0.471584
165.053	0.471423
165.101	0.475072
165.15	0.470716
165.198	0.470578
165.246	0.477165
165.295	0.467804
165.343	0.472164
165.392	0.473753
165.44	0.470424
165.488	0.477933
165.537	0.471675
165.585	0.481757
165.633	0.476674
165.681	0.474382
165.73	0.477145
165.778	0.473013
165.826	0.47716
165.876	0.466833
165.924	0.476574
165.972	0.474691
166.02	0.475556
166.069	0.47638
166.117	0.474626
166.165	0.482686
166.214	0.466085
166.262	0.480005
166.311	0.4766
166.36	0.47128
166.408	0.47662
166.457	0.469298
166.505	0.484095
166.554	0.469777
166.601	0.482324
166.65	0.474192
166.698	0.482996
166.747	0.468446
166.795	0.485397
166.843	0.477198
166.892	0.475458
166.94	0.474153
166.988	0.484838
167.037	0.477141
167.085	0.479492
167.133	0.476365
167.182	0.477964
167.23	0.477076
167.278	0.484437
167.326	0.479887
167.376	0.467359
167.423	0.489451
167.472	0.478469
167.52	0.478748
167.568	0.479591
167.617	0.479982
167.664	0.486934
167.713	0.475422
167.762	0.476181
167.81	0.475825
167.858	0.483175
167.907	0.478357
167.955	0.482423
168.004	0.478488
168.051	0.485095
168.1	0.474982
168.149	0.475876
168.197	0.48915
168.244	0.489133
168.293	0.475233
168.342	0.48224
168.391	0.47182
168.439	0.479351
168.487	0.483717
168.535	0.487159
168.584	0.479015
168.632	0.487355
168.681	0.475377
168.729	0.481448
168.777	0.484427
168.825	0.487864
168.873	0.481556
168.922	0.481824
168.97	0.483271
169.018	0.484555
169.066	0.484202
169.115	0.476387
169.164	0.480504
169.212	0.483232
169.261	0.475867
169.309	0.492462
169.358	0.479175
169.405	0.489143
169.455	0.472468
169.503	0.483984
169.551	0.491115
169.599	0.480527
169.648	0.47909
169.696	0.488553
169.744	0.485501
169.793	0.478768
169.841	0.485163
169.89	0.486922
169.939	0.477689
169.986	0.494708
170.035	0.482571
170.083	0.484958
170.132	0.483429
170.18	0.486224
170.229	0.484253
170.277	0.483872
170.326	0.487251
170.373	0.493349
170.422	0.483394
170.471	0.481539
170.519	0.487363
170.567	0.486733
170.616	0.485324
170.664	0.493176
170.713	0.480359
170.762	0.484034
170.809	0.497873
170.858	0.484832
170.906	0.493255
170.953	0.496787
171.003	0.475547
171.051	0.491521
171.1	0.484404
171.149	0.48611
171.196	0.494357
171.245	0.482321
171.294	0.491174
171.342	0.492533
171.39	0.488485
171.439	0.489502
171.487	0.490475
171.536	0.484826
171.584	0.493018
171.632	0.492676
171.681	0.490439
171.729	0.489969
171.778	0.486257
171.826	0.492044
171.875	0.493091
171.923	0.493295
171.972	0.487015
172.02	0.495173
172.069	0.487986
172.117	0.492733
172.166	0.488272
172.214	0.497243
172.263	0.483642
172.311	0.497667
172.359	0.493617
172.408	0.487741
172.457	0.490066
172.505	0.498378
172.553	0.487767
172.602	0.492142
172.65	0.495655
172.699	0.491705
172.748	0.491341
172.796	0.49262
172.845	0.49734
172.893	0.491597
172.942	0.491115
172.99	0.496885
173.038	0.497784
173.087	0.490877
173.136	0.489512
173.184	0.501939
173.232	0.49245
173.281	0.493767
173.33	0.49346
173.378	0.498428
173.426	0.494597
173.475	0.498356
173.523	0.499314
173.572	0.490286
173.621	0.491806
173.669	0.50204
173.717	0.492231
173.766	0.498332
173.814	0.494622
173.863	0.493792
173.911	0.499393
173.96	0.492171
174.008	0.503442
174.057	0.495725
174.105	0.494828
174.153	0.503366
174.202	0.492223
174.25	0.502386
174.299	0.490982
174.347	0.501233
174.396	0.494825
174.444	0.499971
174.493	0.499972
174.542	0.495981
174.59	0.498482
174.638	0.499796
174.687	0.496855
174.735	0.502731
174.784	0.49747
174.832	0.500285
174.881	0.499223
174.93	0.495326
174.978	0.50082
175.026	0.508723
175.074	0.498665
175.123	0.500651
175.172	0.493688
175.22	0.501522
175.269	0.498495
175.318	0.501044
175.366	0.497421
175.414	0.508961
175.463	0.497527
175.511	0.50483
175.56	0.498451
175.608	0.502581
175.657	0.501942
175.705	0.503419
175.755	0.492808
175.803	0.50059
175.852	0.499506
175.9	0.509096
175.949	0.499942
175.997	0.504584
176.046	0.499374
176.094	0.503526
176.143	0.499722
176.191	0.508639
176.24	0.502695
176.288	0.501935
176.337	0.503887
176.385	0.508358
176.434	0.496237
176.483	0.503714
176.531	0.507664
176.58	0.504162
176.628	0.504826
176.677	0.501518
176.725	0.503973
176.774	0.50672
176.822	0.504524
176.871	0.502944
176.92	0.506425
176.968	0.502331
177.017	0.504662
177.065	0.507771
177.114	0.5091
177.162	0.503082
177.211	0.501895
177.26	0.505399
177.309	0.505409
177.357	0.508356
177.406	0.504989
177.454	0.504031
177.503	0.508751
177.551	0.507889
177.6	0.506092
177.648	0.511841
177.697	0.504315
177.745	0.508303
177.794	0.509957
177.843	0.504207
177.892	0.503678
177.94	0.514654
177.989	0.504141
178.037	0.513369
178.086	0.503727
178.135	0.51021
178.183	0.508598
178.232	0.507783
178.28	0.513416
178.329	0.508907
178.377	0.510854
178.426	0.504707
178.475	0.505157
178.524	0.510913
178.572	0.512956
178.62	0.514316
178.669	0.50622
178.718	0.514285
178.767	0.507328
178.816	0.505555
178.864	0.510687
178.913	0.511109
178.962	0.508637
179.01	0.515916
179.059	0.51089
179.108	0.504846
179.157	0.510051
179.205	0.513245
179.254	0.506404
179.302	0.51865
179.351	0.511359
179.4	0.511615
179.449	0.505885
179.497	0.517475
179.546	0.510223
179.595	0.511365
179.643	0.514288
179.691	0.514752
179.741	0.506439
179.789	0.517196
179.838	0.510805
179.886	0.515044
179.935	0.516067
179.984	0.512478
180.033	0.51068
180.081	0.517488
180.13	0.51274
180.178	0.517741
180.227	0.511115
180.276	0.512211
180.325	0.51337
180.374	0.511036
180.422	0.518392
180.471	0.521428
180.519	0.513808
180.568	0.513051
180.617	0.515139
180.666	0.509656
180.714	0.520104
180.763	0.512342
180.812	0.514186
180.861	0.520196
180.91	0.511665
180.958	0.521601
181.007	0.513368
181.055	0.520851
181.105	0.508942
181.153	0.521132
181.202	0.513754
181.25	0.524321
181.299	0.515536
181.348	0.514351
181.396	0.520141
181.445	0.518913
181.494	0.513529
181.542	0.521249
181.591	0.516125
181.64	0.521142
181.689	0.51216
181.738	0.523863
181.787	0.505708
181.836	0.520165
181.884	0.525389
181.933	0.513808
181.982	0.516895
182.031	0.521785
182.08	0.515386
182.129	0.519049
182.177	0.523477
182.226	0.514125
182.275	0.518642
182.324	0.522482
182.373	0.517627
182.421	0.522871
182.47	0.522841
182.518	0.523598
182.568	0.514825
182.616	0.524032
182.665	0.514292
182.714	0.52142
182.762	0.52781
182.811	0.52171
182.86	0.521733
182.909	0.519617
182.958	0.518973
183.007	0.517002
183.056	0.520786
183.104	0.528516
183.153	0.516236
183.202	0.529396
183.251	0.51919
183.3	0.515206
183.349	0.523464
183.398	0.522685
183.447	0.521498
183.495	0.527263
183.544	0.52381
183.593	0.519784
183.641	0.527011
183.69	0.517721
183.739	0.525577
183.788	0.520179
183.837	0.524525
183.885	0.524841
183.934	0.523551
183.983	0.524122
184.032	0.519726
184.08	0.535486
184.129	0.518575
184.178	0.528379
184.227	0.520248
184.276	0.518802
184.325	0.529012
184.373	0.525827
184.423	0.518366
184.471	0.529511
184.52	0.526077
184.568	0.529605
184.617	0.522471
184.666	0.526244
184.716	0.517447
184.765	0.525921
184.813	0.52958
184.862	0.522468
184.911	0.525296
184.96	0.526373
185.009	0.523395
185.058	0.522563
185.107	0.526377
185.156	0.530733
185.204	0.531711
185.253	0.526565
185.303	0.51776
185.351	0.532362
185.4	0.522721
185.449	0.524772
185.498	0.527151
185.547	0.535876
185.596	0.52439
185.644	0.532484
185.693	0.524966
185.742	0.529095
185.791	0.525914
185.84	0.531479
185.889	0.52794
185.938	0.522402
185.987	0.528638
186.036	0.52467
186.085	0.528452
186.135	0.523114
186.182	0.545424
186.232	0.520017
186.281	0.532261
186.329	0.53622
186.378	0.527732
186.427	0.528152
186.476	0.523919
186.525	0.529516
186.574	0.532006
186.623	0.526303
186.672	0.528583
186.721	0.5305
186.771	0.524949
186.818	0.542356
186.868	0.52369
186.916	0.53679
186.966	0.526708
187.015	0.533732
187.064	0.530553
187.113	0.530155
187.162	0.528611
187.211	0.529707
187.259	0.535753
187.309	0.525173
187.357	0.538116
187.406	0.530554
187.455	0.537923
187.504	0.52534
187.553	0.533506
187.602	0.53084
187.651	0.534039
187.699	0.542386
187.749	0.522052
187.798	0.536613
187.847	0.533879
187.895	0.53966
187.945	0.532192
187.994	0.529391
188.043	0.538358
188.092	0.52942
188.141	0.534658
188.19	0.537947
188.239	0.530657
188.288	0.54059
188.337	0.525916
188.386	0.53584
188.435	0.53474
188.484	0.54003
188.533	0.533784
188.582	0.537851
188.631	0.534084
188.68	0.533173
188.729	0.535487
188.778	0.535292
188.826	0.544253
188.876	0.530534
188.925	0.53413
188.973	0.53931
189.023	0.535945
189.071	0.538643
189.12	0.540534
189.17	0.530242
189.218	0.540238
189.268	0.531341
189.317	0.539822
189.366	0.537828
189.414	0.540378
189.464	0.53537
189.513	0.535411
189.562	0.539879
189.61	0.542764
189.66	0.535495
189.709	0.540383
189.758	0.53894
189.807	0.539555
189.856	0.538611
189.905	0.536343
189.954	0.543712
190.003	0.541907
190.052	0.532993
190.101	0.545201
190.15	0.537773
190.199	0.542233
190.248	0.544058
190.297	0.536898
190.346	0.539233
190.395	0.545981
190.444	0.536113
190.493	0.549019
190.542	0.537869
190.591	0.545307
190.64	0.535026
190.688	0.549947
190.738	0.538609
190.787	0.537987
190.836	0.541484
190.885	0.54846
190.934	0.539525
190.983	0.545901
191.033	0.531617
191.081	0.55233
191.13	0.541524
191.179	0.541488
191.229	0.542625
191.278	0.541352
191.327	0.54381
191.375	0.548049
191.425	0.541586
191.474	0.545683
191.524	0.53508
191.573	0.544771
191.621	0.546796
191.67	0.550308
191.72	0.535543
191.769	0.545058
191.817	0.547246
191.867	0.540972
191.916	0.543174
191.965	0.545601
192.014	0.545146
192.063	0.543371
192.112	0.549678
192.161	0.546426
192.21	0.545748
192.259	0.54441
192.308	0.547386
192.357	0.542587
192.406	0.548223
192.455	0.547618
192.504	0.5453
192.553	0.546851
192.602	0.548613
192.651	0.546765
192.7	0.540533
192.749	0.545466
192.799	0.542871
192.847	0.550772
192.897	0.543499
192.945	0.551932
192.994	0.546534
193.044	0.544043
193.093	0.550813
193.142	0.550399
193.191	0.547847
193.239	0.551858
193.289	0.540465
193.338	0.549859
193.387	0.544784
193.436	0.552411
193.485	0.546183
193.534	0.55084
193.583	0.544321
193.632	0.547645
193.682	0.549148
193.73	0.555488
193.779	0.552828
193.829	0.538439
193.877	0.556595
193.926	0.551119
193.976	0.545501
194.025	0.546635
194.074	0.547446
194.123	0.552748
194.172	0.556547
194.221	0.546103
194.27	0.551799
194.319	0.549382
194.369	0.548475
194.418	0.549662
194.467	0.552435
194.516	0.555424
194.565	0.553456
194.613	0.555429
194.663	0.546029
194.713	0.543882
194.761	0.557625
194.81	0.555231
194.859	0.551049
194.909	0.552207
194.958	0.553465
195.006	0.558487
195.055	0.562183
195.105	0.545674
195.153	0.556637
195.202	0.554566
195.252	0.551542
195.301	0.553004
195.35	0.551677
195.399	0.55242
195.448	0.56126
195.497	0.556211
195.546	0.554759
195.595	0.554682
195.645	0.550793
195.693	0.560769
195.743	0.548605
195.791	0.56251
195.84	0.555406
195.889	0.55144
195.938	0.555914
195.988	0.554011
196.037	0.550729
196.086	0.563852
196.135	0.558715
196.184	0.554257
196.233	0.562516
196.282	0.554679
196.332	0.547591
196.38	0.564348
196.43	0.55271
196.478	0.559448
196.528	0.554987
196.576	0.562748
196.626	0.551597
196.675	0.555281
196.724	0.558459
196.773	0.561437
196.822	0.564919
196.871	0.55915
196.92	0.554666
196.97	0.55485
197.019	0.56234
197.068	0.559635
197.117	0.553754
197.166	0.559485
197.215	0.561659
197.264	0.567692
197.314	0.546251
197.362	0.570713
197.411	0.560009
197.461	0.555454
197.511	0.550866
197.56	0.559936
197.609	0.559404
197.657	0.565674
197.707	0.56031
197.756	0.557313
197.805	0.561433
197.854	0.560724
197.903	0.559132
197.952	0.562999
198.002	0.553609
198.051	0.569299
198.1	0.555584
198.15	0.549334
198.198	0.573238
198.248	0.558761
198.297	0.55883
198.346	0.566773
198.395	0.564105
198.444	0.560969
198.494	0.556477
198.543	0.561928
198.591	0.570367
198.641	0.553796
198.69	0.564163
198.74	0.557318
198.789	0.558597
198.838	0.567812
198.887	0.566641
198.935	0.567866
198.985	0.558919
199.034	0.561238
199.084	0.561167
199.132	0.567402
199.182	0.559826
199.231	0.560194
199.28	0.565836
199.329	0.566495
199.379	0.556796
199.428	0.565929
199.477	0.566033
199.525	0.571028
199.575	0.564739
199.624	0.563494
199.673	0.569835
199.722	0.559782
199.772	0.559617
199.821	0.56868
199.87	0.565598
199.919	0.569521
199.968	0.556587
200.017	0.576714
200.066	0.567404
200.115	0.563046
200.164	0.570274
200.214	0.563702
200.263	0.564421
200.312	0.566974
200.361	0.565461
200.41	0.568363
200.459	0.568406
200.508	0.568106
200.558	0.566356
200.608	0.558289
200.657	0.566935
200.706	0.573104
200.755	0.568934
200.804	0.570851
200.854	0.558505
200.902	0.571306
200.951	0.573718
201	0.570243
201.05	0.558785
201.099	0.566005
201.149	0.566784
201.197	0.572907
201.247	0.568793
201.295	0.574989
201.345	0.565289
201.394	0.572727
201.443	0.569318
201.492	0.567873
201.541	0.571136
201.591	0.567896
201.639	0.577929
201.689	0.562241
201.739	0.566386
201.787	0.575894
201.836	0.571619
201.886	0.564031
201.935	0.57518
201.984	0.571898
202.033	0.574433
202.083	0.565859
202.132	0.564862
202.181	0.576703
202.23	0.570492
202.279	0.572052
202.329	0.564638
202.377	0.584789
202.426	0.570568
202.475	0.571818
202.525	0.565268
202.574	0.576329
202.624	0.562306
202.672	0.583303
202.721	0.56914
202.771	0.566963
202.82	0.570321
202.869	0.568843
202.918	0.57983
202.967	0.566645
203.016	0.577005
203.065	0.571581
203.115	0.568443
203.164	0.576095
203.213	0.570319
203.262	0.570816
203.311	0.57353
203.361	0.566325
203.409	0.576409
203.459	0.570005
203.508	0.566958
203.557	0.580629
203.606	0.575024
203.656	0.560022
203.705	0.57286
203.754	0.580109
203.803	0.571644
203.853	0.569355
203.902	0.571194
203.951	0.576554
204	0.574642
204.049	0.568402
204.098	0.581123
204.147	0.571644
204.197	0.569775
204.245	0.58174
204.295	0.567715
204.343	0.581481
204.392	0.57816
204.442	0.568049
204.491	0.576004
204.54	0.575636
204.589	0.578797
204.639	0.57441
204.688	0.573768
204.737	0.580886
204.786	0.578994
204.835	0.575472
204.884	0.575624
204.933	0.581071
204.983	0.576202
205.032	0.578347
205.081	0.575555
205.13	0.582927
205.179	0.578487
205.228	0.581963
205.277	0.573535
205.326	0.579825
205.375	0.579237
205.425	0.576587
205.473	0.582217
205.522	0.582687
205.571	0.580603
205.62	0.580559
205.67	0.576963
205.719	0.579218
205.768	0.580914
205.817	0.57949
205.867	0.57538
205.916	0.578671
205.964	0.589391
206.014	0.573446
206.063	0.585518
206.112	0.584068
206.161	0.579922
206.211	0.575897
206.26	0.582535
206.308	0.592431
206.357	0.578628
206.407	0.580208
206.456	0.574393
206.505	0.584341
206.555	0.575607
206.603	0.588617
206.653	0.581234
206.702	0.58022
206.751	0.582988
206.8	0.578907
206.85	0.57618
206.899	0.586971
206.949	0.572902
206.998	0.58685
207.046	0.586967
207.096	0.580184
207.145	0.579127
207.194	0.586123
207.243	0.578527
207.293	0.579996
207.342	0.57992
207.391	0.593175
207.44	0.577574
207.489	0.588334
207.538	0.580005
207.588	0.57617
207.637	0.590521
207.687	0.577206
207.736	0.584973
207.785	0.585506
207.834	0.582846
207.883	0.589341
207.932	0.584093
207.981	0.581459
208.031	0.579924
208.08	0.589147
208.129	0.582685
208.179	0.581254
208.228	0.587562
208.277	0.583234
208.326	0.585435
208.376	0.58134
208.424	0.592561
208.474	0.583958
208.523	0.588949
208.572	0.585374
208.621	0.581801
208.67	0.588023
208.718	0.601697
208.768	0.575839
208.818	0.585529
208.867	0.588493
208.916	0.587815
208.965	0.585064
209.014	0.588518
209.063	0.593197
209.113	0.583604
209.162	0.592021
209.211	0.59111
209.26	0.585578
209.309	0.585383
209.359	0.58702
209.408	0.587598
209.457	0.591764
209.506	0.586348
209.555	0.594926
209.605	0.584793
209.654	0.588291
209.703	0.585737
209.752	0.596784
209.802	0.574727
209.851	0.59616
209.901	0.585235
209.949	0.599174
209.998	0.588962
210.048	0.581623
210.098	0.586618
210.146	0.595236
210.195	0.592909
210.245	0.587149
210.294	0.586956
210.344	0.589003
210.392	0.597855
210.442	0.588933
210.491	0.589047
210.54	0.58983
210.59	0.586812
210.639	0.588198
210.688	0.593975
210.737	0.592669
210.786	0.589046
210.835	0.596194
210.885	0.587942
210.934	0.589404
210.983	0.592044
211.031	0.605245
211.082	0.579559
211.131	0.593303
211.18	0.587823
211.229	0.599235
211.278	0.593578
211.328	0.585225
211.377	0.591872
211.426	0.596641
211.475	0.595155
211.524	0.592829
211.573	0.589773
211.622	0.596408
211.671	0.593728
211.721	0.589936
211.771	0.586939
211.819	0.604344
211.868	0.596166
211.917	0.598189
211.967	0.589936
212.015	0.602544
212.065	0.589636
212.114	0.594613
212.164	0.590637
212.212	0.607705
212.261	0.594448
212.311	0.592601
212.36	0.59514
212.409	0.601671
212.459	0.58709
212.508	0.59644
212.557	0.600051
212.606	0.599026
212.655	0.598432
212.704	0.597483
212.754	0.59384
212.804	0.592843
212.853	0.597753
212.901	0.603513
212.95	0.602308
213	0.593154
213.048	0.605782
213.098	0.589001
213.147	0.602575
213.197	0.596298
213.246	0.593096
213.295	0.60656
213.344	0.596771
213.393	0.596409
213.443	0.590858
213.492	0.602027
213.541	0.601338
213.59	0.598449
213.64	0.593215
213.688	0.604993
213.738	0.592908
213.787	0.604307
213.836	0.601276
213.885	0.602114
213.934	0.598721
213.984	0.59311
214.033	0.595135
214.082	0.602972
214.131	0.596424
214.18	0.612432
214.23	0.591036
214.279	0.599578
214.328	0.600444
214.377	0.602474
214.426	0.599189
214.475	0.599948
214.525	0.595733
214.574	0.605466
214.623	0.600073
214.672	0.601882
214.722	0.597733
214.77	0.610024
214.82	0.592679
214.869	0.602379
214.918	0.598013
214.967	0.601712
215.017	0.600834
215.066	0.599672
215.115	0.604765
215.164	0.59613
215.214	0.599497
215.263	0.602332
215.312	0.609142
215.361	0.595912
215.411	0.599086
215.46	0.602864
215.509	0.605891
215.558	0.59778
215.607	0.608131
215.657	0.596539
215.706	0.601778
215.755	0.609174
215.804	0.604566
215.853	0.596757
215.903	0.599713
215.951	0.608165
216.001	0.594
216.05	0.611419
216.1	0.595191
216.149	0.60303
216.198	0.609593
216.247	0.603234
216.296	0.602385
216.346	0.598945
216.395	0.602204
216.444	0.608172
216.493	0.606162
216.543	0.603073
216.592	0.604145
216.641	0.602848
216.69	0.600606
216.739	0.610468
216.789	0.594112
216.838	0.608638
216.887	0.609846
216.936	0.605361
216.986	0.598232
217.035	0.609342
217.084	0.609504
217.133	0.602372
217.182	0.608346
217.231	0.602624
217.28	0.607224
217.33	0.605804
217.378	0.609263
217.428	0.607134
217.477	0.597975
217.526	0.614976
217.575	0.61183
217.624	0.608757
217.673	0.606385
217.722	0.620798
217.771	0.607121
217.82	0.603175
217.869	0.609741
217.918	0.610164
217.968	0.606214
218.017	0.611967
218.065	0.616479
218.115	0.604722
218.163	0.616158
218.213	0.610937
218.262	0.601156
218.311	0.611641
218.361	0.610576
218.409	0.618675
218.458	0.620304
218.507	0.600905
218.557	0.602978
218.606	0.616709
218.655	0.61726
218.704	0.607914
218.753	0.617282
218.802	0.616331
218.851	0.6098
218.899	0.620004
218.949	0.606824
218.998	0.607348
219.047	0.61325
219.096	0.612108
219.146	0.611311
219.194	0.614765
219.244	0.612244
219.293	0.606544
219.341	0.625727
219.39	0.61021
219.44	0.607752
219.489	0.607185
219.539	0.61028
219.587	0.61827
219.636	0.613445
219.686	0.610761
219.734	0.616111
219.784	0.611749
219.833	0.613067
219.882	0.612465
219.931	0.609063
219.98	0.618125
220.029	0.611652
220.078	0.616537
220.128	0.610831
220.176	0.618864
220.225	0.614422
220.275	0.610708
220.324	0.608979
220.373	0.617687
220.422	0.61977
220.471	0.610792
220.52	0.616683
220.57	0.610008
220.619	0.61397
220.668	0.617035
220.717	0.617522
220.766	0.615755
220.816	0.614402
220.865	0.615112
220.914	0.618336
220.963	0.615283
221.012	0.619553
221.062	0.604933
221.111	0.618659
221.16	0.618704
221.209	0.612338
221.258	0.621327
221.307	0.615119
221.356	0.619298
221.406	0.611495
221.455	0.618176
221.504	0.612331
221.553	0.620575
221.603	0.611107
221.652	0.614173
221.701	0.616505
221.75	0.618095
221.799	0.620275
221.848	0.617702
221.897	0.618916
221.947	0.61421
221.996	0.616509
222.045	0.621162
222.094	0.625212
222.143	0.619329
222.192	0.619851
222.241	0.611932
222.291	0.619318
222.339	0.626058
222.388	0.618056
222.438	0.614921
222.487	0.622595
222.537	0.615562
222.585	0.63087
222.634	0.622871
222.684	0.609249
222.734	0.615955
222.782	0.632414
222.831	0.623316
222.88	0.621674
222.929	0.615913
222.978	0.615776
223.027	0.627433
223.076	0.621339
223.125	0.621584
223.175	0.615192
223.224	0.619797
223.273	0.622117
223.322	0.622003
223.371	0.617234
223.42	0.624899
223.469	0.623597
223.518	0.615226
223.567	0.630489
223.616	0.616179
223.665	0.629713
223.714	0.622106
223.764	0.616202
223.812	0.629599
223.861	0.621916
223.91	0.623232
223.96	0.619038
224.009	0.619619
224.057	0.634672
224.106	0.621402
224.156	0.614436
224.204	0.63219
224.254	0.62111
224.303	0.613971
224.351	0.636291
224.4	0.624313
224.45	0.61712
224.499	0.625267
224.548	0.624086
224.597	0.623378
224.646	0.619865
224.695	0.622931
224.745	0.620296
224.794	0.626452
224.842	0.627158
224.892	0.618184
224.941	0.627308
224.99	0.623475
225.039	0.627557
225.088	0.619856
225.138	0.61963
225.186	0.628792
225.235	0.630754
225.285	0.617735
225.333	0.630185
225.383	0.621755
225.432	0.623253
225.481	0.624922
225.53	0.629044
225.579	0.626436
225.628	0.618883
225.677	0.632208
225.727	0.614317
225.776	0.622201
225.825	0.624776
225.874	0.619991
225.923	0.62583
225.972	0.629985
226.021	0.625
226.07	0.624063
226.12	0.619144
226.169	0.624312
226.218	0.631449
226.267	0.625961
226.317	0.621905
226.365	0.631493
226.414	0.631808
226.463	0.628896
226.513	0.616082
226.562	0.63212
226.611	0.629965
226.66	0.630004
226.709	0.629197
226.758	0.634515
226.807	0.623061
226.856	0.640433
226.905	0.62826
226.955	0.619791
227.004	0.627907
227.053	0.634189
227.102	0.631562
227.15	0.641304
227.2	0.618008
227.248	0.639155
227.298	0.629932
227.346	0.635242
227.395	0.635415
227.444	0.629472
227.494	0.629824
227.542	0.638662
227.592	0.62858
227.64	0.634227
227.69	0.628998
227.738	0.636411
227.788	0.630009
227.836	0.639481
227.885	0.631016
227.934	0.643064
227.984	0.618551
228.032	0.644879
228.082	0.627439
228.131	0.632722
228.179	0.641434
228.228	0.638071
228.277	0.633822
228.326	0.630467
228.375	0.633684
228.424	0.634863
228.473	0.634359
228.522	0.633403
228.571	0.62895
228.62	0.636519
228.669	0.632541
228.718	0.633507
228.767	0.634722
228.816	0.635035
228.866	0.625776
228.914	0.64549
228.964	0.622172
229.012	0.643149
229.062	0.620996
229.11	0.64409
229.159	0.635018
229.209	0.630249
229.258	0.63364
229.307	0.635797
229.356	0.634565
229.405	0.634559
229.454	0.639572
229.503	0.628515
229.552	0.639569
229.601	0.630345
229.65	0.634381
229.699	0.636559
229.748	0.633037
229.797	0.633186
229.847	0.632341
229.896	0.636732
229.945	0.629972
229.993	0.644797
230.042	0.636631
230.092	0.631621
230.141	0.634314
230.19	0.632766
230.239	0.639791
230.288	0.632592
230.337	0.640394
230.386	0.634548
230.435	0.633345
230.484	0.636532
230.533	0.641061
230.582	0.633609
230.631	0.640602
230.68	0.63662
230.73	0.631223
230.779	0.636408
230.827	0.638319
230.876	0.639557
230.926	0.631401
230.975	0.633357
231.024	0.640143
231.073	0.639347
231.121	0.642709
231.171	0.632137
231.219	0.647011
231.269	0.634857
231.317	0.644212
231.366	0.638309
231.415	0.638101
231.464	0.640321
231.513	0.638703
231.563	0.628482
231.611	0.651977
231.66	0.638093
231.709	0.643742
231.758	0.636987
231.807	0.63977
231.856	0.638937
231.906	0.638881
231.954	0.642453
232.003	0.643403
232.052	0.640217
232.101	0.64431
232.15	0.634594
232.199	0.644199
232.248	0.634819
232.297	0.643714
232.346	0.639058
232.395	0.636747
232.445	0.635976
232.493	0.643831
232.542	0.640034
232.591	0.642132
232.641	0.631733
232.689	0.643237
232.738	0.639753
232.787	0.645272
232.836	0.634286
232.885	0.641125
232.934	0.646096
232.982	0.650151
233.032	0.627428
233.081	0.641319
233.13	0.641316
233.179	0.649066
233.228	0.641332
233.278	0.627297
233.326	0.646291
233.375	0.644347
233.424	0.643782
233.473	0.632294
233.523	0.640302
233.571	0.642067
233.621	0.635295
233.67	0.641632
233.719	0.642421
233.768	0.643201
233.817	0.641248
233.866	0.642841
233.915	0.63617
233.964	0.643428
234.013	0.643194
234.062	0.644598
234.11	0.64562
234.16	0.635244
234.209	0.640312
234.258	0.637597
234.308	0.638387
234.357	0.640108
234.405	0.649516
234.454	0.643838
234.503	0.637006
234.553	0.63708
234.602	0.646354
234.651	0.642136
234.7	0.641148
234.749	0.643408
234.798	0.647698
234.847	0.633049
234.896	0.647483
234.945	0.647417
234.994	0.642696
235.043	0.644559
235.092	0.642595
235.141	0.643297
235.191	0.637361
235.239	0.653278
235.289	0.641341
235.338	0.646241
235.387	0.640448
235.436	0.642998
235.485	0.646191
235.535	0.645631
235.583	0.651892
235.633	0.637979
235.682	0.649656
235.73	0.650475
235.78	0.64653
235.829	0.645603
235.878	0.647316
235.927	0.646495
235.976	0.652606
236.025	0.644579
236.074	0.652499
236.123	0.645783
236.172	0.649168
236.22	0.653901
236.27	0.638618
236.319	0.651884
236.367	0.652705
236.416	0.651448
236.465	0.647696
236.515	0.639859
236.564	0.656028
236.612	0.650641
236.662	0.646357
236.71	0.653265
236.759	0.650295
236.808	0.651553
236.857	0.650797
236.907	0.644056
236.956	0.651497
237.004	0.65139
237.054	0.646923
237.102	0.653042
237.151	0.649688
237.2	0.657234
237.249	0.645922
237.298	0.653118
237.347	0.658048
237.396	0.649548
237.445	0.651301
237.494	0.648546
237.544	0.648067
237.593	0.649849
237.642	0.650717
237.691	0.652957
237.74	0.654245
237.789	0.647443
237.837	0.665172
237.886	0.650397
237.936	0.643186
237.985	0.658186
238.033	0.660419
238.082	0.645242
238.131	0.65449
238.18	0.649813
238.23	0.645653
238.279	0.650878
238.328	0.646704
238.377	0.655565
238.426	0.651545
238.475	0.65886
238.524	0.651428
238.573	0.650127
238.622	0.654514
238.671	0.655952
238.721	0.648076
238.769	0.66076
238.819	0.650287
238.867	0.656097
238.916	0.658758
238.966	0.644591
239.015	0.660725
239.063	0.66182
239.113	0.654625
239.161	0.662359
239.211	0.649246
239.26	0.660171
239.309	0.659346
239.358	0.657151
239.407	0.651202
239.455	0.671775
239.504	0.656385
239.553	0.66124
239.602	0.652423
239.651	0.663528
239.701	0.649601
239.749	0.668288
239.798	0.652295
239.847	0.660298
239.895	0.666739
239.945	0.655237
239.993	0.664632
240.042	0.662148
240.091	0.659091
240.14	0.654131
240.189	0.651273
240.238	0.669102
240.287	0.65536
240.336	0.651774
240.384	0.673335
240.434	0.653011
240.483	0.656733
240.531	0.671284
240.58	0.657416
240.628	0.661011
240.677	0.664541
240.726	0.649749
240.775	0.662236
240.823	0.670944
240.872	0.649812
240.921	0.666035
240.97	0.651747
241.019	0.657874
241.068	0.661178
241.117	0.655325
241.165	0.664696
241.214	0.659696
241.263	0.66295
241.312	0.647744
241.361	0.657043
241.41	0.660958
241.459	0.658923
241.507	0.663683
241.556	0.659299
241.605	0.654003
241.654	0.659247
241.703	0.661844
241.753	0.646401
241.801	0.662646
241.85	0.662134
241.899	0.655218
241.947	0.668011
241.997	0.652416
242.045	0.663284
242.095	0.654858
242.144	0.658246
242.193	0.658616
242.241	0.663623
242.29	0.657706
242.339	0.6689
242.388	0.653143
242.437	0.664557
242.486	0.655963
242.535	0.660294
242.584	0.656796
242.633	0.664899
242.682	0.657063
242.731	0.665392
242.78	0.667263
242.829	0.650885
242.879	0.66083
242.927	0.670997
242.976	0.652884
243.026	0.658789
243.074	0.667382
243.123	0.660359
243.172	0.666079
243.221	0.659732
243.27	0.672349
243.319	0.655954
243.368	0.670171
243.417	0.661944
243.466	0.666257
243.514	0.668891
243.563	0.669292
243.612	0.664601
243.662	0.655479
243.71	0.670616
243.759	0.664984
243.808	0.669507
243.857	0.659787
243.906	0.669445
243.955	0.672441
244.004	0.662672
244.052	0.671895
244.101	0.66624
244.151	0.658235
244.199	0.672289
244.247	0.673898
244.296	0.665158
244.345	0.666976
244.394	0.671075
244.443	0.656162
244.492	0.673455
244.54	0.673119
244.589	0.669936
244.639	0.652511
244.688	0.666303
244.736	0.670566
244.784	0.678237
244.833	0.671261
244.882	0.664367
244.931	0.666106
244.98	0.671355
245.029	0.659708
245.078	0.660483
245.127	0.675359
245.175	0.673715
245.224	0.66906
245.273	0.669476
245.322	0.668145
245.37	0.669103
245.42	0.664813
245.468	0.667058
245.517	0.671486
245.566	0.66317
245.615	0.671871
245.664	0.66591
245.713	0.672233
245.762	0.664478
245.81	0.677752
245.859	0.672734
245.908	0.667379
245.957	0.660273
246.005	0.678422
246.054	0.668391
246.103	0.677312
246.152	0.664569
246.2	0.673023
246.25	0.659419
246.299	0.668396
246.347	0.672865
246.396	0.671105
246.445	0.663642
246.495	0.665418
246.543	0.679248
246.592	0.659721
246.641	0.677603
246.69	0.668164
246.738	0.675395
246.787	0.663264
246.837	0.664446
246.885	0.672994
246.934	0.671544
246.983	0.669928
247.031	0.68509
247.081	0.656349
247.13	0.664937
247.178	0.680041
247.227	0.668826
247.276	0.672211
247.325	0.661387
247.374	0.670382
247.423	0.668368
247.472	0.669324
247.521	0.678542
247.57	0.662487
247.618	0.682087
247.668	0.667304
247.717	0.664403
247.766	0.670734
247.815	0.673619
247.864	0.670684
247.913	0.670367
247.961	0.679363
248.01	0.666238
248.059	0.674622
248.108	0.670857
248.158	0.660782
248.206	0.672985
248.255	0.673789
248.304	0.669272
248.353	0.670249
248.403	0.668601
248.451	0.68472
248.5	0.666478
248.548	0.683644
248.598	0.665228
248.647	0.668596
248.696	0.6699
248.745	0.675129
248.793	0.674954
248.843	0.670671
248.892	0.672596
248.94	0.680754
248.989	0.674357
249.038	0.672733
249.087	0.670438
249.135	0.687699
249.184	0.670561
249.234	0.670335
249.282	0.683447
249.331	0.66877
249.381	0.673391
249.429	0.681039
249.479	0.669699
249.527	0.680743
249.576	0.677235
249.625	0.678677
249.674	0.672837
249.723	0.68011
249.772	0.664145
249.821	0.688692
249.87	0.670546
249.918	0.690241
249.967	0.675179
250.016	0.676788
250.066	0.6668
250.114	0.684787
250.163	0.674387
250.212	0.679519
250.261	0.673054
250.31	0.681232
250.359	0.677347
250.407	0.679977
250.457	0.674104
250.505	0.682122
250.554	0.678752
250.603	0.674865
250.652	0.674865
250.701	0.689864
250.75	0.669254
250.799	0.674274
250.848	0.676473
250.897	0.680545
250.946	0.676413
250.995	0.677736
251.044	0.675311
251.093	0.67504
251.142	0.679637
251.191	0.677649
251.24	0.6839
251.289	0.670537
251.338	0.681157
251.387	0.676412
251.436	0.682839
251.486	0.671159
251.534	0.680616
251.583	0.685765
251.632	0.678267
251.681	0.681679
251.73	0.682979
251.779	0.673071
251.828	0.683833
251.877	0.675507
251.925	0.694499
251.975	0.6724
252.023	0.687178
252.072	0.68918
252.121	0.677295
252.17	0.683404
252.219	0.682164
252.268	0.685386
252.316	0.685715
252.365	0.688065
252.414	0.676702
252.463	0.68611
252.512	0.685079
252.56	0.695627
252.609	0.684703
252.658	0.689677
252.706	0.691986
252.755	0.683868
252.803	0.693799
252.852	0.68446
252.901	0.686795
252.95	0.688665
252.999	0.681845
253.047	0.699509
253.095	0.691582
253.145	0.680429
253.193	0.694055
253.241	0.694418
253.29	0.682331
253.339	0.688615
253.388	0.691576
253.436	0.697063
253.485	0.684928
253.533	0.68917
253.581	0.6995
253.631	0.677651
253.679	0.692298
253.727	0.692202
253.776	0.683626
253.825	0.689388
253.873	0.694654
253.922	0.693742
253.971	0.684729
254.019	0.687134
254.068	0.692441
254.117	0.684894
254.165	0.686717
254.214	0.68525
254.263	0.688683
254.311	0.692429
254.36	0.685584
254.408	0.695588
254.457	0.681429
254.506	0.691801
254.555	0.684966
254.603	0.691579
254.652	0.686383
254.701	0.685009
254.75	0.68212
254.798	0.691237
254.846	0.692197
254.895	0.687777
254.943	0.692044
254.992	0.684456
255.041	0.682756
255.09	0.693068
255.139	0.683475
255.188	0.683994
255.236	0.688312
255.285	0.692536
255.334	0.684531
255.383	0.684558
255.432	0.68033
255.48	0.693076
255.529	0.688281
255.578	0.685167
255.626	0.689325
255.676	0.678507
255.724	0.697501
255.773	0.688423
255.822	0.677127
255.871	0.681039
255.919	0.698754
255.969	0.680237
256.017	0.68646
256.066	0.686112
256.115	0.691534
256.164	0.682793
256.213	0.6897
256.262	0.686544
256.311	0.688109
256.36	0.685734
256.408	0.691563
256.457	0.680573
256.506	0.694528
256.556	0.672291
256.604	0.687516
256.653	0.696924
256.702	0.674477
256.751	0.692004
256.8	0.687364
256.849	0.683606
256.897	0.69536
256.947	0.678159
256.996	0.692977
257.046	0.67399
257.094	0.695223
257.143	0.684385
257.192	0.682215
257.241	0.690289
257.29	0.684565
257.339	0.686476
257.388	0.687699
257.437	0.693073
257.486	0.687013
257.535	0.684825
257.584	0.684243
257.633	0.690923
257.683	0.682752
257.732	0.686599
257.781	0.686737
257.83	0.685134
257.879	0.688795
257.928	0.692214
257.977	0.683454
258.026	0.689591
258.075	0.687835
258.124	0.695837
258.174	0.676791
258.223	0.688855
258.271	0.694377
258.321	0.685312
258.37	0.690371
258.418	0.704406
258.468	0.676155
258.517	0.696838
258.566	0.686207
258.615	0.68502
258.664	0.701785
258.713	0.691984
258.762	0.691098
258.811	0.687046
258.86	0.694866
258.909	0.696331
258.958	0.690406
259.007	0.695532
259.056	0.695182
259.106	0.690654
259.154	0.702161
259.204	0.686894
259.253	0.698307
259.301	0.698358
259.351	0.684449
259.399	0.708984
259.449	0.684557
259.497	0.704009
259.547	0.693722
259.597	0.682168
259.645	0.706899
259.694	0.695956
259.743	0.695372
259.792	0.701516
259.842	0.682884
259.89	0.706152
259.94	0.680076
259.988	0.703956
260.037	0.699738
260.086	0.692506
260.136	0.688706
260.184	0.710957
260.233	0.68903
260.283	0.687282
260.332	0.699208
260.381	0.692256
260.43	0.698976
260.479	0.701232
260.528	0.694964
260.577	0.688433
260.626	0.70374
260.675	0.69017
260.724	0.700018
260.773	0.698899
260.822	0.697899
260.872	0.68943
260.921	0.69813
260.97	0.689694
261.019	0.700043
261.068	0.703198
261.117	0.698116
261.166	0.693487
261.215	0.707818
261.265	0.685912
261.313	0.7081
261.363	0.690819
261.411	0.710856
261.46	0.69987
261.509	0.706322
261.558	0.696072
261.607	0.697158
261.656	0.702005
261.705	0.698139
261.754	0.711772
261.803	0.69722
261.852	0.702424
261.901	0.70105
261.949	0.713327
261.998	0.701594
262.046	0.711341
262.096	0.69621
262.145	0.70236
262.193	0.709986
262.242	0.71259
262.29	0.706816
262.339	0.706338
262.387	0.718771
262.436	0.695039
262.486	0.70061
262.533	0.72169
262.582	0.703676
262.631	0.706787
262.68	0.706865
262.728	0.710102
262.777	0.710549
262.825	0.720039
262.874	0.704069
262.923	0.700874
262.971	0.710737
263.02	0.706083
263.068	0.715497
263.117	0.702346
263.166	0.714918
263.214	0.713514
263.262	0.716704
263.31	0.712972
263.359	0.705675
263.407	0.709617
263.456	0.712939
263.504	0.715316
263.553	0.701433
263.601	0.713603
263.65	0.709501
263.699	0.700108
263.748	0.707628
263.796	0.715755
263.844	0.705355
263.893	0.7074
263.941	0.710157
263.99	0.709304
264.038	0.716217
264.087	0.69956
264.135	0.715761
264.184	0.697425
264.233	0.700785
264.282	0.710609
264.33	0.712817
264.379	0.706874
264.427	0.703905
264.476	0.703091
264.525	0.703708
264.573	0.713396
264.622	0.707908
264.671	0.699863
264.719	0.703761
264.767	0.717604
264.816	0.69732
264.865	0.713477
264.914	0.700589
264.962	0.707629
265.011	0.706149
265.059	0.703032
265.109	0.698886
265.157	0.711425
265.205	0.709838
265.254	0.699349
265.303	0.702634
265.352	0.70207
265.401	0.706173
265.45	0.696076
265.498	0.70703
265.547	0.703968
265.596	0.707513
265.644	0.715638
265.693	0.699472
265.741	0.707845
265.79	0.703526
265.839	0.698989
265.889	0.692674
265.937	0.717509
265.985	0.711314
266.035	0.69288
266.083	0.713545
266.132	0.702271
266.18	0.712858
266.229	0.711097
266.278	0.694988
266.327	0.705391
266.376	0.70376
266.424	0.717271
266.473	0.708423
266.522	0.701884
266.571	0.705865
266.62	0.704903
266.668	0.713187
266.717	0.70843
266.765	0.717894
266.813	0.711102
266.862	0.707
266.911	0.713656
266.96	0.698004
267.008	0.718016
267.057	0.704232
267.106	0.711467
267.154	0.720234
267.203	0.70316
267.251	0.723151
267.299	0.70925
267.348	0.705183
267.397	0.714569
267.446	0.710203
267.494	0.712089
267.542	0.720759
267.592	0.691695
267.64	0.719156
267.689	0.712893
267.737	0.708265
267.786	0.711411
267.833	0.727123
267.883	0.704298
267.932	0.705167
267.98	0.716515
268.028	0.716334
268.077	0.710454
268.125	0.716374
268.174	0.708309
268.222	0.713679
268.271	0.705574
268.32	0.7136
268.368	0.720969
268.416	0.714386
268.465	0.703801
268.514	0.713415
268.562	0.708321
268.61	0.720631
268.659	0.707898
268.708	0.716421
268.756	0.720158
268.805	0.702896
268.853	0.71284
268.903	0.70176
268.95	0.723383
268.999	0.705019
269.047	0.723853
269.097	0.69819
269.145	0.719131
269.194	0.713974
269.242	0.710256
269.29	0.724968
269.34	0.695761
269.388	0.721771
269.437	0.707842
269.485	0.716457
269.534	0.704505
269.583	0.714523
269.632	0.709784
269.68	0.714691
269.729	0.711089
269.778	0.708479
269.827	0.713524
269.875	0.720476
269.924	0.712266
269.972	0.7177
270.021	0.706127
270.071	0.705818
270.119	0.709942
270.168	0.718594
270.217	0.711479
270.265	0.717174
270.315	0.701041
270.363	0.719133
270.412	0.71041
270.461	0.707923
270.509	0.718584
270.558	0.714153
270.607	0.70638
270.656	0.709657
270.706	0.707116
270.753	0.72596
270.803	0.702797
270.852	0.714647
270.901	0.706795
270.949	0.719114
270.999	0.701809
271.048	0.710074
271.097	0.715918
271.145	0.729052
271.194	0.704501
271.243	0.716506
271.292	0.709801
271.34	0.724241
271.39	0.711569
271.439	0.702345
271.488	0.72181
271.537	0.715061
271.585	0.719458
271.634	0.718494
271.683	0.718561
271.732	0.717154
271.781	0.714113
271.829	0.723018
271.878	0.723126
271.927	0.71146
271.975	0.728522
272.024	0.710803
272.073	0.71399
272.122	0.722976
272.171	0.716847
272.219	0.722833
272.268	0.722986
272.317	0.71992
272.365	0.729085
272.414	0.712873
272.462	0.725963
272.512	0.713581
272.559	0.735841
272.608	0.714467
272.657	0.717807
272.706	0.726531
272.755	0.708925
272.803	0.730164
272.852	0.725894
272.9	0.72396
272.949	0.713859
272.998	0.721072
273.046	0.732174
273.094	0.726675
273.143	0.723588
273.192	0.722444
273.241	0.717268
273.289	0.729727
273.338	0.711946
273.387	0.717866
273.435	0.725106
273.484	0.727407
273.533	0.714908
273.58	0.73372
273.629	0.720234
273.678	0.720843
273.727	0.72152
273.775	0.723783
273.824	0.71324
273.873	0.723275
273.922	0.71112
273.971	0.72056
274.019	0.730694
274.068	0.718727
274.117	0.717115
274.165	0.728305
274.214	0.722908
274.263	0.707176
274.311	0.73083
274.361	0.712487
274.41	0.718417
274.458	0.735169
274.507	0.718086
274.556	0.718013
274.604	0.722354
274.653	0.721168
274.701	0.728692
274.75	0.720829
274.799	0.714309
274.848	0.728358
274.896	0.72598
274.945	0.724453
274.994	0.712046
275.043	0.727465
275.091	0.725355
275.141	0.711897
275.189	0.726128
275.238	0.728559
275.287	0.724362
275.336	0.71755
275.385	0.719026
275.434	0.71376
275.483	0.728508
275.531	0.724958
275.581	0.718638
275.629	0.72515
275.678	0.718039
275.727	0.725215
275.776	0.725622
275.825	0.721937
275.873	0.72856
275.923	0.713698
275.971	0.728801
276.02	0.719729
276.069	0.724991
276.119	0.715676
276.167	0.724951
276.216	0.722052
276.265	0.728049
276.314	0.720664
276.363	0.728116
276.411	0.737386
276.461	0.713216
276.51	0.717317
276.559	0.726981
276.607	0.738042
276.655	0.729458
276.705	0.714951
276.755	0.715505
276.803	0.733788
276.852	0.725599
276.901	0.722217
276.95	0.725188
276.999	0.721222
277.048	0.729483
277.098	0.716162
277.146	0.728211
277.195	0.723959
277.244	0.731709
277.293	0.731089
277.342	0.72001
277.391	0.724184
277.44	0.724903
277.49	0.719641
277.538	0.734794
277.588	0.719928
277.636	0.73322
277.685	0.733441
277.734	0.723128
277.783	0.72141
277.833	0.719302
277.881	0.732845
277.93	0.736043
277.98	0.713397
278.028	0.739324
278.077	0.720261
278.126	0.734521
278.175	0.726083
278.224	0.733422
278.273	0.718137
278.322	0.732818
278.371	0.734155
278.42	0.727195
278.469	0.732436
278.518	0.727831
278.566	0.737557
278.616	0.722125
278.665	0.72912
278.713	0.735913
278.762	0.738371
278.811	0.727542
278.859	0.738087
278.908	0.735164
278.957	0.735756
279.006	0.727217
279.054	0.740142
279.103	0.733068
279.152	0.731649
279.2	0.740928
279.249	0.734387
279.298	0.732917
279.347	0.731916
279.395	0.734961
279.444	0.735688
279.493	0.735815
279.542	0.734528
279.59	0.736871
279.639	0.734416
279.688	0.734351
279.736	0.735811
279.785	0.742107
279.834	0.724135
279.883	0.738989
279.932	0.728413
279.981	0.736548
280.029	0.74141
280.077	0.740272
280.126	0.729048
280.176	0.729346
280.224	0.738202
280.273	0.737122
280.322	0.730177
280.371	0.730117
280.419	0.738353
280.468	0.739721
280.517	0.729874
280.566	0.731986
280.614	0.738682
280.663	0.732692
280.712	0.729982
280.761	0.732158
280.809	0.743087
280.859	0.726378
280.907	0.734646
280.956	0.742028
281.005	0.731054
281.054	0.732236
281.102	0.733818
281.151	0.732447
281.201	0.727685
281.249	0.74017
281.298	0.733726
281.347	0.73129
281.395	0.740262
281.445	0.723167
281.493	0.742972
281.543	0.724364
281.592	0.73049
281.64	0.747171
281.69	0.721621
281.738	0.74519
281.787	0.723082
281.836	0.732806
281.886	0.728054
281.934	0.748945
281.983	0.731432
282.031	0.73765
282.08	0.735309
282.13	0.728825
282.178	0.738564
282.227	0.73446
282.276	0.735727
282.325	0.741609
282.374	0.728875
282.422	0.741057
282.472	0.719606
282.52	0.750833
282.57	0.730776
282.618	0.738494
282.667	0.743086
282.716	0.73675
282.764	0.741172
282.814	0.734031
282.862	0.739336
282.911	0.740094
282.96	0.740057
283.008	0.744221
283.058	0.728242
283.107	0.737716
283.155	0.749422
283.204	0.735327
283.252	0.749569
283.301	0.740108
283.35	0.734609
283.398	0.746413
283.447	0.73821
283.496	0.742156
283.545	0.743316
283.594	0.736966
283.642	0.757338
283.69	0.743203
283.739	0.733986
283.788	0.742028
283.837	0.745075
283.886	0.735334
283.935	0.739548
283.982	0.756076
284.031	0.746823
284.081	0.726777
284.128	0.756768
284.177	0.745926
284.226	0.743755
284.275	0.733955
284.323	0.752254
284.372	0.740625
284.421	0.74067
284.469	0.746563
284.517	0.751164
284.566	0.738443
284.615	0.744537
284.663	0.745183
284.712	0.741502
284.761	0.741953
284.81	0.74037
284.859	0.743932
284.907	0.755416
284.956	0.736283
285.004	0.750994