90.0306	0.17769
90.0633	0.176219
90.0962	0.175923
90.1291	0.176648
90.1614	0.180135
90.1944	0.176896
90.2278	0.174938
90.261	0.179943
90.2941	0.178875
90.3278	0.17628
90.3604	0.182449
90.3939	0.177082
90.4273	0.177432
90.46	0.180495
90.4937	0.175177
90.5276	0.17267
90.5611	0.174364
90.5948	0.176287
90.6283	0.178723
90.6616	0.181863
90.6956	0.179657
90.7299	0.177725
90.7636	0.179443
90.7976	0.178462
90.8321	0.174963
90.8664	0.176569
90.8995	0.184191
90.9336	0.179402
90.9679	0.174563
91.0026	0.170714
91.0364	0.17561
91.0705	0.175287
91.106	0.170832
91.1395	0.191294
91.1742	0.186638
91.2091	0.189577
91.2435	0.190039
91.2785	0.185488
91.3129	0.188118
91.3473	0.187686
91.3818	0.186365
91.417	0.180091
91.4524	0.175654
91.4869	0.178644
91.5222	0.1773
91.557	0.187647
91.592	0.194053
91.6271	0.195779
91.6619	0.196409
91.6975	0.190059
91.7334	0.185859
91.7684	0.189625
91.8035	0.188959
91.8387	0.188425
91.8743	0.180239
91.9098	0.179501
91.9457	0.177389
91.9809	0.185182
92.0168	0.19395
92.052	0.202002
92.0876	0.201631
92.1233	0.199002
92.1593	0.192832
92.1957	0.188589
92.2313	0.192457
92.2672	0.189996
92.3028	0.191294
92.339	0.18329
92.3753	0.182555
92.411	0.185838
92.4475	0.186418
92.4832	0.19295
92.5204	0.189877
92.5561	0.201745
92.5926	0.198989
92.6289	0.198896
92.6648	0.197521
92.7017	0.192319
92.738	0.195792
92.7743	0.193782
92.811	0.186864
92.8479	0.183767
92.8843	0.187582
92.9207	0.192799
92.9577	0.194504
92.9946	0.194819
93.0314	0.196688
93.0678	0.203537
93.1049	0.202084
93.1426	0.197861
93.1791	0.203368
93.2162	0.19763
93.2534	0.193302
93.2905	0.189635
93.328	0.185938
93.3652	0.188647
93.4023	0.195466
93.4396	0.197499
93.477	0.198588
93.5138	0.201874
93.5515	0.197189
93.5888	0.20086
93.6267	0.199697
93.6641	0.202755
93.7017	0.200864
93.739	0.20157
93.7769	0.19541
93.8139	0.196584
93.852	0.189448
93.8898	0.193421
93.9274	0.199928
93.965	0.203846
94.0029	0.204199
94.0405	0.205961
94.0786	0.204356
94.1163	0.207164
94.1544	0.207261
94.1924	0.20773
94.2304	0.208323
94.2681	0.208282
94.3065	0.200682
94.3444	0.199943
94.3826	0.195963
94.4203	0.200105
94.4589	0.198286
94.4972	0.20333
94.5354	0.206147
94.5737	0.205065
94.6111	0.211117
94.6501	0.204566
94.6877	0.212621
94.7266	0.206938
94.7652	0.208743
94.8035	0.208428
94.8417	0.203332
94.8804	0.198245
94.9186	0.201116
94.957	0.203089
94.9958	0.203962
95.0342	0.209065
95.0724	0.211807
95.1114	0.208034
95.1503	0.208345
95.1891	0.212172
95.2276	0.215022
95.2668	0.211919
95.3049	0.214164
95.3442	0.201412
95.3834	0.197468
95.4213	0.205339
95.4602	0.203056
95.4988	0.208247
95.5382	0.208675
95.5774	0.210634
95.6163	0.212906
95.6555	0.211065
95.6946	0.212916
95.7342	0.213776
95.7735	0.214846
95.8122	0.214501
95.8512	0.208716
95.891	0.200524
95.9294	0.206063
95.9688	0.202046
96.0087	0.201437
96.0474	0.210695
96.0867	0.210098
96.1265	0.21305
96.1659	0.216138
96.2053	0.216345
96.2448	0.217991
96.2852	0.21423
96.324	0.225057
96.3639	0.214308
96.4031	0.210706
96.4428	0.205639
96.4826	0.206109
96.5225	0.20883
96.5622	0.212515
96.6017	0.216019
96.6425	0.210838
96.6819	0.219994
96.7222	0.215363
96.7616	0.220133
96.8021	0.214842
96.8418	0.221698
96.8824	0.219762
96.9225	0.221637
96.9623	0.218973
97.0026	0.21279
97.042	0.215872
97.0823	0.212131
97.1227	0.210968
97.1626	0.21704
97.2031	0.215507
97.2437	0.218818
97.2834	0.224228
97.3239	0.219967
97.3642	0.220993
97.4046	0.21979
97.4449	0.220085
97.4851	0.220428
97.5255	0.218409
97.5657	0.219903
97.6064	0.215068
97.6471	0.215447
97.6877	0.216537
97.7282	0.218263
97.7687	0.220545
97.8095	0.220189
97.8505	0.221643
97.8909	0.226266
97.9317	0.224432
97.9721	0.226586
98.0129	0.225127
98.0531	0.228199
98.0939	0.224828
98.1354	0.217618
98.176	0.223038
98.2169	0.223999
98.2575	0.227571
98.2982	0.225361
98.3392	0.223843
98.3801	0.224276
98.4217	0.220566
98.4619	0.227975
98.5032	0.221942
98.5443	0.221135
98.5853	0.220012
98.6265	0.218211
98.6675	0.222955
98.7083	0.227941
98.7495	0.230137
98.7914	0.229313
98.8324	0.233856
98.8729	0.234655
98.9143	0.229504
98.9554	0.230475
98.9965	0.229059
99.0379	0.226484
99.0795	0.225433
99.1209	0.222936
99.1618	0.224685
99.204	0.215739
99.245	0.226532
99.2862	0.230664
99.3278	0.232255
99.3689	0.238136
99.4108	0.231576
99.4519	0.233342
99.4936	0.228354
99.5348	0.23156
99.5767	0.228017
99.6186	0.22804
99.66	0.23072
99.702	0.227522
99.7433	0.228592
99.7849	0.224368
99.8266	0.226599
99.8685	0.23242
99.9103	0.235787
99.9517	0.237381
99.9935	0.233891
100.035	0.233182
100.077	0.230809
100.118	0.232847
100.161	0.229192
100.202	0.2346
100.243	0.232328
100.285	0.227547
100.327	0.226477
100.369	0.22469
100.411	0.231526
100.453	0.234799
100.495	0.23849
100.537	0.234035
100.578	0.239226
100.62	0.234388
100.662	0.23234
100.704	0.231668
100.746	0.232084
100.788	0.228258
100.83	0.228322
100.872	0.225705
100.914	0.225501
100.955	0.230479
100.997	0.23491
101.04	0.232586
101.082	0.23398
101.124	0.239508
101.166	0.240207
101.208	0.237608
101.25	0.240156
101.292	0.232595
101.335	0.231275
101.376	0.23197
101.418	0.23068
101.461	0.227717
101.503	0.232185
101.545	0.230923
101.587	0.23571
101.63	0.239733
101.671	0.241875
101.714	0.237462
101.757	0.237415
101.799	0.242099
101.841	0.243013
101.884	0.236577
101.926	0.238282
101.969	0.23373
102.011	0.233064
102.053	0.233869
102.096	0.232989
102.139	0.236186
102.181	0.237842
102.223	0.242283
102.266	0.238801
102.309	0.235192
102.352	0.241829
102.394	0.241145
102.437	0.236929
102.479	0.241827
102.522	0.24167
102.564	0.239322
102.608	0.238628
102.65	0.239508
102.693	0.241645
102.736	0.238531
102.778	0.242484
102.821	0.242994
102.864	0.240083
102.907	0.240589
102.95	0.239613
102.992	0.24087
103.035	0.237418
103.078	0.240933
103.121	0.237279
103.164	0.235325
103.207	0.240166
103.251	0.236984
103.293	0.246858
103.336	0.245526
103.379	0.237688
103.422	0.23929
103.465	0.243091
103.508	0.241634
103.551	0.239126
103.594	0.241431
103.638	0.240833
103.681	0.241572
103.724	0.242922
103.767	0.236008
103.81	0.2403
103.853	0.242744
103.897	0.244417
103.939	0.251412
103.983	0.244619
104.026	0.244338
104.069	0.248231
104.113	0.24741
104.156	0.247271
104.199	0.246201
104.242	0.2474
104.285	0.246633
104.329	0.241427
104.373	0.246792
104.416	0.243094
104.459	0.24175
104.502	0.244586
104.546	0.245812
104.589	0.252053
104.632	0.250093
104.676	0.24682
104.72	0.244739
104.763	0.250367
104.807	0.243338
104.85	0.249947
104.893	0.244752
104.937	0.245224
104.98	0.24269
105.024	0.245508
105.067	0.247662
105.111	0.2478
105.155	0.25415
105.198	0.256187
105.243	0.251337
105.286	0.253852
105.33	0.25376
105.373	0.248463
105.417	0.249086
105.461	0.241489
105.505	0.240256
105.549	0.240376
105.592	0.252105
105.636	0.250047
105.68	0.253209
105.723	0.261274
105.768	0.255609
105.811	0.262277
105.855	0.2572
105.898	0.257143
105.943	0.248399
105.986	0.25449
106.03	0.248455
106.074	0.250224
106.118	0.250351
106.162	0.255727
106.205	0.256004
106.25	0.250923
106.294	0.256157
106.337	0.258864
106.381	0.261655
106.425	0.258593
106.469	0.254667
106.513	0.25122
106.557	0.249965
106.601	0.251664
106.645	0.250005
106.689	0.25106
106.733	0.251366
106.777	0.257125
106.82	0.260642
106.865	0.25274
106.909	0.260464
106.952	0.264042
106.997	0.259686
107.041	0.26713
107.085	0.260813
107.129	0.25717
107.172	0.258564
107.217	0.252366
107.261	0.256888
107.305	0.255703
107.349	0.259167
107.393	0.261471
107.438	0.261008
107.482	0.264709
107.526	0.2588
107.57	0.270075
107.615	0.265684
107.658	0.269607
107.702	0.26571
107.747	0.258234
107.791	0.264374
107.836	0.26066
107.88	0.263927
107.924	0.264387
107.968	0.267675
108.012	0.269661
108.056	0.266407
108.101	0.26624
108.145	0.268876
108.19	0.268158
108.234	0.267202
108.279	0.263738
108.322	0.265408
108.367	0.260747
108.411	0.260335
108.456	0.258834
108.5	0.266473
108.546	0.2588
108.589	0.26971
108.634	0.261959
108.678	0.268558
108.723	0.26683
108.767	0.26762
108.812	0.268568
108.856	0.270216
108.901	0.2641
108.946	0.267922
108.99	0.269792
109.035	0.266084
109.079	0.271409
109.124	0.265065
109.168	0.268937
109.213	0.268874
109.258	0.266522
109.303	0.267776
109.347	0.27047
109.391	0.269718
109.436	0.269523
109.481	0.267635
109.525	0.272132
109.57	0.27337
109.615	0.269004
109.659	0.277501
109.704	0.272379
109.749	0.272579
109.793	0.27757
109.838	0.272712
109.882	0.279173
109.928	0.273938
109.972	0.277204
110.017	0.277066
110.062	0.273989
110.107	0.274264
110.152	0.270799
110.196	0.27936
110.241	0.276188
110.286	0.280111
110.331	0.278366
110.376	0.277646
110.42	0.281017
110.465	0.281117
110.51	0.275515
110.555	0.277489
110.6	0.273795
110.644	0.280642
110.69	0.272145
110.735	0.276535
110.78	0.279961
110.824	0.283512
110.87	0.281531
110.914	0.287399
110.959	0.284972
111.004	0.284081
111.049	0.278961
111.095	0.27987
111.139	0.282985
111.185	0.27205
111.23	0.276323
111.274	0.28045
111.32	0.275874
111.365	0.280457
111.41	0.281109
111.455	0.283109
111.5	0.289175
111.546	0.284908
111.591	0.28627
111.635	0.287258
111.681	0.277513
111.726	0.27646
111.771	0.280665
111.816	0.275095
111.861	0.277667
111.906	0.281274
111.952	0.279932
111.997	0.280472
112.042	0.28095
112.087	0.284941
112.132	0.288567
112.177	0.286054
112.222	0.282346
112.268	0.278638
112.313	0.282644
112.358	0.282836
112.403	0.28527
112.448	0.283491
112.494	0.285303
112.539	0.285948
112.584	0.288249
112.63	0.285995
112.675	0.289325
112.72	0.291797
112.765	0.287897
112.81	0.288473
112.856	0.283834
112.901	0.292189
112.946	0.28538
112.992	0.283196
113.037	0.28611
113.083	0.283676
113.128	0.288214
113.173	0.281738
113.219	0.284968
113.264	0.284552
113.309	0.28158
113.354	0.289709
113.4	0.288674
113.445	0.288547
113.49	0.299999
113.536	0.286112
113.582	0.288401
113.627	0.293313
113.672	0.28874
113.718	0.291284
113.763	0.286154
113.808	0.291916
113.854	0.286668
113.898	0.292382
113.945	0.283635
113.99	0.292255
114.036	0.285181
114.081	0.298765
114.126	0.295492
114.171	0.296676
114.218	0.287321
114.263	0.291368
114.308	0.293964
114.354	0.28834
114.399	0.28726
114.445	0.286653
114.49	0.289916
114.536	0.288345
114.582	0.294279
114.627	0.294907
114.673	0.293832
114.718	0.300298
114.764	0.301122
114.809	0.300577
114.855	0.297011
114.901	0.29264
114.946	0.293344
114.991	0.294599
115.037	0.294227
115.082	0.293793
115.128	0.297868
115.173	0.300382
115.219	0.295986
115.265	0.298577
115.31	0.308399
115.356	0.306728
115.402	0.305202
115.448	0.308428
115.493	0.3075
115.539	0.296299
115.585	0.296757
115.63	0.298377
115.676	0.298294
115.722	0.301207
115.767	0.304706
115.813	0.303347
115.858	0.304174
115.904	0.302561
115.95	0.308932
115.995	0.307469
116.041	0.307514
116.087	0.305986
116.133	0.302011
116.178	0.303218
116.224	0.295846
116.27	0.293667
116.315	0.299877
116.361	0.30253
116.406	0.303207
116.452	0.303037
116.498	0.302027
116.544	0.301463
116.59	0.307125
116.635	0.310048
116.681	0.308446
116.727	0.300716
116.773	0.300362
116.818	0.303084
116.864	0.302458
116.909	0.30681
116.956	0.298139
117.001	0.307704
117.047	0.309103
117.093	0.308069
117.139	0.301708
117.185	0.311764
117.23	0.315354
117.277	0.313341
117.322	0.310694
117.368	0.305361
117.414	0.301861
117.46	0.299288
117.506	0.30484
117.552	0.303292
117.598	0.305836
117.644	0.308648
117.69	0.307096
117.736	0.309558
117.782	0.309512
117.827	0.310602
117.874	0.309116
117.919	0.316531
117.965	0.315311
118.011	0.310059
118.057	0.307999
118.103	0.308214
118.149	0.304748
118.195	0.308003
118.241	0.315129
118.287	0.312278
118.333	0.310197
118.379	0.308135
118.424	0.315122
118.47	0.309907
118.517	0.306881
118.563	0.308641
118.609	0.310771
118.654	0.31628
118.701	0.307171
118.746	0.309785
118.793	0.308669
118.839	0.305597
118.884	0.316763
118.93	0.309957
118.976	0.313763
119.023	0.306628
119.069	0.310897
119.115	0.31277
119.161	0.312803
119.207	0.310992
119.253	0.312094
119.299	0.309792
119.345	0.310623
119.391	0.31398
119.437	0.312597
119.483	0.313702
119.53	0.310106
119.576	0.312064
119.622	0.312046
119.667	0.317009
119.714	0.306756
119.76	0.316187
119.806	0.312908
119.852	0.311946
119.898	0.312944
119.944	0.314255
119.99	0.311136
120.036	0.317905
120.083	0.310611
120.129	0.318416
120.175	0.315011
120.222	0.312075
120.268	0.312363
120.314	0.321871
120.36	0.313326
120.406	0.320739
120.452	0.317015
120.498	0.3173
120.545	0.313064
120.591	0.316303
120.638	0.313763
120.683	0.32481
120.73	0.320983
120.776	0.321978
120.822	0.318444
120.868	0.32099
120.914	0.319574
120.961	0.319316
121.007	0.316831
121.054	0.315294
121.1	0.315481
121.146	0.319779
121.192	0.314734
121.238	0.316441
121.285	0.317011
121.33	0.323829
121.378	0.312648
121.423	0.327129
121.47	0.318616
121.516	0.321341
121.562	0.31675
121.609	0.320736
121.655	0.317148
121.701	0.324609
121.748	0.317274
121.794	0.31705
121.841	0.314236
121.887	0.324562
121.933	0.319466
121.979	0.319959
122.025	0.322724
122.072	0.319012
122.118	0.327172
122.165	0.323595
122.21	0.328131
122.258	0.318871
122.304	0.324046
122.35	0.324256
122.397	0.323285
122.443	0.327885
122.49	0.322212
122.536	0.322191
122.582	0.327053
122.629	0.321635
122.675	0.324831
122.721	0.330026
122.767	0.323752
122.814	0.324272
122.86	0.327867
122.907	0.328283
122.953	0.331411
122.999	0.327072
123.046	0.330851
123.092	0.326452
123.139	0.326185
123.185	0.329296
123.232	0.329733
123.278	0.330943
123.325	0.331497
123.371	0.328125
123.418	0.32538
123.464	0.329461
123.511	0.321773
123.558	0.323064
123.605	0.331776
123.651	0.330074
123.698	0.326498
123.744	0.32695
123.791	0.328366
123.837	0.327221
123.884	0.330836
123.93	0.335294
123.977	0.332995
124.024	0.335028
124.07	0.336968
124.116	0.333409
124.164	0.330228
124.21	0.333855
124.256	0.336953
124.303	0.327354
124.35	0.334143
124.396	0.331463
124.443	0.333151
124.489	0.335877
124.536	0.333709
124.583	0.333005
124.629	0.341136
124.675	0.343382
124.722	0.337882
124.77	0.331542
124.816	0.340896
124.863	0.334079
124.909	0.336983
124.956	0.335569
125.003	0.33524
125.049	0.33765
125.096	0.335694
125.143	0.338619
125.189	0.337087
125.236	0.344575
125.282	0.343204
125.33	0.340666
125.376	0.342601
125.423	0.344019
125.47	0.338287
125.516	0.34202
125.563	0.33597
125.61	0.341397
125.657	0.338296
125.704	0.334025
125.75	0.33628
125.797	0.33668
125.844	0.340461
125.89	0.348311
125.937	0.341856
125.984	0.348921
126.03	0.350905
126.078	0.336786
126.124	0.350024
126.171	0.340845
126.219	0.338943
126.265	0.343185
126.312	0.343345
126.359	0.344434
126.406	0.343211
126.453	0.343111
126.499	0.347968
126.546	0.351259
126.593	0.347961
126.64	0.353658
126.687	0.353072
126.733	0.353588
126.78	0.348182
126.827	0.344068
126.874	0.345798
126.921	0.347988
126.968	0.34704
127.015	0.346742
127.062	0.340686
127.109	0.354085
127.155	0.351283
127.203	0.350022
127.249	0.358312
127.296	0.354331
127.343	0.350542
127.39	0.35189
127.437	0.349529
127.483	0.354684
127.53	0.352
127.578	0.341791
127.624	0.355777
127.67	0.353278
127.718	0.348683
127.764	0.356163
127.811	0.355452
127.859	0.347543
127.905	0.358846
127.952	0.354407
127.999	0.350017
128.046	0.346159
128.093	0.353925
128.139	0.346733
128.186	0.347636
128.233	0.349567
128.28	0.348238
128.327	0.345978
128.374	0.346372
128.42	0.354645
128.467	0.348614
128.514	0.351651
128.561	0.353788
128.608	0.347847
128.655	0.351695
128.702	0.343402
128.748	0.349022
128.795	0.342534
128.843	0.340784
128.89	0.342967
128.936	0.348762
128.983	0.346409
129.03	0.342733
129.078	0.34639
129.124	0.350092
129.171	0.350385
129.219	0.344188
129.265	0.357312
129.312	0.34742
129.359	0.350423
129.406	0.347307
129.453	0.352018
129.5	0.348762
129.547	0.348132
129.594	0.346941
129.641	0.349104
129.688	0.352919
129.735	0.350307
129.782	0.346869
129.829	0.350887
129.876	0.351797
129.924	0.350318
129.97	0.357573
130.018	0.351645
130.064	0.35476
130.112	0.349259
130.158	0.358498
130.206	0.35143
130.252	0.362203
130.3	0.352029
130.347	0.355768
130.394	0.358311
130.441	0.359065
130.488	0.354498
130.535	0.356611
130.582	0.356014
130.629	0.360332
130.676	0.36305
130.723	0.355824
130.771	0.358305
130.818	0.360302
130.865	0.358259
130.912	0.359529
130.959	0.361461
131.006	0.361865
131.053	0.364861
131.101	0.356008
131.148	0.372346
131.195	0.371274
131.242	0.365152
131.289	0.370959
131.336	0.366955
131.384	0.363664
131.431	0.363112
131.478	0.361545
131.525	0.35584
131.572	0.359855
131.621	0.353389
131.667	0.369392
131.714	0.361357
131.762	0.362789
131.808	0.371786
131.856	0.362858
131.903	0.367634
131.95	0.371616
131.998	0.367857
132.044	0.370286
132.092	0.365919
132.139	0.361364
132.186	0.366152
132.234	0.363667
132.282	0.363589
132.328	0.371937
132.376	0.36216
132.423	0.376237
132.47	0.373871
132.517	0.375455
132.565	0.371721
132.612	0.370868
132.66	0.371366
132.706	0.378516
132.754	0.36917
132.802	0.366118
132.849	0.369625
132.896	0.371868
132.943	0.374694
132.991	0.369819
133.038	0.376066
133.086	0.373339
133.133	0.380106
133.18	0.378727
133.227	0.376649
133.275	0.371241
133.322	0.375413
133.37	0.369853
133.416	0.374689
133.464	0.369159
133.511	0.372572
133.558	0.373909
133.605	0.374508
133.653	0.367098
133.701	0.368108
133.748	0.370314
133.795	0.377415
133.842	0.379695
133.89	0.369152
133.937	0.377221
133.985	0.366635
134.031	0.3767
134.079	0.365934
134.126	0.373169
134.173	0.367819
134.22	0.372508
134.268	0.366556
134.315	0.375171
134.363	0.36754
134.409	0.37359
134.457	0.367212
134.504	0.375161
134.551	0.373912
134.599	0.367683
134.646	0.365929
134.693	0.373115
134.74	0.371892
134.788	0.371877
134.835	0.370204
134.883	0.375839
134.93	0.371616
134.977	0.376144
135.025	0.372056
135.072	0.37838
135.119	0.370447
135.167	0.375103
135.215	0.373911
135.262	0.379146
135.309	0.381703
135.356	0.380422
135.404	0.379191
135.451	0.377321
135.499	0.384236
135.546	0.381524
135.594	0.381563
135.641	0.383404
135.689	0.377468
135.737	0.379505
135.784	0.381068
135.831	0.386278
135.879	0.380545
135.926	0.379611
135.974	0.38253
136.021	0.381764
136.068	0.380345
136.116	0.380768
136.163	0.377382
136.21	0.387545
136.258	0.375368
136.306	0.380413
136.354	0.380247
136.401	0.386678
136.449	0.379908
136.496	0.394653
136.544	0.381432
136.59	0.391405
136.638	0.383411
136.686	0.377648
136.733	0.383373
136.781	0.374797
136.828	0.387383
136.875	0.381578
136.923	0.380644
136.97	0.38616
137.018	0.382004
137.066	0.380959
137.113	0.390454
137.161	0.383799
137.208	0.389574
137.256	0.387384
137.304	0.380199
137.351	0.387069
137.399	0.383232
137.446	0.383642
137.495	0.376007
137.542	0.389529
137.589	0.384183
137.636	0.389932
137.684	0.382999
137.732	0.38595
137.779	0.391816
137.827	0.390785
137.874	0.384171
137.922	0.381921
137.97	0.381399
138.017	0.385981
138.065	0.380836
138.112	0.386114
138.16	0.379028
138.207	0.381378
138.255	0.381771
138.303	0.385681
138.35	0.386738
138.398	0.389468
138.446	0.387653
138.494	0.390912
138.541	0.387358
138.588	0.388142
138.636	0.379803
138.684	0.381085
138.732	0.382221
138.78	0.384207
138.828	0.387288
138.875	0.389034
138.923	0.386236
138.97	0.393851
139.018	0.387135
139.066	0.391658
139.113	0.39278
139.161	0.389196
139.209	0.38832
139.256	0.390745
139.305	0.380844
139.352	0.389059
139.4	0.386214
139.447	0.390543
139.495	0.390728
139.542	0.391528
139.591	0.385758
139.638	0.393063
139.686	0.390598
139.733	0.390144
139.781	0.392935
139.829	0.390394
139.876	0.394777
139.925	0.387252
139.972	0.387112
140.019	0.393709
140.067	0.388172
140.115	0.384912
140.163	0.389801
140.211	0.391951
140.258	0.392919
140.306	0.390293
140.353	0.392868
140.402	0.391167
140.449	0.39534
140.497	0.396228
140.544	0.395237
140.592	0.391178
140.639	0.399798
140.687	0.389553
140.735	0.386532
140.783	0.398603
140.831	0.393332
140.878	0.400522
140.926	0.40026
140.973	0.404806
141.021	0.404887
141.069	0.410438
141.117	0.403887
141.164	0.408572
141.212	0.400018
141.26	0.406849
141.308	0.405057
141.355	0.405918
141.403	0.40249
141.451	0.405323
141.499	0.398589
141.546	0.414124
141.594	0.404058
141.642	0.404674
141.689	0.40976
141.737	0.407658
141.786	0.397713
141.833	0.409049
141.881	0.400185
141.929	0.406366
141.976	0.402237
142.024	0.401966
142.072	0.40352
142.12	0.406955
142.168	0.396461
142.216	0.407251
142.263	0.407346
142.311	0.403727
142.359	0.409541
142.407	0.405913
142.455	0.406615
142.503	0.404769
142.551	0.399792
142.598	0.40459
142.646	0.406723
142.694	0.404289
142.741	0.408822
142.789	0.39746
142.837	0.402368
142.885	0.409261
142.933	0.399681
142.98	0.411093
143.029	0.399559
143.077	0.408447
143.124	0.407091
143.172	0.405908
143.22	0.401218
143.267	0.405098
143.315	0.399933
143.363	0.406769
143.411	0.401689
143.458	0.408147
143.506	0.403733
143.555	0.400835
143.602	0.409028
143.649	0.408977
143.697	0.405928
143.745	0.405948
143.794	0.398466
143.842	0.403657
143.889	0.405198
143.937	0.403259
143.985	0.401641
144.032	0.411457
144.08	0.404862
144.128	0.407179
144.176	0.408471
144.223	0.413183
144.271	0.405987
144.319	0.411979
144.367	0.414089
144.415	0.411458
144.463	0.409265
144.511	0.406881
144.558	0.41556
144.606	0.405408
144.655	0.409178
144.703	0.408815
144.75	0.416037
144.798	0.408933
144.846	0.413865
144.894	0.40885
144.942	0.416302
144.99	0.416176
145.038	0.417015
145.086	0.416282
145.134	0.41761
145.182	0.417282
145.23	0.414369
145.278	0.418298
145.327	0.405354
145.374	0.416689
145.422	0.415437
145.47	0.41031
145.518	0.413988
145.566	0.41184
145.614	0.420007
145.662	0.418299
145.709	0.420527
145.757	0.418656
145.805	0.421122
145.854	0.407826
145.901	0.419028
145.95	0.414278
145.997	0.417979
146.045	0.416057
146.093	0.412297
146.142	0.4108
146.189	0.416567
146.237	0.416754
146.285	0.413372
146.334	0.414096
146.381	0.418562
146.429	0.420068
146.477	0.414081
146.525	0.416197
146.573	0.413309
146.622	0.416108
146.669	0.417893
146.718	0.411985
146.765	0.417277
146.813	0.419056
146.861	0.416373
146.909	0.416046
146.958	0.412691
147.006	0.418877
147.053	0.423291
147.101	0.417146
147.149	0.413724
147.198	0.415235
147.245	0.422037
147.294	0.412813
147.341	0.424685
147.39	0.409679
147.437	0.420873
147.486	0.417422
147.533	0.420621
147.582	0.415616
147.629	0.425876
147.678	0.412503
147.726	0.416636
147.774	0.417482
147.822	0.417083
147.871	0.41107
147.918	0.4185
147.967	0.412152
148.014	0.415472
148.063	0.410822
148.11	0.417594
148.158	0.416975
148.206	0.415785
148.255	0.413995
148.302	0.420117
148.35	0.416193
148.399	0.414562
148.446	0.419802
148.494	0.420953
148.542	0.415392
148.59	0.418623
148.639	0.414501
148.687	0.418537
148.734	0.422587
148.783	0.416208
148.831	0.418703
148.878	0.423142
148.927	0.416381
148.975	0.425987
149.023	0.417533
149.071	0.422518
149.119	0.422863
149.167	0.425484
149.215	0.413231
149.263	0.423473
149.31	0.423552
149.359	0.41143
149.407	0.4189
149.455	0.419285
149.503	0.419729
149.551	0.422661
149.6	0.422875
149.647	0.427472
149.695	0.428349
149.743	0.426852
149.792	0.42158
149.84	0.422294
149.887	0.432592
149.936	0.42304
149.984	0.425897
150.032	0.429338
150.08	0.419148
150.129	0.424636
150.177	0.425435
150.224	0.436954
150.273	0.422792
150.32	0.433307
150.368	0.427488
150.417	0.425234
150.465	0.424644
150.513	0.424809
150.561	0.4225
150.609	0.423851
150.657	0.422504
150.705	0.423704
150.754	0.422539
150.802	0.424672
150.85	0.428227
150.898	0.425376
150.946	0.425559
150.994	0.426053
151.043	0.424015
151.09	0.431899
151.139	0.418319
151.187	0.429033
151.235	0.419303
151.283	0.425599
151.331	0.422525
151.379	0.424653
151.427	0.42825
151.475	0.431539
151.524	0.424303
151.572	0.425173
151.62	0.428981
151.668	0.429649
151.716	0.430762
151.764	0.429725
151.812	0.434299
151.86	0.430913
151.908	0.433044
151.957	0.423744
152.005	0.437858
152.053	0.428537
152.102	0.429362
152.15	0.435152
152.198	0.436512
152.246	0.438886
152.294	0.437561
152.342	0.43636
152.391	0.429531
152.439	0.440725
152.487	0.43771
152.535	0.436342
152.583	0.435237
152.631	0.435309
152.68	0.433228
152.728	0.432106
152.776	0.436058
152.824	0.438609
152.873	0.433975
152.921	0.437013
152.969	0.438958
153.017	0.439482
153.065	0.438277
153.113	0.434113
153.161	0.439054
153.209	0.44124
153.258	0.433477
153.305	0.442832
153.353	0.439755
153.402	0.432463
153.45	0.436657
153.499	0.436512
153.547	0.443201
153.595	0.441696
153.643	0.439516
153.692	0.443029
153.74	0.438969
153.788	0.446718
153.836	0.444248
153.884	0.439432
153.933	0.439484
153.981	0.436046
154.029	0.440622
154.078	0.435649
154.126	0.434632
154.174	0.441774
154.222	0.439882
154.271	0.440071
154.318	0.447993
154.367	0.43893
154.415	0.440801
154.462	0.445225
154.511	0.434937
154.559	0.445773
154.608	0.436351
154.656	0.439043
154.704	0.435782
154.752	0.438894
154.801	0.435497
154.848	0.443759
154.896	0.443451
154.944	0.444777
154.993	0.435242
155.041	0.440174
155.089	0.442289
155.137	0.440652
155.186	0.438898
155.234	0.436686
155.282	0.441394
155.33	0.438476
155.378	0.437162
155.426	0.438198
155.474	0.437142
155.522	0.442086
155.571	0.437719
155.619	0.442792
155.667	0.445852
155.715	0.440094
155.763	0.440661
155.811	0.440929
155.86	0.434586
155.908	0.438987
155.956	0.435619
156.004	0.440658
156.053	0.439212
156.1	0.446159
156.149	0.439215
156.198	0.438128
156.245	0.452344
156.293	0.452294
156.341	0.443824
156.39	0.444027
156.438	0.445806
156.486	0.446761
156.534	0.440548
156.582	0.440523
156.63	0.444536
156.679	0.439194
156.727	0.439701
156.775	0.44245
156.824	0.444391
156.872	0.447313
156.92	0.450968
156.969	0.448236
157.016	0.456127
157.064	0.452939
157.113	0.442008
157.161	0.451925
157.209	0.449681
157.258	0.448631
157.306	0.446025
157.354	0.450968
157.403	0.446618
157.451	0.451502
157.499	0.447956
157.547	0.451292
157.596	0.447257
157.644	0.453361
157.692	0.451808
157.741	0.449077
157.789	0.453354
157.837	0.449196
157.885	0.453054
157.933	0.45217
157.981	0.449922
158.029	0.455977
158.078	0.445404
158.126	0.457223
158.175	0.455378
158.223	0.455586
158.271	0.464768
158.32	0.454554
158.368	0.45663
158.416	0.452862
158.464	0.457405
158.513	0.452924
158.561	0.450837
158.609	0.459566
158.657	0.456679
158.705	0.457706
158.754	0.453636
158.802	0.461283
158.85	0.458522
158.899	0.455563
158.947	0.467641
158.995	0.456788
159.043	0.464093
159.091	0.465667
159.14	0.457456
159.188	0.462114
159.236	0.457902
159.285	0.460502
159.333	0.458437
159.382	0.456173
159.429	0.458576
159.477	0.460636
159.526	0.453573
159.575	0.449705
159.622	0.464917
159.671	0.458651
159.719	0.457873
159.767	0.458224
159.816	0.457424
159.864	0.463808
159.912	0.456946
159.96	0.45963
160.008	0.460264
160.057	0.453833
160.105	0.454282
160.154	0.451087
160.202	0.461966
160.251	0.454203
160.298	0.471048
160.347	0.454571
160.395	0.467991
160.443	0.453699
160.491	0.461745
160.54	0.461123
160.588	0.459011
160.636	0.457355
160.684	0.455786
160.733	0.457048
160.781	0.455394
160.829	0.458007
160.878	0.449906
160.926	0.453046
160.974	0.461062
161.022	0.460363
161.07	0.456059
161.119	0.456764
161.167	0.462547
161.216	0.453328
161.263	0.465901
161.312	0.460273
161.36	0.459248
161.409	0.458652
161.457	0.460809
161.505	0.46053
161.553	0.462596
161.602	0.454008
161.65	0.463226
161.698	0.458786
161.746	0.461246
161.794	0.463662
161.843	0.452334
161.891	0.460027
161.939	0.459508
161.988	0.454671
162.036	0.45915
162.084	0.462707
162.132	0.461193
162.181	0.459983
162.23	0.459531
162.278	0.463832
162.326	0.465001
162.374	0.468586
162.423	0.458336
162.471	0.465147
162.52	0.465568
162.568	0.471249
162.616	0.468681
162.664	0.472425
162.712	0.468563
162.761	0.468827
162.809	0.468722
162.858	0.464176
162.906	0.469885
162.954	0.474495
163.003	0.471033
163.051	0.469039
163.1	0.469027
163.148	0.471962
163.196	0.469614
163.245	0.469657
163.293	0.476105
163.342	0.463264
163.39	0.471972
163.438	0.469163
163.486	0.472771
163.535	0.468636
163.584	0.468218
163.632	0.476323
163.68	0.478878
163.728	0.473659
163.777	0.466518
163.826	0.470351
163.874	0.470696
163.922	0.475237
163.971	0.467413
164.019	0.473574
164.067	0.470506
164.116	0.462751
164.164	0.474283
164.212	0.476397
164.261	0.472501
164.309	0.473468
164.358	0.472618
164.406	0.473134
164.454	0.475161
164.502	0.477005
164.551	0.468343
164.6	0.469262
164.648	0.467387
164.696	0.471195
164.744	0.474819
164.793	0.471282
164.841	0.476578
164.89	0.480247
164.938	0.48268
164.986	0.471517
165.035	0.477448
165.084	0.47153
165.132	0.471708
165.18	0.481961
165.228	0.474489
165.277	0.476405
165.325	0.472325
165.374	0.472841
165.422	0.481753
165.471	0.474131
165.519	0.481328
165.568	0.477475
165.616	0.480535
165.664	0.483903
165.712	0.477164
165.761	0.478787
165.81	0.470448
165.858	0.479834
165.906	0.482737
165.954	0.474453
166.004	0.468183
166.052	0.481823
166.1	0.481408
166.148	0.480832
166.196	0.482753
166.245	0.477638
166.293	0.485126
166.342	0.473382
166.391	0.478394
166.439	0.478966
166.487	0.478622
166.536	0.478054
166.584	0.481288
166.633	0.473929
166.681	0.479062
166.729	0.483417
166.778	0.480847
166.826	0.482145
166.875	0.478062
166.923	0.484409
166.972	0.481119
167.02	0.480406
167.069	0.483631
167.117	0.486735
167.165	0.483984
167.214	0.479074
167.262	0.483894
167.31	0.484332
167.359	0.482482
167.408	0.482536
167.456	0.488585
167.505	0.474815
167.553	0.490437
167.601	0.482493
167.65	0.485179
167.698	0.481273
167.746	0.487742
167.795	0.483148
167.844	0.483927
167.892	0.481371
167.941	0.483473
167.989	0.482892
168.038	0.481518
168.086	0.486026
168.134	0.486393
168.183	0.483523
168.232	0.487945
168.28	0.482742
168.328	0.490765
168.377	0.485323
168.426	0.482794
168.475	0.482425
168.523	0.486872
168.571	0.490108
168.62	0.484749
168.668	0.48135
168.717	0.481768
168.765	0.487332
168.813	0.494866
168.861	0.49265
168.91	0.484552
168.959	0.481908
169.007	0.487386
169.056	0.488887
169.104	0.484797
169.153	0.487765
169.201	0.484328
169.25	0.483814
169.298	0.484774
169.347	0.483346
169.395	0.488926
169.444	0.483594
169.493	0.487175
169.542	0.484695
169.59	0.491659
169.638	0.488425
169.687	0.485146
169.735	0.48854
169.784	0.486843
169.833	0.482018
169.881	0.48913
169.929	0.483547
169.978	0.489737
170.027	0.482768
170.075	0.48954
170.123	0.496015
170.172	0.49028
170.221	0.483247
170.269	0.49274
170.318	0.489007
170.366	0.497978
170.414	0.487412
170.463	0.490537
170.512	0.485487
170.56	0.488949
170.609	0.482777
170.657	0.49933
170.706	0.492311
170.754	0.491757
170.803	0.494903
170.851	0.498403
170.9	0.486763
170.948	0.491055
170.997	0.490031
171.045	0.492349
171.094	0.487372
171.142	0.491863
171.191	0.484041
171.24	0.489797
171.288	0.494278
171.336	0.497404
171.385	0.494918
171.434	0.484408
171.482	0.500814
171.531	0.489196
171.58	0.489176
171.628	0.494108
171.676	0.500596
171.724	0.488374
171.774	0.482633
171.822	0.496984
171.871	0.486848
171.919	0.496821
171.968	0.487662
172.017	0.49418
172.065	0.496395
172.114	0.494319
172.162	0.491948
172.211	0.489107
172.259	0.498397
172.308	0.490388
172.356	0.490974
172.406	0.48538
172.454	0.495945
172.503	0.495562
172.552	0.491546
172.6	0.497666
172.648	0.502544
172.698	0.493573
172.746	0.495961
172.794	0.50359
172.843	0.493113
172.892	0.493469
172.941	0.495434
172.989	0.498028
173.038	0.494794
173.087	0.500819
173.135	0.497106
173.184	0.501915
173.233	0.498728
173.281	0.500901
173.33	0.499025
173.379	0.498307
173.427	0.505635
173.476	0.501534
173.524	0.498335
173.573	0.49699
173.622	0.497699
173.671	0.501695
173.72	0.497196
173.768	0.504664
173.817	0.499782
173.866	0.499956
173.914	0.505182
173.963	0.499029
174.012	0.501981
174.061	0.503715
174.11	0.497826
174.158	0.512052
174.207	0.496249
174.255	0.509042
174.304	0.499815
174.353	0.502582
174.401	0.504231
174.45	0.501275
174.499	0.498092
174.547	0.508966
174.596	0.503796
174.645	0.501164
174.693	0.512341
174.743	0.498172
174.791	0.505964
174.84	0.507398
174.888	0.509412
174.937	0.500144
174.986	0.511256
175.034	0.512226
175.083	0.500526
175.132	0.50437
175.18	0.509629
175.229	0.506728
175.278	0.510154
175.327	0.504484
175.375	0.507299
175.424	0.51249
175.473	0.502658
175.522	0.505942
175.57	0.50829
175.619	0.505196
175.668	0.503053
175.717	0.510107
175.765	0.511074
175.814	0.504902
175.863	0.514551
175.912	0.502728
175.96	0.509952
176.009	0.506393
176.058	0.515094
176.107	0.504476
176.156	0.506753
176.204	0.513101
176.253	0.502125
176.302	0.512982
176.35	0.513601
176.399	0.510785
176.448	0.510372
176.497	0.507407
176.546	0.50898
176.594	0.51709
176.642	0.51183
176.692	0.499451
176.74	0.517791
176.789	0.512115
176.838	0.512249
176.887	0.510988
176.935	0.514831
176.984	0.513616
177.033	0.510866
177.081	0.510447
177.13	0.51003
177.179	0.510103
177.228	0.510469
177.277	0.517518
177.325	0.512684
177.374	0.517933
177.422	0.514759
177.471	0.514987
177.52	0.514252
177.569	0.511063
177.618	0.513091
177.667	0.514076
177.716	0.50812
177.765	0.517837
177.813	0.518148
177.862	0.515028
177.91	0.517754
177.959	0.517904
178.008	0.519033
178.057	0.514816
178.105	0.520098
178.154	0.517273
178.202	0.516585
178.252	0.510396
178.3	0.516844
178.35	0.509604
178.399	0.516694
178.447	0.515378
178.496	0.519135
178.545	0.517646
178.593	0.520251
178.642	0.519355
178.691	0.517054
178.74	0.510875
178.788	0.525481
178.838	0.511372
178.886	0.522578
178.935	0.512986
178.984	0.518938
179.033	0.5146
179.082	0.516485
179.131	0.518463
179.18	0.513576
179.228	0.524291
179.277	0.518716
179.326	0.520769
179.374	0.521648
179.423	0.520897
179.472	0.51524
179.521	0.516129
179.57	0.518435
179.619	0.52009
179.667	0.520099
179.716	0.520251
179.765	0.518658
179.814	0.513448
179.863	0.518552
179.912	0.522167
179.96	0.522949
180.01	0.515601
180.058	0.52669
180.106	0.527528
180.156	0.512792
180.205	0.519912
180.254	0.521857
180.302	0.525238
180.351	0.51895
180.4	0.518351
180.449	0.524541
180.497	0.525443
180.547	0.517693
180.596	0.518321
180.644	0.527046
180.693	0.517568
180.742	0.520423
180.791	0.523311
180.84	0.519161
180.889	0.519176
180.937	0.52612
180.986	0.521438
181.035	0.518872
181.084	0.525438
181.132	0.525906
181.182	0.516724
181.23	0.529057
181.279	0.521831
181.328	0.51996
181.377	0.52458
181.426	0.520324
181.475	0.523082
181.523	0.526733
181.572	0.524554
181.621	0.525262
181.67	0.527248
181.719	0.524862
181.768	0.52247
181.817	0.517073
181.867	0.519023
181.915	0.535221
181.964	0.523319
182.012	0.53009
182.061	0.519997
182.111	0.517951
182.159	0.530613
182.208	0.52699
182.257	0.523821
182.306	0.529882
182.355	0.524561
182.403	0.527725
182.452	0.525288
182.502	0.521951
182.551	0.523206
182.6	0.523736
182.649	0.521295
182.697	0.534629
182.746	0.527579
182.795	0.530894
182.844	0.528393
182.893	0.525022
182.942	0.530906
182.991	0.526322
183.04	0.52646
183.089	0.52431
183.138	0.52708
183.186	0.53321
183.236	0.516665
183.284	0.529576
183.333	0.525554
183.382	0.525531
183.432	0.52586
183.48	0.533589
183.529	0.526909
183.578	0.531326
183.627	0.525063
183.676	0.529647
183.725	0.520791
183.774	0.52681
183.822	0.528182
183.871	0.522745
183.92	0.531649
183.969	0.529366
184.018	0.524963
184.067	0.522683
184.116	0.528346
184.165	0.528569
184.214	0.532963
184.263	0.525573
184.312	0.5265
184.361	0.530255
184.41	0.532018
184.459	0.525472
184.508	0.52545
184.557	0.526187
184.606	0.526317
184.654	0.535755
184.704	0.52188
184.753	0.528049
184.802	0.536814
184.85	0.535971
184.9	0.524509
184.949	0.534088
184.998	0.531011
185.047	0.527287
185.096	0.532592
185.145	0.525677
185.194	0.529349
185.243	0.53365
185.292	0.525532
185.341	0.533793
185.39	0.526533
185.439	0.535446
185.488	0.532269
185.537	0.531921
185.587	0.532137
185.635	0.535704
185.684	0.530448
185.733	0.530271
185.783	0.526765
185.831	0.533759
185.881	0.525591
185.93	0.532352
185.978	0.531502
186.028	0.525032
186.076	0.537443
186.125	0.532506
186.175	0.527969
186.223	0.541296
186.272	0.530853
186.322	0.52909
186.371	0.528118
186.42	0.527129
186.468	0.536185
186.517	0.536679
186.567	0.516806
186.616	0.532055
186.664	0.534627
186.714	0.526402
186.763	0.530497
186.81	0.543424
186.861	0.517651
186.91	0.529443
186.959	0.5318
187.008	0.528079
187.057	0.528522
187.106	0.537369
187.155	0.532187
187.203	0.534874
187.253	0.528582
187.302	0.528818
187.351	0.530123
187.4	0.535162
187.449	0.533434
187.497	0.534252
187.546	0.538117
187.596	0.521588
187.644	0.541524
187.693	0.533302
187.743	0.530629
187.791	0.545186
187.841	0.525303
187.889	0.54301
187.939	0.528031
187.988	0.539473
188.037	0.529072
188.086	0.537039
188.135	0.533052
188.184	0.540358
188.233	0.530053
188.282	0.542463
188.331	0.53312
188.38	0.540938
188.43	0.527129
188.479	0.543556
188.528	0.536671
188.577	0.532782
188.626	0.539279
188.674	0.542568
188.723	0.534768
188.773	0.52789
188.822	0.539274
188.871	0.542303
188.92	0.538107
188.969	0.540887
189.018	0.543052
189.067	0.544122
189.116	0.541306
189.165	0.540391
189.214	0.53475
189.264	0.535198
189.313	0.535163
189.362	0.545506
189.411	0.536649
189.46	0.540213
189.509	0.544767
189.558	0.539715
189.607	0.551813
189.657	0.536532
189.705	0.552974
189.754	0.544801
189.804	0.538138
189.853	0.54295
189.901	0.548518
189.951	0.532925
190	0.5475
190.049	0.53911
190.098	0.553154
190.147	0.542548
190.197	0.540204
190.246	0.553029
190.294	0.555016
190.344	0.534932
190.393	0.545908
190.442	0.541689
190.491	0.544974
190.54	0.550534
190.589	0.545237
190.638	0.53827
190.687	0.547096
190.736	0.547219
190.786	0.541854
190.835	0.548516
190.884	0.540885
190.933	0.545086
190.982	0.550281
191.032	0.533924
191.081	0.543985
191.13	0.542856
191.179	0.547378
191.228	0.54238
191.277	0.550037
191.327	0.542477
191.376	0.546557
191.425	0.542443
191.475	0.53846
191.523	0.550251
191.573	0.541795
191.622	0.550617
191.67	0.551504
191.719	0.549653
191.768	0.545533
191.818	0.540706
191.867	0.545294
191.916	0.545826
191.966	0.545075
192.015	0.549407
192.064	0.547314
192.113	0.545625
192.162	0.546925
192.211	0.550606
192.26	0.550238
192.309	0.54726
192.358	0.553594
192.408	0.546746
192.456	0.557506
192.506	0.540185
192.555	0.548314
192.604	0.546156
192.653	0.55585
192.703	0.540075
192.751	0.554711
192.801	0.543544
192.85	0.54932
192.899	0.55304
192.948	0.559795
192.997	0.554184
193.046	0.550683
193.096	0.548813
193.145	0.55364
193.194	0.547862
193.243	0.548509
193.293	0.548766
193.342	0.550446
193.391	0.551604
193.44	0.551917
193.489	0.556994
193.538	0.551217
193.587	0.549706
193.637	0.550473
193.686	0.551106
193.734	0.563563
193.783	0.545576
193.833	0.547991
193.882	0.546145
193.931	0.550476
193.981	0.551833
194.029	0.560009
194.079	0.543235
194.128	0.557328
194.177	0.549722
194.226	0.551859
194.276	0.546948
194.325	0.551515
194.374	0.545503
194.423	0.559882
194.472	0.546244
194.521	0.555808
194.57	0.559168
194.62	0.545525
194.669	0.54949
194.718	0.556786
194.767	0.550128
194.816	0.551677
194.866	0.551576
194.915	0.550388
194.964	0.560523
195.013	0.555726
195.062	0.552397
195.111	0.558537
195.161	0.544605
195.21	0.560927
195.259	0.556448
195.308	0.557914
195.358	0.546656
195.407	0.554178
195.456	0.560014
195.505	0.553134
195.554	0.555164
195.602	0.561307
195.651	0.559067
195.701	0.546075
195.751	0.555497
195.8	0.556911
195.849	0.556212
195.899	0.54847
195.948	0.554885
195.997	0.555917
196.046	0.553907
196.095	0.558168
196.145	0.552483
196.194	0.560587
196.243	0.559819
196.291	0.567614
196.341	0.552773
196.39	0.561864
196.439	0.558616
196.488	0.556242
196.537	0.559941
196.586	0.557308
196.636	0.554545
196.685	0.555045
196.734	0.565676
196.783	0.55356
196.833	0.559054
196.881	0.563261
196.931	0.557934
196.98	0.557867
197.029	0.559341
197.078	0.563606
197.128	0.556542
197.177	0.555877
197.226	0.561584
197.275	0.562091
197.325	0.553008
197.374	0.56219
197.423	0.557815
197.473	0.559949
197.522	0.555883
197.571	0.571477
197.621	0.556822
197.67	0.561939
197.719	0.562214
197.768	0.563084
197.817	0.558498
197.867	0.554465
197.916	0.557109
197.965	0.564601
198.015	0.558763
198.064	0.563539
198.112	0.572991
198.162	0.556039
198.211	0.565618
198.26	0.56363
198.31	0.560156
198.358	0.564932
198.408	0.551684
198.457	0.563822
198.506	0.565892
198.555	0.559298
198.604	0.562477
198.654	0.559562
198.703	0.560707
198.752	0.565559
198.801	0.567752
198.851	0.563182
198.9	0.56822
198.949	0.556136
198.998	0.572395
199.047	0.559901
199.097	0.560443
199.146	0.567809
199.195	0.562494
199.244	0.575401
199.293	0.564449
199.342	0.566957
199.391	0.578579
199.441	0.554543
199.49	0.56988
199.539	0.572751
199.588	0.562424
199.637	0.567631
199.687	0.567233
199.736	0.571491
199.784	0.57602
199.834	0.566387
199.883	0.566588
199.933	0.566213
199.982	0.571879
200.03	0.572587
200.08	0.567664
200.129	0.566328
200.178	0.576302
200.227	0.563627
200.277	0.56725
200.326	0.578103
200.375	0.570887
200.424	0.575968
200.472	0.577258
200.522	0.565946
200.571	0.569935
200.62	0.570172
200.67	0.564235
200.719	0.570827
200.768	0.567508
200.818	0.563313
200.866	0.576744
200.915	0.567544
200.965	0.568043
201.014	0.56616
201.063	0.577479
201.112	0.573236
201.161	0.567827
201.21	0.570969
201.26	0.567219
201.309	0.572049
201.359	0.560238
201.407	0.573662
201.457	0.567108
201.506	0.575166
201.555	0.572789
201.604	0.571187
201.654	0.573114
201.703	0.57424
201.752	0.571828
201.802	0.568406
201.851	0.573638
201.9	0.569946
201.949	0.566976
201.998	0.575097
202.047	0.577586
202.097	0.569242
202.146	0.569448
202.195	0.576147
202.244	0.575688
202.294	0.57402
202.343	0.579536
202.392	0.578901
202.441	0.569517
202.49	0.574094
202.539	0.573692
202.589	0.567943
202.637	0.581293
202.687	0.572702
202.737	0.56784
202.786	0.575784
202.835	0.573853
202.883	0.584154
202.933	0.574215
202.983	0.56553
203.032	0.573485
203.081	0.578731
203.13	0.573369
203.179	0.574156
203.229	0.563743
203.277	0.581332
203.327	0.568126
203.376	0.578754
203.425	0.572396
203.475	0.571799
203.523	0.583804
203.573	0.572606
203.622	0.577998
203.671	0.574254
203.721	0.566736
203.77	0.576289
203.819	0.573596
203.869	0.562001
203.917	0.581877
203.966	0.579432
204.016	0.568659
204.065	0.569726
204.114	0.57926
204.163	0.577025
204.212	0.577449
204.262	0.573938
204.311	0.575801
204.36	0.579944
204.409	0.572426
204.458	0.580999
204.507	0.573296
204.557	0.576965
204.606	0.580378
204.655	0.580755
204.704	0.58519
204.753	0.57818
204.802	0.58653
204.851	0.58484
204.9	0.585791
204.95	0.575751
204.999	0.579864
205.048	0.583884
205.097	0.578351
205.146	0.578259
205.195	0.588587
205.245	0.57616
205.294	0.58399
205.343	0.578178
205.392	0.587832
205.441	0.583993
205.49	0.580854
205.539	0.587643
205.588	0.580048
205.637	0.581754
205.687	0.579026
205.736	0.573132
205.785	0.584101
205.834	0.583311
205.883	0.584591
205.933	0.578381
205.982	0.583915
206.031	0.579611
206.08	0.586353
206.13	0.574204
206.178	0.592843
206.228	0.575944
206.276	0.586139
206.326	0.581857
206.374	0.587383
206.424	0.580246
206.474	0.578598
206.523	0.581787
206.572	0.583921
206.621	0.582346
206.67	0.586754
206.719	0.580002
206.769	0.580539
206.818	0.583663
206.867	0.580248
206.916	0.585791
206.966	0.582246
207.015	0.583883
207.064	0.591196
207.113	0.583008
207.162	0.586993
207.211	0.586306
207.261	0.583117
207.31	0.584572
207.359	0.583729
207.408	0.581999
207.458	0.58327
207.507	0.588051
207.556	0.586259
207.605	0.588628
207.655	0.590636
207.704	0.587104
207.753	0.589149
207.803	0.58699
207.852	0.592836
207.9	0.594328
207.95	0.582755
207.999	0.588856
208.048	0.589057
208.098	0.588081
208.147	0.588383
208.196	0.600338
208.245	0.593117
208.294	0.595221
208.343	0.588816
208.393	0.593958
208.441	0.59732
208.491	0.58285
208.541	0.585027
208.589	0.598607
208.638	0.585816
208.687	0.59336
208.737	0.588047
208.786	0.591403
208.835	0.594651
208.885	0.587474
208.934	0.591704
208.983	0.594108
209.032	0.592867
209.081	0.58771
209.13	0.591388
209.18	0.583088
209.228	0.593401
209.278	0.586456
209.327	0.590608
209.377	0.583025
209.425	0.597001
209.475	0.593526
209.523	0.595773
209.573	0.582557
209.623	0.588702
209.672	0.58682
209.721	0.592109
209.77	0.591177
209.819	0.591669
209.868	0.588122
209.918	0.586282
209.967	0.594191
210.016	0.590961
210.066	0.588177
210.115	0.595517
210.164	0.596114
210.213	0.59607
210.262	0.588945
210.311	0.593803
210.361	0.580612
210.41	0.586524
210.459	0.590116
210.508	0.586493
210.557	0.589664
210.607	0.582236
210.656	0.59321
210.705	0.593862
210.754	0.588532
210.804	0.58508
210.853	0.591071
210.902	0.591008
210.951	0.588074
211	0.595811
211.049	0.586275
211.098	0.591079
211.148	0.57936
211.197	0.593943
211.246	0.589143
211.295	0.59482
211.345	0.584979
211.394	0.596405
211.443	0.600629
211.492	0.587435
211.541	0.59849
211.59	0.599279
211.64	0.587982
211.689	0.596537
211.738	0.5988
211.787	0.597238
211.836	0.597645
211.885	0.60352
211.935	0.599347
211.983	0.608187
212.033	0.593579
212.082	0.605166
212.131	0.602999
212.18	0.603866
212.23	0.590055
212.279	0.608354
212.328	0.601563
212.377	0.598967
212.427	0.598401
212.475	0.609253
212.524	0.606817
212.573	0.598615
212.622	0.600025
212.671	0.599228
212.721	0.59706
212.77	0.597618
212.819	0.602021
212.868	0.597526
212.917	0.602422
212.967	0.589603
213.015	0.609021
213.064	0.598291
213.113	0.603683
213.162	0.604736
213.212	0.596644
213.261	0.602927
213.309	0.606615
213.359	0.593206
213.408	0.600335
213.457	0.601964
213.506	0.5977
213.555	0.605096
213.604	0.600261
213.653	0.601424
213.702	0.606863
213.751	0.59985
213.8	0.613501
213.849	0.598448
213.899	0.598176
213.948	0.596215
213.997	0.600413
214.046	0.598953
214.094	0.602203
214.144	0.596849
214.192	0.608587
214.242	0.595652
214.291	0.600755
214.34	0.602277
214.389	0.604518
214.438	0.596208
214.487	0.605326
214.536	0.60449
214.585	0.595312
214.635	0.595221
214.683	0.606194
214.732	0.601295
214.781	0.602016
214.831	0.590248
214.879	0.613688
214.928	0.597513
214.978	0.600809
215.027	0.604377
215.076	0.600559
215.125	0.60112
215.174	0.596845
215.223	0.594896
215.271	0.603533
215.321	0.589741
215.37	0.602471
215.42	0.59472
215.468	0.606555
215.517	0.599898
215.566	0.604668
215.616	0.593947
215.664	0.606962
215.713	0.59942
215.762	0.596254
215.812	0.59433
215.861	0.597253
215.91	0.599639
215.959	0.596366
216.008	0.597674
216.057	0.597584
216.106	0.601776
216.156	0.600357
216.205	0.60243
216.254	0.596619
216.304	0.590478
216.352	0.607013
216.402	0.586829
216.451	0.603714
216.5	0.604912
216.549	0.605594
216.599	0.593497
216.647	0.608477
216.697	0.594512
216.745	0.610981
216.795	0.600353
216.844	0.600345
216.893	0.604244
216.942	0.607234
216.991	0.598929
217.04	0.60053
217.09	0.597213
217.139	0.602367
217.188	0.606458
217.238	0.600722
217.286	0.609177
217.335	0.606451
217.384	0.607136
217.433	0.601383
217.483	0.595105
217.532	0.600168
217.581	0.610777
217.63	0.60036
217.679	0.611735
217.728	0.603878
217.778	0.598959
217.827	0.606184
217.875	0.615653
217.925	0.597575
217.974	0.604047
218.023	0.611857
218.072	0.600262
218.121	0.602198
218.171	0.600688
218.22	0.606953
218.268	0.611123
218.318	0.604619
218.367	0.612101
218.416	0.61275
218.465	0.607793
218.515	0.606886
218.564	0.610509
218.613	0.604499
218.661	0.618929
218.71	0.600862
218.76	0.601978
218.809	0.602469
218.858	0.609308
218.907	0.610216
218.956	0.60727
219.005	0.604406
219.054	0.612184
219.104	0.606083
219.153	0.607409
219.202	0.61308
219.251	0.610402
219.3	0.600431
219.349	0.606227
219.398	0.608399
219.448	0.598012
219.497	0.610797
219.546	0.605203
219.595	0.609936
219.644	0.608039
219.694	0.604047
219.742	0.618049
219.792	0.606128
219.841	0.609094
219.891	0.59718
219.94	0.608828
219.988	0.621739
220.038	0.603661
220.087	0.621083
220.136	0.610475
220.185	0.615651
220.235	0.608716
220.284	0.615735
220.333	0.611305
220.382	0.617721
220.431	0.612938
220.48	0.60679
220.529	0.611946
220.579	0.604961
220.628	0.615472
220.677	0.611022
220.726	0.616234
220.775	0.612949
220.824	0.612757
220.874	0.60887
220.922	0.623721
220.972	0.605795
221.021	0.615551
221.071	0.609551
221.119	0.615935
221.168	0.614735
221.218	0.612079
221.267	0.618696
221.315	0.620579
221.365	0.610972
221.414	0.616966
221.463	0.619171
221.513	0.596978
221.562	0.626228
221.61	0.622051
221.66	0.610039
221.709	0.617409
221.759	0.609613
221.807	0.627178
221.856	0.618651
221.906	0.619314
221.954	0.625963
222.004	0.616038
222.053	0.620873
222.102	0.622879
222.151	0.626555
222.2	0.613996
222.249	0.626508
222.299	0.613266
222.347	0.627795
222.397	0.617856
222.446	0.621007
222.495	0.624225
222.544	0.627872
222.594	0.62362
222.643	0.625833
222.692	0.617262
222.741	0.635116
222.79	0.612958
222.839	0.62231
222.889	0.614505
222.938	0.6244
222.987	0.608318
223.036	0.622927
223.085	0.628175
223.134	0.624361
223.184	0.606623
223.233	0.630743
223.282	0.623987
223.331	0.624933
223.381	0.614565
223.43	0.627354
223.479	0.620811
223.528	0.621495
223.577	0.623593
223.626	0.61749
223.675	0.625219
223.725	0.619464
223.773	0.629065
223.823	0.622608
223.872	0.617629
223.921	0.628004
223.97	0.627183
224.02	0.620181
224.069	0.625473
224.117	0.62986
224.167	0.615192
224.216	0.618126
224.265	0.626305
224.314	0.620246
224.363	0.62834
224.413	0.615226
224.461	0.633724
224.511	0.617152
224.56	0.627364
224.609	0.621075
224.658	0.622637
224.707	0.620418
224.756	0.631008
224.806	0.612162
224.855	0.621849
224.904	0.623289
224.953	0.62486
225.002	0.619315
225.051	0.632838
225.1	0.619571
225.149	0.627775
225.199	0.617824
225.247	0.635312
225.296	0.626591
225.345	0.622227
225.394	0.624755
225.443	0.624601
225.493	0.620601
225.541	0.632296
225.591	0.616966
225.64	0.631153
225.688	0.632647
225.738	0.621775
225.786	0.63075
225.836	0.621732
225.885	0.624516
225.933	0.632372
225.983	0.620295
226.032	0.623822
226.081	0.631493
226.13	0.62677
226.18	0.620466
226.228	0.638617
226.278	0.629315
226.327	0.62761
226.376	0.634416
226.425	0.637273
226.474	0.632485
226.523	0.630237
226.572	0.633597
226.621	0.633803
226.67	0.633589
226.719	0.621877
226.768	0.638803
226.817	0.639789
226.866	0.638191
226.916	0.626532
226.964	0.641132
227.013	0.640388
227.063	0.631321
227.112	0.635301
227.16	0.636998
227.21	0.629651
227.259	0.632544
227.307	0.644272
227.356	0.63638
227.406	0.634405
227.454	0.643146
227.503	0.640531
227.554	0.627827
227.602	0.644504
227.651	0.647307
227.7	0.634587
227.75	0.633483
227.798	0.642429
227.847	0.637658
227.897	0.63463
227.946	0.632886
227.996	0.632893
228.044	0.649834
228.093	0.639736
228.142	0.643429
228.192	0.633937
228.241	0.63337
228.29	0.640984
228.339	0.646742
228.388	0.637495
228.437	0.633914
228.486	0.638541
228.535	0.632928
228.584	0.644281
228.633	0.633029
228.682	0.643758
228.731	0.647505
228.78	0.640403
228.83	0.636762
228.879	0.6423
228.927	0.646132
228.977	0.641705
229.026	0.640138
229.075	0.639074
229.124	0.645285
229.173	0.633199
229.222	0.648679
229.271	0.644127
229.32	0.649128
229.369	0.638357
229.418	0.638894
229.467	0.642055
229.516	0.638524
229.565	0.644084
229.614	0.641811
229.663	0.630538
229.712	0.641856
229.761	0.639892
229.81	0.637444
229.859	0.642937
229.908	0.640255
229.957	0.647793
230.005	0.651141
230.054	0.642755
230.103	0.644279
230.152	0.640318
230.201	0.639086
230.251	0.634012
230.3	0.643142
230.348	0.640452
230.398	0.636423
230.446	0.662201
230.495	0.637186
230.544	0.649057
230.592	0.652842
230.642	0.641272
230.69	0.648452
230.74	0.640524
230.788	0.650143
230.837	0.63972
230.886	0.643986
230.935	0.63907
230.983	0.643421
231.033	0.63231
231.081	0.65628
231.13	0.645156
231.18	0.635816
231.229	0.652707
231.278	0.647649
231.326	0.652437
231.375	0.639729
231.425	0.639858
231.473	0.647426
231.522	0.648415
231.571	0.643646
231.62	0.652019
231.669	0.641773
231.718	0.647267
231.767	0.653537
231.816	0.643731
231.865	0.652091
231.914	0.648173
231.963	0.649714
232.012	0.639303
232.061	0.65183
232.111	0.636232
232.159	0.653028
232.208	0.647701
232.258	0.640923
232.306	0.657822
232.355	0.647969
232.405	0.638622
232.453	0.65427
232.503	0.633042
232.551	0.644507
232.601	0.637857
232.65	0.634181
232.699	0.638813
232.748	0.636812
232.797	0.635124
232.846	0.639641
232.895	0.637603
232.944	0.640266
232.993	0.63858
233.042	0.637604
233.091	0.640137
233.14	0.63823
233.189	0.643281
233.238	0.635911
233.287	0.634081
233.336	0.637225
233.385	0.636858
233.435	0.627083
233.484	0.645007
233.533	0.635603
233.581	0.653055
233.631	0.637823
233.68	0.645109
233.728	0.647141
233.778	0.638284
233.827	0.636021
233.876	0.651882
233.925	0.640642
233.973	0.656736
234.023	0.640778
234.072	0.64426
234.121	0.649184
234.17	0.650264
234.218	0.654978
234.268	0.64159
234.316	0.649273
234.365	0.650141
234.415	0.637943
234.463	0.655032
234.512	0.647432
234.561	0.643981
234.611	0.648385
234.659	0.659951
234.708	0.652018
234.757	0.645303
234.805	0.654953
234.855	0.645987
234.903	0.651394
234.953	0.639434
235.002	0.644694
235.051	0.640892
235.099	0.656008
235.149	0.641742
235.198	0.649415
235.247	0.642346
235.295	0.65972
235.344	0.650169
235.394	0.638402
235.443	0.650472
235.492	0.648614
235.541	0.653893
235.59	0.645354
235.639	0.651625
235.688	0.653819
235.737	0.64975
235.787	0.644849
235.836	0.654034
235.885	0.654412
235.934	0.654797
235.982	0.665072
236.032	0.654465
236.08	0.667077
236.129	0.65445
236.179	0.654254
236.227	0.660593
236.276	0.660618
236.326	0.642088
236.374	0.661447
236.423	0.662218
236.471	0.66662
236.521	0.649717
236.569	0.675338
236.618	0.668614
236.667	0.662286
236.717	0.657728
236.765	0.669968
236.814	0.667919
236.863	0.666418
236.911	0.664223
236.96	0.665576
237.01	0.654633
237.058	0.670357
237.106	0.671385
237.156	0.658409
237.204	0.671882
237.253	0.668113
237.302	0.666268
237.35	0.674039
237.399	0.662248
237.447	0.689832
237.495	0.666035
237.545	0.660674
237.593	0.669981
237.642	0.669256
237.69	0.676631
237.739	0.668278
237.787	0.679247
237.836	0.674471
237.885	0.670052
237.933	0.677607
237.981	0.679395
238.03	0.675994
238.079	0.672998
238.128	0.666249
238.176	0.673906
238.224	0.672462
238.273	0.670758
238.322	0.662825
238.37	0.681045
238.418	0.678057
238.467	0.677316
238.516	0.669675
238.565	0.66732
238.613	0.68419
238.661	0.678389
238.71	0.67034
238.759	0.684073
238.807	0.684866
238.856	0.672179
238.904	0.683982
238.953	0.672656
239.001	0.684255
239.05	0.683242
239.099	0.675145
239.148	0.673733
239.196	0.685963
239.245	0.670469
239.293	0.6839
239.342	0.664178
239.39	0.689686
239.438	0.674012
239.488	0.660871
239.536	0.679103
239.585	0.665753
239.634	0.671267
239.682	0.67651
239.731	0.669814
239.78	0.674004
239.828	0.670162
239.876	0.682293
239.925	0.664113
239.974	0.662335
240.023	0.664035
240.072	0.666853
240.121	0.661551
240.169	0.665152
240.218	0.660293
240.266	0.67436
240.315	0.662192
240.364	0.664585
240.413	0.658891
240.461	0.667962
240.51	0.665
240.559	0.661311
240.607	0.671051
240.656	0.652919
240.705	0.65096
240.753	0.665283
240.802	0.663386
240.851	0.655598
240.899	0.661762
240.948	0.660175
240.997	0.654536
241.046	0.663517
241.095	0.663035
241.144	0.660324
241.192	0.664177
241.241	0.662821
241.29	0.656543
241.339	0.668714
241.388	0.658625
241.436	0.673472
241.485	0.654005
241.533	0.677667
241.583	0.653975
241.631	0.681496
241.68	0.660879
241.728	0.676779
241.777	0.658296
241.826	0.671088
241.874	0.676185
241.923	0.666626
241.971	0.674528
242.021	0.664258
242.069	0.681043
242.118	0.667069
242.166	0.671538
242.215	0.676503
242.263	0.679524
242.312	0.674593
242.36	0.683225
242.41	0.668565
242.458	0.67999
242.507	0.672498
242.555	0.685442
242.604	0.678786
242.653	0.677961
242.701	0.689714
242.749	0.690099
242.798	0.671437
242.846	0.68678
242.895	0.672957
242.943	0.683379
242.992	0.680692
243.04	0.680981
243.089	0.670871
243.137	0.679792
243.186	0.675355
243.235	0.675743
243.283	0.686528
243.332	0.673495
243.381	0.671012
243.429	0.683594
243.478	0.679554
243.527	0.672052
243.575	0.679277
243.624	0.670584
243.672	0.680987
243.72	0.673493
243.769	0.672478
243.817	0.677328
243.866	0.666522
243.915	0.67454
243.964	0.668045
244.012	0.679991
244.061	0.671246
244.11	0.668074
244.158	0.683456
244.207	0.670563
244.256	0.672309
244.305	0.662372
244.352	0.688394
244.401	0.665173
244.449	0.683867
244.499	0.659426
244.547	0.677747
244.597	0.666567
244.646	0.667272
244.694	0.678666
244.742	0.67564
244.792	0.657349
244.84	0.67461
244.889	0.669932
244.938	0.667792
244.987	0.657599
245.035	0.67713
245.084	0.678308
245.133	0.660899
245.182	0.671151
245.23	0.676138
245.28	0.661078
245.328	0.677305
245.378	0.656671
245.426	0.677493
245.475	0.666056
245.524	0.676741
245.573	0.66612
245.622	0.667022
245.671	0.671062
245.719	0.676281
245.769	0.662152
245.817	0.687491
245.866	0.665407
245.914	0.68797
245.963	0.673697
246.012	0.672498
246.061	0.672493
246.11	0.679002
246.159	0.669369
246.207	0.683313
246.256	0.670853
246.305	0.679531
246.354	0.674713
246.402	0.682596
246.451	0.678004
246.5	0.681253
246.549	0.678678
246.598	0.667957
246.646	0.689463
246.695	0.678261
246.744	0.676381
246.792	0.685469
246.841	0.680298
246.89	0.675507
246.939	0.681415
246.988	0.676091
247.037	0.679609
247.085	0.68259
247.134	0.682762
247.182	0.688877
247.231	0.674223
247.28	0.676952
247.329	0.680304
247.377	0.684241
247.426	0.682105
247.475	0.666464
247.524	0.688361
247.572	0.690565
247.621	0.667894
247.67	0.678955
247.719	0.680325
247.768	0.673153
247.817	0.679391
247.865	0.679893
247.914	0.680756
247.962	0.68408
248.011	0.681273
248.061	0.666882
248.109	0.688336
248.158	0.672117
248.207	0.68277
248.256	0.673182
248.305	0.678239
248.353	0.684435
248.402	0.677519
248.451	0.6702
248.5	0.681312
248.549	0.673699
248.598	0.680615
248.647	0.679045
248.695	0.68339
248.744	0.675491
248.793	0.675599
248.843	0.674016
248.891	0.686025
248.94	0.671938
248.989	0.68002
249.037	0.685051
249.086	0.671417
249.135	0.680584
249.183	0.691374
249.233	0.669383
249.282	0.675078
249.33	0.694463
249.38	0.667673
249.429	0.68586
249.478	0.670475
249.527	0.693993
249.576	0.678633
249.624	0.684936
249.673	0.689055
249.722	0.68644
249.771	0.671816
249.82	0.694073
249.868	0.685477
249.918	0.675568
249.967	0.689152
250.016	0.677254
250.065	0.689127
250.113	0.689663
250.162	0.683112
250.212	0.679679
250.261	0.680454
250.309	0.686174
250.358	0.683114
250.407	0.688814
250.455	0.694822
250.504	0.681168
250.554	0.683804
250.602	0.687845
250.651	0.688297
250.7	0.690828
250.749	0.68518
250.798	0.684011
250.846	0.692029
250.895	0.674863
250.944	0.682705
250.994	0.668514
251.043	0.691536
251.092	0.68819
251.14	0.686093
251.189	0.692204
251.238	0.683573
251.288	0.68007
251.336	0.687455
251.385	0.695654
251.434	0.673858
251.483	0.685016
251.532	0.681128
251.581	0.683063
251.63	0.692194
251.679	0.684897
251.727	0.701808
251.777	0.673936
251.826	0.689805
251.875	0.689906
251.923	0.6919
251.972	0.686089
252.021	0.689869
252.07	0.683763
252.118	0.696538
252.168	0.675477
252.217	0.693277
252.266	0.681419
252.314	0.699196
252.364	0.685063
252.413	0.683757
252.461	0.698057
252.511	0.687354
252.559	0.694196
252.608	0.69055
252.657	0.689864
252.706	0.690524
252.755	0.692129
252.804	0.686648
252.852	0.69411
252.901	0.68876
252.95	0.687563
253	0.689812
253.048	0.701118
253.097	0.687052
253.146	0.693591
253.195	0.695253
253.244	0.683487
253.293	0.690122
253.342	0.691101
253.391	0.691427
253.439	0.694862
253.489	0.688013
253.537	0.69304
253.587	0.681059
253.635	0.70266
253.684	0.694402
253.733	0.688164
253.781	0.705986
253.831	0.690263
253.881	0.676364
253.929	0.703071
253.978	0.68096
254.027	0.696341
254.076	0.681455
254.125	0.687504
254.174	0.690737
254.223	0.693319
254.272	0.696717
254.321	0.693057
254.37	0.686981
254.419	0.687431
254.468	0.695695
254.517	0.688806
254.565	0.696353
254.616	0.673574
254.664	0.692095
254.713	0.693011
254.762	0.692677
254.811	0.69263
254.861	0.684524
254.909	0.707287
254.958	0.682151
255.007	0.70159
255.056	0.684396
255.105	0.694055
255.154	0.691498
255.203	0.686343
255.252	0.690718
255.301	0.690294
255.35	0.695439
255.4	0.687216
255.449	0.694832
255.497	0.701475
255.547	0.686911
255.596	0.694108
255.645	0.691083
255.694	0.692165
255.743	0.682796
255.792	0.692356
255.842	0.680964
255.89	0.702148
255.939	0.697387
255.988	0.689977
256.038	0.687993
256.086	0.703442
256.135	0.68959
256.184	0.696621
256.234	0.688753
256.283	0.694454
256.332	0.693952
256.382	0.68115
256.43	0.701932
256.479	0.689201
256.528	0.702401
256.577	0.689353
256.626	0.696963
256.676	0.688428
256.724	0.700246
256.774	0.689875
256.822	0.717201
256.872	0.682382
256.921	0.695548
256.97	0.687442
257.019	0.702692
257.068	0.690956
257.117	0.700946
257.167	0.68876
257.215	0.700772
257.264	0.692608
257.313	0.699443
257.362	0.69232
257.412	0.688679
257.46	0.701003
257.51	0.688446
257.559	0.684587
257.608	0.69352
257.656	0.711117
257.706	0.686021
257.755	0.687388
257.804	0.69511
257.854	0.689525
257.902	0.697285
257.952	0.688221
258	0.701831
258.05	0.687302
258.099	0.69325
258.148	0.688271
258.197	0.693221
258.246	0.70339
258.296	0.68853
258.345	0.693052
258.394	0.697549
258.443	0.697041
258.492	0.699025
258.542	0.687285
258.59	0.700875
258.639	0.696732
258.689	0.69161
258.738	0.702105
258.787	0.691321
258.836	0.699182
258.886	0.693753
258.935	0.701677
258.984	0.6976
259.033	0.701742
259.082	0.702986
259.13	0.704817
259.18	0.699146
259.23	0.687369
259.278	0.703893
259.328	0.69697
259.376	0.706036
259.425	0.700156
259.475	0.694846
259.525	0.699635
259.573	0.71226
259.623	0.698497
259.672	0.703954
259.721	0.707588
259.77	0.703969
259.819	0.692192
259.868	0.69961
259.917	0.691664
259.966	0.699513
260.015	0.701652
260.065	0.688318
260.113	0.709511
260.163	0.691322
260.212	0.711052
260.261	0.696654
260.31	0.705711
260.359	0.694004
260.409	0.695443
260.458	0.694854
260.507	0.703077
260.556	0.698527
260.605	0.696938
260.655	0.69766
260.703	0.7076
260.753	0.699222
260.802	0.697904
260.851	0.710283
260.9	0.702204
260.949	0.697234
260.999	0.695967
261.048	0.696061
261.097	0.703576
261.147	0.697569
261.196	0.69551
261.246	0.695299
261.294	0.711524
261.344	0.691584
261.393	0.703046
261.442	0.7095
261.492	0.697257
261.541	0.703703
261.59	0.699106
261.64	0.697745
261.688	0.717018
261.738	0.68838
261.787	0.700317
261.836	0.70126
261.885	0.703321
261.935	0.69984
261.983	0.709692
262.033	0.701152
262.082	0.704598
262.132	0.693206
262.181	0.710157
262.23	0.700613
262.279	0.694386
262.329	0.700688
262.378	0.693194
262.427	0.703323
262.477	0.702945
262.526	0.701966
262.575	0.697422
262.624	0.712902
262.673	0.704623
262.723	0.697747
262.772	0.714809
262.821	0.700429
262.871	0.698964
262.92	0.702589
262.969	0.702405
263.018	0.7093
263.068	0.701931
263.118	0.701016
263.166	0.718824
263.216	0.700465
263.264	0.719755
263.314	0.70094
263.364	0.711464
263.413	0.710894
263.461	0.720233
263.511	0.712277
263.56	0.71228
263.609	0.708961
263.658	0.710007
263.708	0.710486
263.756	0.716535
263.806	0.7086
263.855	0.715521
263.905	0.707491
263.953	0.723511
264.002	0.71247
264.052	0.709007
264.101	0.714957
264.151	0.705081
264.2	0.714731
264.249	0.715566
264.298	0.711346
264.347	0.716743
264.397	0.71325
264.446	0.715819
264.495	0.71202
264.545	0.70623
264.593	0.721032
264.643	0.711072
264.692	0.716485
264.741	0.709994
264.79	0.710569
264.839	0.714793
264.888	0.715286
264.938	0.706565
264.987	0.70908
265.036	0.718838
265.085	0.712518
265.135	0.713312
265.184	0.716126
265.233	0.707835
265.283	0.70331
265.332	0.71395
265.381	0.71472
265.431	0.70888
265.48	0.719021
265.529	0.715385
265.579	0.700529
265.626	0.738834
265.676	0.713275
265.725	0.709921
265.775	0.707256
265.824	0.724559
265.873	0.716569
265.921	0.722899
265.971	0.712435
266.02	0.716136
266.069	0.713312
266.118	0.724569
266.168	0.708344
266.217	0.71581
266.266	0.722402
266.315	0.719649
266.364	0.725002
266.413	0.718898
266.462	0.714618
266.511	0.722769
266.56	0.705387
266.609	0.7279
266.658	0.715452
266.708	0.721027
266.757	0.719786
266.806	0.72222
266.855	0.721358
266.904	0.721419
266.953	0.716045
267.002	0.719563
267.051	0.718741
267.1	0.715768
267.149	0.717812
267.198	0.71888
267.247	0.718765
267.296	0.715428
267.345	0.723916
267.395	0.710937
267.444	0.714731
267.493	0.724902
267.541	0.725332
267.591	0.709046
267.641	0.708499
267.69	0.713206
267.738	0.725
267.788	0.711074
267.837	0.714246
267.886	0.717454
267.935	0.7204
267.984	0.720796
268.034	0.708279
268.082	0.722352
268.131	0.721195
268.181	0.705879
268.23	0.71658
268.279	0.716991
268.328	0.713129
268.377	0.722071
268.427	0.701195
268.476	0.718974
268.525	0.718829
268.574	0.708321
268.623	0.71703
268.672	0.725387
268.721	0.716305
268.77	0.725128
268.82	0.699502
268.869	0.717956
268.918	0.715086
268.968	0.71116
269.017	0.718567
269.065	0.731432
269.115	0.708848
269.163	0.728109
269.213	0.715854
269.263	0.709905
269.311	0.732551
269.36	0.719501
269.41	0.722285
269.459	0.718922
269.508	0.724311
269.557	0.722414
269.607	0.717372
269.656	0.726452
269.704	0.729642
269.753	0.728778
269.803	0.722237
269.852	0.735155
269.9	0.737521
269.949	0.733328
269.998	0.737664
270.046	0.743499
270.095	0.729534
270.144	0.735191
270.194	0.719358
270.242	0.74574
270.291	0.732318
270.34	0.730107
270.389	0.743808
270.438	0.738348
270.486	0.743063
270.535	0.747674
270.584	0.731354
270.633	0.740137
270.681	0.743768
270.731	0.734355
270.779	0.737585
270.828	0.736955
270.877	0.734407
270.925	0.749232
270.974	0.734324
271.023	0.732801
271.072	0.746604
271.121	0.73241
271.169	0.748488
271.218	0.739429
271.267	0.730359
271.316	0.740684
271.364	0.741532
271.413	0.733237
271.461	0.744893
271.51	0.73408
271.559	0.740552
271.608	0.731558
271.656	0.738223
271.705	0.735566
271.753	0.742448
271.803	0.724601
271.851	0.743589
271.9	0.738452
271.948	0.741552
271.997	0.734843
272.045	0.741352
272.094	0.735878
272.143	0.728875
272.192	0.724513
272.24	0.739839
272.289	0.735647
272.338	0.735106
272.387	0.731643
272.436	0.730489
272.484	0.733417
272.534	0.72315
272.582	0.741421
272.631	0.727751
272.68	0.723265
272.729	0.734615
272.777	0.732549
272.826	0.735531
272.875	0.728301
272.924	0.724424
272.972	0.732236
273.021	0.726523
273.07	0.734007
273.119	0.730622
273.167	0.732034
273.217	0.714312
273.265	0.736277
273.314	0.723006
273.363	0.729817
273.412	0.721453
273.461	0.719563
273.51	0.726316
273.559	0.720273
273.608	0.728471
273.657	0.720418
273.706	0.727887
273.755	0.719208
273.804	0.722634
273.853	0.722693
273.901	0.731581
273.951	0.720391
273.999	0.73121
274.049	0.713774
274.098	0.72903
274.147	0.721048
274.196	0.726095
274.245	0.730441
274.293	0.744648
274.343	0.722536
274.392	0.734744
274.44	0.736539
274.49	0.727774
274.539	0.727841
274.587	0.746806
274.636	0.728154
274.685	0.739417
274.734	0.722296
274.783	0.741767
274.832	0.732465
274.881	0.732716
274.93	0.731526
274.979	0.742054
275.027	0.742571
275.076	0.738078
275.125	0.731225
275.174	0.730566
275.223	0.745841
275.271	0.740014
275.321	0.730103
275.37	0.736506
275.419	0.739792
275.468	0.737942
275.516	0.744118
275.566	0.733147
275.614	0.739707
275.664	0.734933
275.712	0.749591
275.761	0.732876
275.81	0.733274
275.859	0.748977
275.907	0.739409
275.956	0.739921
276.005	0.746857
276.054	0.737354
276.103	0.741463
276.152	0.739518
276.201	0.740364
276.25	0.739508
276.299	0.739727
276.348	0.737123
276.395	0.762987
276.444	0.738041
276.493	0.737597
276.543	0.734386
276.591	0.747765
276.64	0.741189
276.688	0.743444
276.738	0.732758
276.786	0.74161
276.835	0.734082
276.884	0.738578
276.932	0.751536
276.982	0.723773
277.031	0.736569
277.08	0.740587
277.13	0.736375
277.177	0.757768
277.227	0.73064
277.276	0.730291
277.325	0.74142
277.374	0.738862
277.422	0.735593
277.472	0.731986
277.52	0.735189
277.569	0.737068
277.619	0.734364
277.668	0.732869
277.716	0.755022
277.765	0.727568
277.815	0.728728
277.864	0.740855
277.913	0.73104
277.962	0.734883
278.01	0.75057
278.059	0.732072
278.109	0.723939
278.157	0.736359
278.207	0.734165
278.255	0.738927
278.305	0.734539
278.354	0.731178
278.403	0.744093
278.452	0.729575
278.501	0.750327
278.549	0.739739
278.599	0.734245
278.648	0.739081
278.696	0.749212
278.745	0.734337
278.794	0.737866
278.844	0.736916
278.892	0.749181
278.941	0.746192
278.99	0.745638
279.039	0.748324
279.089	0.731734
279.137	0.749381
279.187	0.741096
279.235	0.754392
279.284	0.749814
279.332	0.744796
279.381	0.745229
279.43	0.748941
279.479	0.744658
279.528	0.74855
279.577	0.751557
279.625	0.75198
279.673	0.758847
279.722	0.74919
279.772	0.740097
279.82	0.763108
279.869	0.74905
279.917	0.754835
279.966	0.742737
280.015	0.744458
280.064	0.759707
280.112	0.747675
280.161	0.754004
280.21	0.747379
280.259	0.747058
280.308	0.751237
280.356	0.754551
280.405	0.748848
280.454	0.751656
280.502	0.749318
280.551	0.742786
280.6	0.74912
280.648	0.753445
280.697	0.745456
280.746	0.748055
280.795	0.740079
280.843	0.757641
280.892	0.74521
280.941	0.744989
280.989	0.757008
281.038	0.746749
281.086	0.751155
281.135	0.746478
281.184	0.729314
281.232	0.758678
281.281	0.743296
281.33	0.73558
281.379	0.739665
281.427	0.760516
281.476	0.739355
281.525	0.737425
281.573	0.760622
281.622	0.738926
281.671	0.752442
281.72	0.736897
281.769	0.74424
281.817	0.744409
281.866	0.735546
281.915	0.7384
281.964	0.742428
282.013	0.741418
282.061	0.751142
282.11	0.749391
282.159	0.744643
282.207	0.750892
282.257	0.734338
282.305	0.751047
282.354	0.742052
282.403	0.736372
282.452	0.749133
282.501	0.734827
282.55	0.737995
282.599	0.741735
282.648	0.75018
282.697	0.745842
282.746	0.747094
282.795	0.745858
282.843	0.750357
282.892	0.750193
282.941	0.742163
282.99	0.752347
283.038	0.752768
283.088	0.734581
283.136	0.752999
283.186	0.743074
283.235	0.748602
283.283	0.753383
283.333	0.740494
283.382	0.746883
283.43	0.763773
283.479	0.74965
283.529	0.749011
283.578	0.750928
283.627	0.743147
283.675	0.75978
283.724	0.75339
283.774	0.742962
283.822	0.756919
283.871	0.755303
283.92	0.750154
283.969	0.752409
284.018	0.763449
284.066	0.767723
284.116	0.744434
284.164	0.762265
284.213	0.763363
284.262	0.752897
284.31	0.763578
284.359	0.754313
284.409	0.745219
284.457	0.768575
284.505	0.758223
284.555	0.74834
284.604	0.757374
284.652	0.76892
284.701	0.762339
284.749	0.766435
284.798	0.766034
284.847	0.758417
284.895	0.771401
284.944	0.763432
284.992	0.765626
285.041	0.761105