95.0092	0.194595
95.0467	0.202002
95.0847	0.200889
95.1231	0.199351
95.1613	0.200271
95.1995	0.200492
95.2377	0.201185
95.2759	0.201128
95.3143	0.200735
95.3522	0.203142
95.391	0.199759
95.4299	0.198845
95.4678	0.202019
95.5063	0.198918
95.5446	0.201501
95.583	0.202462
95.6218	0.200435
95.6609	0.200232
95.6991	0.20451
95.7374	0.204529
95.7762	0.201555
95.8153	0.201047
95.8538	0.205311
95.8929	0.201875
95.9318	0.201298
95.9699	0.204938
96.0095	0.19865
96.0475	0.208879
96.0871	0.199516
96.1258	0.205884
96.165	0.204324
96.2046	0.202946
96.2434	0.208873
96.2824	0.207376
96.3214	0.207892
96.361	0.204511
96.3998	0.20838
96.4393	0.205529
96.4785	0.205748
96.518	0.20339
96.5575	0.202912
96.5962	0.207897
96.6361	0.20451
96.6756	0.207113
96.7151	0.208996
96.755	0.206576
96.7942	0.210919
96.8339	0.207812
96.8736	0.208451
96.9129	0.210191
96.9526	0.207223
96.9928	0.205973
97.0319	0.213746
97.0715	0.212443
97.1119	0.208555
97.151	0.21492
97.1914	0.208613
97.2308	0.213224
97.2713	0.207378
97.3111	0.211499
97.3509	0.212874
97.3913	0.209702
97.4309	0.211613
97.4705	0.210651
97.5105	0.208921
97.5506	0.209306
97.5906	0.214247
97.6311	0.213914
97.6708	0.218822
97.7113	0.213216
97.7508	0.217594
97.7917	0.209773
97.8312	0.21694
97.8722	0.209796
97.9122	0.21497
97.9526	0.213309
97.9928	0.212531
98.0326	0.21383
98.0734	0.208714
98.1142	0.210526
98.1539	0.218849
98.1944	0.216161
98.2354	0.215448
98.275	0.225014
98.3161	0.216243
98.3564	0.219832
98.3968	0.21854
98.4371	0.217789
98.4774	0.217778
98.5184	0.212432
98.5587	0.214309
98.5993	0.21221
98.6401	0.213596
98.6798	0.222002
98.7212	0.214158
98.7614	0.223943
98.8025	0.221102
98.8434	0.223439
98.8842	0.223718
98.9245	0.225739
98.9651	0.222864
99.0059	0.220729
99.0469	0.218168
99.0879	0.216767
99.129	0.216314
99.1702	0.215639
99.2108	0.219999
99.2518	0.219519
99.2929	0.21978
99.3343	0.220752
99.3751	0.224854
99.4159	0.226737
99.4571	0.225
99.4983	0.224024
99.5394	0.222532
99.5809	0.219037
99.6223	0.219108
99.6632	0.220677
99.7045	0.219217
99.7459	0.218759
99.7867	0.22331
99.8284	0.219299
99.8698	0.222709
99.9105	0.227579
99.9524	0.223663
99.9936	0.228188
100.035	0.225112
100.077	0.225319
100.118	0.224839
100.16	0.222662
100.201	0.224906
100.242	0.221922
100.283	0.223351
100.325	0.22041
100.367	0.220651
100.408	0.223605
100.45	0.223115
100.491	0.231029
100.533	0.230085
100.575	0.229008
100.616	0.231415
100.658	0.228564
100.7	0.228452
100.742	0.227733
100.783	0.22762
100.825	0.226981
100.867	0.227445
100.908	0.22668
100.95	0.227224
100.993	0.221852
101.034	0.230177
101.076	0.223385
101.118	0.230403
101.16	0.226814
101.201	0.23237
101.244	0.230909
101.286	0.232824
101.328	0.233744
101.369	0.231661
101.412	0.230518
101.454	0.227927
101.495	0.234253
101.537	0.229982
101.58	0.225923
101.622	0.230486
101.664	0.229663
101.706	0.230374
101.749	0.228209
101.791	0.229681
101.833	0.233166
101.876	0.231878
101.918	0.23687
101.959	0.24096
102.002	0.232631
102.044	0.233636
102.087	0.233422
102.129	0.232321
102.171	0.233697
102.214	0.231088
102.256	0.231445
102.299	0.228246
102.341	0.234993
102.384	0.229739
102.427	0.230702
102.469	0.232959
102.511	0.236338
102.555	0.232123
102.597	0.238516
102.64	0.239039
102.682	0.240213
102.725	0.241598
102.767	0.237845
102.81	0.234845
102.853	0.235081
102.896	0.235036
102.938	0.235904
102.981	0.235058
103.024	0.232663
103.067	0.235945
103.11	0.233633
103.152	0.237274
103.195	0.238056
103.238	0.237692
103.281	0.240472
103.324	0.241362
103.367	0.241575
103.409	0.244802
103.452	0.238418
103.495	0.238889
103.538	0.233214
103.582	0.228679
103.625	0.233519
103.667	0.241505
103.711	0.23345
103.754	0.241528
103.797	0.239435
103.84	0.244221
103.883	0.242439
103.926	0.245499
103.969	0.242821
104.012	0.245935
104.055	0.239287
104.098	0.238905
104.141	0.241048
104.185	0.237561
104.228	0.243375
104.271	0.243157
104.314	0.245395
104.357	0.244308
104.4	0.246652
104.444	0.246735
104.487	0.244785
104.531	0.241724
104.574	0.242513
104.617	0.244742
104.66	0.245781
104.703	0.244138
104.746	0.244085
104.79	0.245064
104.833	0.248113
104.877	0.244889
104.92	0.250546
104.963	0.248632
105.007	0.24903
105.051	0.245392
105.094	0.24625
105.137	0.243058
105.181	0.242378
105.224	0.246342
105.268	0.244518
105.311	0.246695
105.355	0.249408
105.399	0.247801
105.443	0.24499
105.486	0.25312
105.529	0.252462
105.573	0.246428
105.617	0.252074
105.661	0.245381
105.704	0.24986
105.748	0.245489
105.791	0.247422
105.835	0.242072
105.879	0.25014
105.923	0.24679
105.966	0.250382
106.01	0.249694
106.055	0.246971
106.098	0.255148
106.142	0.25424
106.186	0.251242
106.23	0.250211
106.273	0.247265
106.317	0.246231
106.361	0.247077
106.405	0.250726
106.448	0.258611
106.492	0.251564
106.536	0.2546
106.58	0.257949
106.624	0.253596
106.668	0.253908
106.712	0.251063
106.756	0.246207
106.8	0.246917
106.844	0.24809
106.888	0.246197
106.932	0.254793
106.976	0.251746
107.02	0.25816
107.065	0.255793
107.109	0.261422
107.153	0.259126
107.196	0.262375
107.24	0.257538
107.284	0.255135
107.329	0.248715
107.373	0.25036
107.417	0.249231
107.461	0.250819
107.505	0.259346
107.55	0.254969
107.593	0.261414
107.638	0.260474
107.682	0.265124
107.726	0.26472
107.771	0.259397
107.815	0.259429
107.859	0.258447
107.904	0.252023
107.947	0.259089
107.991	0.252256
108.036	0.248502
108.081	0.254138
108.125	0.258065
108.17	0.255958
108.214	0.265263
108.258	0.263242
108.303	0.266681
108.347	0.260793
108.392	0.258565
108.436	0.259079
108.48	0.25908
108.525	0.254281
108.57	0.255988
108.615	0.256164
108.659	0.256068
108.704	0.262393
108.748	0.261588
108.792	0.265991
108.837	0.261279
108.882	0.262382
108.927	0.262648
108.971	0.263861
109.016	0.258735
109.06	0.261891
109.105	0.261364
109.15	0.262099
109.194	0.263019
109.239	0.264516
109.284	0.263523
109.328	0.265038
109.373	0.266109
109.418	0.262456
109.463	0.262547
109.507	0.263144
109.552	0.260863
109.597	0.261441
109.642	0.265963
109.686	0.265065
109.731	0.265065
109.776	0.266293
109.821	0.265892
109.865	0.272134
109.911	0.261397
109.955	0.270886
110	0.265452
110.045	0.265545
110.09	0.263666
110.134	0.262324
110.18	0.259782
110.225	0.265439
110.269	0.268953
110.314	0.269628
110.359	0.26984
110.404	0.270138
110.449	0.271834
110.493	0.270912
110.539	0.266066
110.584	0.266405
110.629	0.265073
110.673	0.26673
110.719	0.261602
110.764	0.268757
110.809	0.267281
110.854	0.269194
110.899	0.270865
110.944	0.273031
110.989	0.269725
111.034	0.275037
111.08	0.268694
111.125	0.267721
111.169	0.27051
111.214	0.265883
111.26	0.262418
111.305	0.265222
111.35	0.268149
111.396	0.269561
111.441	0.26857
111.487	0.273015
111.532	0.274318
111.577	0.277446
111.622	0.276152
111.667	0.274522
111.712	0.270631
111.758	0.26936
111.803	0.267958
111.848	0.272349
111.894	0.266989
111.939	0.274097
111.984	0.273434
112.03	0.273756
112.075	0.272348
112.12	0.281231
112.166	0.274739
112.211	0.27461
112.256	0.275799
112.301	0.272989
112.347	0.269516
112.392	0.272663
112.437	0.273066
112.483	0.275608
112.528	0.272917
112.574	0.276109
112.619	0.275557
112.664	0.277125
112.71	0.275909
112.755	0.279545
112.801	0.275771
112.846	0.278378
112.891	0.274285
112.937	0.272946
112.982	0.279255
113.028	0.269787
113.073	0.278536
113.118	0.275805
113.164	0.277173
113.209	0.277594
113.255	0.274021
113.3	0.277893
113.346	0.279681
113.392	0.274758
113.437	0.279678
113.482	0.277672
113.528	0.276397
113.574	0.276258
113.619	0.279376
113.665	0.272914
113.71	0.278009
113.756	0.271616
113.802	0.276427
113.847	0.277832
113.893	0.274573
113.938	0.282435
113.984	0.278121
114.03	0.276452
114.075	0.28275
114.121	0.27765
114.167	0.280858
114.213	0.277666
114.258	0.276806
114.304	0.277669
114.349	0.273022
114.395	0.274165
114.441	0.270882
114.487	0.273978
114.533	0.273685
114.579	0.274796
114.625	0.273339
114.67	0.278852
114.716	0.279815
114.762	0.277323
114.808	0.280051
114.853	0.279147
114.9	0.272188
114.945	0.272317
114.991	0.27451
115.037	0.27479
115.083	0.276609
115.129	0.278879
115.175	0.276882
115.221	0.280591
115.267	0.279802
115.312	0.28511
115.358	0.279208
115.404	0.283237
115.449	0.280399
115.496	0.275645
115.542	0.280012
115.588	0.280115
115.633	0.284808
115.679	0.279242
115.725	0.284964
115.771	0.287184
115.817	0.286637
115.863	0.286174
115.909	0.291391
115.955	0.284103
116.001	0.284813
116.046	0.285255
116.093	0.280259
116.138	0.285797
116.184	0.290009
116.23	0.284976
116.276	0.287043
116.323	0.283865
116.368	0.295884
116.414	0.287742
116.46	0.292509
116.506	0.289317
116.552	0.288007
116.598	0.288904
116.644	0.284252
116.69	0.292091
116.736	0.288356
116.782	0.29223
116.828	0.291766
116.874	0.291386
116.919	0.295231
116.966	0.286809
117.012	0.293833
117.058	0.291088
117.104	0.295346
117.15	0.292355
117.196	0.291848
117.242	0.286953
117.288	0.293824
117.334	0.293518
117.38	0.298498
117.427	0.290773
117.472	0.297479
117.519	0.290323
117.565	0.29554
117.611	0.293392
117.658	0.290057
117.704	0.296963
117.75	0.292255
117.796	0.295239
117.842	0.295472
117.889	0.293333
117.935	0.298088
117.981	0.2947
118.028	0.297142
118.074	0.296448
118.12	0.299305
118.167	0.290534
118.213	0.29314
118.259	0.288136
118.306	0.289542
118.351	0.295712
118.398	0.290943
118.443	0.298134
118.489	0.294593
118.536	0.291613
118.583	0.2909
118.628	0.298491
118.675	0.292372
118.721	0.292287
118.767	0.297472
118.814	0.293932
118.86	0.293612
118.906	0.29417
118.952	0.296575
118.999	0.297155
119.045	0.296007
119.092	0.295988
119.138	0.298978
119.184	0.301818
119.23	0.299891
119.277	0.294062
119.323	0.299202
119.37	0.297629
119.416	0.297517
119.462	0.300398
119.509	0.297636
119.555	0.298515
119.602	0.297605
119.647	0.304134
119.694	0.296411
119.74	0.30636
119.787	0.300456
119.833	0.304909
119.879	0.305987
119.925	0.304609
119.973	0.29796
120.019	0.302054
120.065	0.304664
120.112	0.302257
120.159	0.303566
120.205	0.306655
120.251	0.30458
120.298	0.302921
120.344	0.302435
120.39	0.306918
120.437	0.304487
120.484	0.304015
120.53	0.304467
120.576	0.307416
120.623	0.304368
120.67	0.304097
120.716	0.305973
120.762	0.306234
120.809	0.301658
120.855	0.30482
120.902	0.303743
120.949	0.303819
120.995	0.311788
121.042	0.30688
121.089	0.30236
121.134	0.315275
121.181	0.305947
121.227	0.311542
121.274	0.304098
121.321	0.305297
121.367	0.305946
121.413	0.31293
121.46	0.306188
121.506	0.311556
121.553	0.309997
121.6	0.307072
121.646	0.312956
121.693	0.307826
121.739	0.318591
121.786	0.309012
121.833	0.311408
121.879	0.310787
121.925	0.316857
121.971	0.316055
122.018	0.312035
122.065	0.312844
122.111	0.312985
122.158	0.312197
122.204	0.313251
122.251	0.309302
122.297	0.322582
122.344	0.311057
122.39	0.313767
122.436	0.322168
122.483	0.317421
122.53	0.310017
122.576	0.325897
122.623	0.31627
122.669	0.318016
122.716	0.315841
122.762	0.320746
122.809	0.314095
122.856	0.312604
122.902	0.318602
122.948	0.31846
122.995	0.314091
123.042	0.314702
123.088	0.321543
123.135	0.314774
123.182	0.319765
123.228	0.321852
123.275	0.32136
123.321	0.325968
123.368	0.319665
123.415	0.319577
123.461	0.323504
123.508	0.319114
123.555	0.316706
123.602	0.31951
123.648	0.326139
123.694	0.326238
123.741	0.326582
123.787	0.324153
123.834	0.325467
123.881	0.325885
123.928	0.32515
123.974	0.325434
124.021	0.327463
124.068	0.326235
124.114	0.327351
124.16	0.331704
124.207	0.325999
124.254	0.326135
124.3	0.332268
124.346	0.330815
124.394	0.325874
124.44	0.332624
124.487	0.328555
124.534	0.330337
124.581	0.326031
124.627	0.332713
124.674	0.327621
124.72	0.335063
124.767	0.330902
124.813	0.33805
124.86	0.329478
124.907	0.334439
124.953	0.335191
125	0.329539
125.047	0.332287
125.094	0.335841
125.14	0.337471
125.187	0.33375
125.234	0.339185
125.281	0.332664
125.328	0.338567
125.374	0.341118
125.421	0.334092
125.467	0.341593
125.514	0.335645
125.562	0.331002
125.608	0.338217
125.655	0.338415
125.702	0.33621
125.749	0.335949
125.795	0.341623
125.842	0.336817
125.889	0.336133
125.935	0.338213
125.982	0.342658
126.029	0.340939
126.075	0.344058
126.122	0.338508
126.169	0.34169
126.216	0.334447
126.263	0.340792
126.31	0.340452
126.356	0.342243
126.404	0.338669
126.45	0.347983
126.497	0.33496
126.544	0.345111
126.591	0.339507
126.638	0.347042
126.684	0.347269
126.731	0.346795
126.778	0.346046
126.825	0.34703
126.872	0.341241
126.918	0.348682
126.965	0.344274
127.012	0.346567
127.059	0.342828
127.105	0.350999
127.152	0.344883
127.2	0.340979
127.246	0.353261
127.292	0.349274
127.34	0.343774
127.387	0.347977
127.433	0.347555
127.48	0.348754
127.526	0.351388
127.574	0.339931
127.621	0.345365
127.668	0.351486
127.714	0.354699
127.761	0.350878
127.808	0.349782
127.855	0.350687
127.901	0.3557
127.948	0.352978
127.995	0.353211
128.041	0.350942
128.089	0.341795
128.135	0.353395
128.182	0.340916
128.229	0.348445
128.276	0.348126
128.323	0.345971
128.369	0.351892
128.416	0.348944
128.463	0.346469
128.51	0.350332
128.556	0.356279
128.603	0.345391
128.65	0.34957
128.697	0.353205
128.744	0.348446
128.79	0.3498
128.837	0.346288
128.884	0.348704
128.931	0.347595
128.977	0.349556
129.024	0.350139
129.071	0.347148
129.118	0.351453
129.165	0.348611
129.211	0.35291
129.258	0.349165
129.305	0.349181
129.352	0.352978
129.399	0.351368
129.446	0.350798
129.493	0.352022
129.54	0.349617
129.587	0.346834
129.634	0.349578
129.681	0.348786
129.727	0.354111
129.775	0.346506
129.821	0.356665
129.868	0.349619
129.915	0.348903
129.962	0.353364
130.009	0.353526
130.056	0.352842
130.104	0.35215
130.15	0.360816
130.197	0.355366
130.244	0.351488
130.29	0.356808
130.337	0.354966
130.384	0.353719
130.431	0.352057
130.478	0.356907
130.525	0.352302
130.572	0.357971
130.619	0.355042
130.666	0.353695
130.713	0.357073
130.76	0.361828
130.807	0.357829
130.854	0.355097
130.901	0.364019
130.948	0.351562
130.995	0.364041
131.042	0.355687
131.088	0.367472
131.136	0.353328
131.183	0.365666
131.23	0.359541
131.277	0.363637
131.324	0.3647
131.371	0.362041
131.418	0.364885
131.465	0.362435
131.512	0.362573
131.559	0.357958
131.606	0.359546
131.653	0.364785
131.699	0.366127
131.747	0.361035
131.794	0.361397
131.841	0.364814
131.888	0.366062
131.936	0.366561
131.982	0.370021
132.029	0.37287
132.076	0.370513
132.123	0.364485
132.17	0.368714
132.218	0.362416
132.264	0.374411
132.312	0.368185
132.359	0.364378
132.406	0.373611
132.453	0.373437
132.5	0.368889
132.548	0.368522
132.595	0.371922
132.642	0.373526
132.689	0.373656
132.736	0.372782
132.783	0.372178
132.831	0.365658
132.878	0.371204
132.925	0.3655
132.972	0.371693
133.019	0.373574
133.066	0.368083
133.113	0.377374
133.161	0.372384
133.207	0.381387
133.254	0.38041
133.302	0.373072
133.348	0.379284
133.396	0.370571
133.443	0.377582
133.49	0.374944
133.537	0.370122
133.584	0.375084
133.631	0.371554
133.678	0.373047
133.726	0.368859
133.773	0.375459
133.82	0.378202
133.867	0.375147
133.915	0.377455
133.961	0.381105
134.009	0.37803
134.055	0.380822
134.103	0.372766
134.15	0.372237
134.197	0.376352
134.245	0.370446
134.291	0.379653
134.339	0.373277
134.386	0.378158
134.433	0.376377
134.479	0.3841
134.527	0.373475
134.574	0.380673
134.621	0.382414
134.669	0.375326
134.716	0.383618
134.763	0.382508
134.81	0.380005
134.858	0.378454
134.905	0.377177
134.952	0.383652
134.999	0.380736
135.046	0.383671
135.094	0.375734
135.141	0.378749
135.188	0.382081
135.235	0.379009
135.282	0.384434
135.33	0.382508
135.377	0.384619
135.425	0.381213
135.472	0.383803
135.519	0.388048
135.567	0.383258
135.614	0.38889
135.662	0.382079
135.709	0.390388
135.757	0.384992
135.804	0.388463
135.851	0.385514
135.899	0.385244
135.946	0.390101
135.994	0.38322
136.041	0.385933
136.088	0.390573
136.136	0.385453
136.183	0.389956
136.23	0.392399
136.277	0.387018
136.326	0.380208
136.373	0.390062
136.42	0.393533
136.467	0.390259
136.515	0.388038
136.561	0.398472
136.609	0.386264
136.657	0.393565
136.705	0.384484
136.751	0.396004
136.799	0.390373
136.846	0.389222
136.893	0.391504
136.941	0.387987
136.988	0.392381
137.035	0.395055
137.083	0.391145
137.131	0.387717
137.179	0.390754
137.225	0.402442
137.273	0.392781
137.32	0.397396
137.367	0.395596
137.415	0.395497
137.462	0.392815
137.51	0.396077
137.557	0.397029
137.605	0.394367
137.652	0.397083
137.7	0.393399
137.747	0.403316
137.795	0.394479
137.842	0.399016
137.889	0.401201
137.936	0.401323
137.984	0.39809
138.031	0.397687
138.078	0.399945
138.126	0.395954
138.173	0.398085
138.221	0.400503
138.269	0.398293
138.316	0.404433
138.363	0.399644
138.41	0.408262
138.458	0.402506
138.505	0.403394
138.553	0.405125
138.6	0.402599
138.648	0.397423
138.695	0.404637
138.743	0.394039
138.79	0.405321
138.838	0.402191
138.885	0.399085
138.933	0.398924
138.98	0.400178
139.027	0.401295
139.076	0.393682
139.123	0.404373
139.17	0.407189
139.217	0.404947
139.265	0.398267
139.313	0.402506
139.36	0.405396
139.407	0.402745
139.455	0.398466
139.503	0.400473
139.55	0.404682
139.597	0.403893
139.644	0.404805
139.692	0.396419
139.74	0.402122
139.787	0.400665
139.835	0.401206
139.883	0.400624
139.93	0.408567
139.978	0.402835
140.025	0.401972
140.073	0.40538
140.12	0.405613
140.167	0.403581
140.215	0.405391
140.263	0.398433
140.31	0.41033
140.358	0.403789
140.405	0.406209
140.453	0.407098
140.5	0.409694
140.548	0.406148
140.596	0.40572
140.643	0.410036
140.691	0.402842
140.739	0.400808
140.786	0.411917
140.833	0.407977
140.881	0.407754
140.928	0.409577
140.976	0.403432
141.024	0.405965
141.071	0.413766
141.119	0.406023
141.166	0.417791
141.213	0.41136
141.262	0.402375
141.31	0.407693
141.357	0.414105
141.404	0.408497
141.453	0.402886
141.5	0.411971
141.548	0.412638
141.595	0.410426
141.643	0.408
141.691	0.411358
141.739	0.412945
141.786	0.409828
141.834	0.411552
141.882	0.409436
141.929	0.413473
141.977	0.408998
142.025	0.411315
142.072	0.410567
142.12	0.410565
142.168	0.405934
142.216	0.413142
142.264	0.408446
142.311	0.412709
142.359	0.409567
142.407	0.412659
142.454	0.414881
142.502	0.409784
142.55	0.411794
142.597	0.411286
142.645	0.414046
142.693	0.410178
142.74	0.413264
142.788	0.40928
142.836	0.412021
142.883	0.414393
142.932	0.405367
142.979	0.413205
143.027	0.412154
143.075	0.417077
143.122	0.415008
143.17	0.416329
143.218	0.418955
143.266	0.41434
143.314	0.415809
143.361	0.422171
143.409	0.413716
143.456	0.419859
143.505	0.413909
143.552	0.41814
143.6	0.413334
143.648	0.416282
143.695	0.415214
143.743	0.416936
143.791	0.414064
143.839	0.415493
143.887	0.423085
143.935	0.417131
143.982	0.421172
144.03	0.419883
144.078	0.412672
144.126	0.419741
144.174	0.419044
144.221	0.424567
144.269	0.417588
144.317	0.41433
144.365	0.421086
144.412	0.425111
144.46	0.424519
144.508	0.418974
144.556	0.42483
144.604	0.418659
144.652	0.426075
144.699	0.424102
144.747	0.421614
144.796	0.414709
144.844	0.423027
144.892	0.421356
144.94	0.416918
144.987	0.431956
145.036	0.421748
145.084	0.425003
145.132	0.426835
145.179	0.428564
145.227	0.427336
145.275	0.425415
145.323	0.422456
145.37	0.425038
145.418	0.419686
145.466	0.422774
145.515	0.414912
145.563	0.418332
145.611	0.422777
145.659	0.423092
145.706	0.429714
145.754	0.427924
145.802	0.424861
145.85	0.422031
145.898	0.419345
145.946	0.423168
145.994	0.423405
146.042	0.42311
146.09	0.419913
146.137	0.432273
146.186	0.42019
146.234	0.424516
146.281	0.428933
146.329	0.427943
146.378	0.423279
146.425	0.426621
146.473	0.429321
146.522	0.418071
146.569	0.430527
146.617	0.425175
146.666	0.419026
146.713	0.428004
146.761	0.426356
146.809	0.427858
146.857	0.426055
146.905	0.432543
146.953	0.428639
147.001	0.434027
147.048	0.438205
147.097	0.425567
147.145	0.427485
147.193	0.427466
147.24	0.430898
147.288	0.430121
147.336	0.427062
147.385	0.420926
147.432	0.439944
147.481	0.423994
147.529	0.433025
147.577	0.437762
147.625	0.431951
147.673	0.431344
147.721	0.433567
147.768	0.436049
147.816	0.429173
147.865	0.426869
147.913	0.430622
147.961	0.430906
148.009	0.428298
148.057	0.430224
148.105	0.430337
148.153	0.431292
148.201	0.430923
148.249	0.43506
148.297	0.431748
148.345	0.42871
148.393	0.432333
148.44	0.432135
148.489	0.427952
148.537	0.431586
148.584	0.433354
148.632	0.433192
148.68	0.430435
148.728	0.434676
148.776	0.437504
148.824	0.438741
148.871	0.43974
148.92	0.429606
148.968	0.441455
149.016	0.433845
149.064	0.436947
149.112	0.437878
149.159	0.4362
149.208	0.433476
149.255	0.438413
149.303	0.436771
149.351	0.428704
149.399	0.43263
149.447	0.437508
149.495	0.435299
149.543	0.431288
149.592	0.435256
149.639	0.445342
149.686	0.444173
149.735	0.437398
149.783	0.439903
149.831	0.436075
149.879	0.439559
149.927	0.439206
149.975	0.435369
150.022	0.448275
150.07	0.440857
150.118	0.439627
150.167	0.438011
150.214	0.445164
150.262	0.439264
150.31	0.44379
150.358	0.446145
150.406	0.440686
150.455	0.436287
150.502	0.447807
150.55	0.44623
150.599	0.440736
150.646	0.444884
150.694	0.450172
150.742	0.443318
150.791	0.436009
150.838	0.4483
150.886	0.448727
150.935	0.438516
150.982	0.447535
151.031	0.441243
151.079	0.440462
151.127	0.44647
151.175	0.444461
151.222	0.444273
151.271	0.437828
151.319	0.447262
151.367	0.441351
151.415	0.451596
151.463	0.444205
151.511	0.447195
151.56	0.441223
151.608	0.44993
151.656	0.446616
151.704	0.447603
151.751	0.450982
151.8	0.440589
151.847	0.451086
151.896	0.440705
151.944	0.444863
151.993	0.442693
152.04	0.450077
152.089	0.442946
152.137	0.449437
152.185	0.450913
152.233	0.447145
152.281	0.457368
152.328	0.45368
152.377	0.445625
152.425	0.445849
152.473	0.448328
152.522	0.448676
152.57	0.452416
152.618	0.45183
152.666	0.449435
152.713	0.454518
152.762	0.447833
152.81	0.44995
152.858	0.448606
152.906	0.452652
152.954	0.4509
153.003	0.445766
153.051	0.45324
153.099	0.44914
153.147	0.447041
153.195	0.447109
153.243	0.447602
153.292	0.447666
153.34	0.447484
153.388	0.451787
153.436	0.450767
153.484	0.450382
153.533	0.447358
153.581	0.457997
153.629	0.453986
153.677	0.451799
153.725	0.451091
153.773	0.456138
153.822	0.44736
153.871	0.446459
153.919	0.45643
153.966	0.456887
154.015	0.448449
154.063	0.453744
154.112	0.447718
154.16	0.455449
154.208	0.452747
154.256	0.4534
154.305	0.458071
154.353	0.45905
154.401	0.453646
154.45	0.458906
154.498	0.458214
154.546	0.45631
154.594	0.457969
154.643	0.450283
154.691	0.450701
154.739	0.462086
154.788	0.448133
154.835	0.462119
154.883	0.459649
154.932	0.45363
154.98	0.459964
155.028	0.456948
155.076	0.459167
155.125	0.459274
155.173	0.457423
155.221	0.46072
155.27	0.448942
155.318	0.458878
155.366	0.45767
155.414	0.456869
155.463	0.457053
155.51	0.462776
155.559	0.453284
155.607	0.462398
155.655	0.467877
155.703	0.456087
155.752	0.459618
155.8	0.457862
155.848	0.467656
155.896	0.458594
155.944	0.457896
155.993	0.461191
156.042	0.450976
156.09	0.463356
156.138	0.460345
156.185	0.468382
156.234	0.46079
156.283	0.454029
156.331	0.470897
156.379	0.464255
156.427	0.459702
156.474	0.471688
156.523	0.452513
156.571	0.458717
156.62	0.456874
156.668	0.458643
156.717	0.45604
156.764	0.463666
156.813	0.456261
156.861	0.462527
156.909	0.46453
156.958	0.455744
157.006	0.463961
157.054	0.468511
157.102	0.458649
157.15	0.465654
157.198	0.466875
157.247	0.459643
157.295	0.457955
157.343	0.462108
157.391	0.4599
157.439	0.465103
157.487	0.461554
157.536	0.457709
157.584	0.459444
157.632	0.466323
157.681	0.461475
157.728	0.466225
157.777	0.460075
157.825	0.46042
157.873	0.458864
157.922	0.462291
157.97	0.458326
158.018	0.465432
158.066	0.464856
158.114	0.456878
158.163	0.457767
158.211	0.467345
158.259	0.465821
158.307	0.467885
158.356	0.459078
158.403	0.46766
158.452	0.458175
158.501	0.455173
158.548	0.473017
158.597	0.454982
158.645	0.463392
158.693	0.465466
158.742	0.462354
158.79	0.471295
158.838	0.468253
158.886	0.467453
158.934	0.470915
158.982	0.472156
159.031	0.464877
159.08	0.468672
159.128	0.470811
159.175	0.473496
159.224	0.464267
159.272	0.47464
159.32	0.47262
159.369	0.468583
159.417	0.474647
159.465	0.475817
159.513	0.471993
159.561	0.469532
159.609	0.473958
159.658	0.468109
159.706	0.47041
159.755	0.47048
159.803	0.467355
159.851	0.476348
159.9	0.468019
159.947	0.476961
159.996	0.46832
160.044	0.473446
160.093	0.47159
160.141	0.476255
160.19	0.46196
160.238	0.478988
160.287	0.468174
160.335	0.473623
160.383	0.476873
160.431	0.477972
160.479	0.466575
160.528	0.472751
160.576	0.468689
160.624	0.473394
160.673	0.465804
160.721	0.478846
160.769	0.473555
160.817	0.472968
160.866	0.47241
160.914	0.474293
160.962	0.473758
161.01	0.477228
161.059	0.471073
161.107	0.477
161.155	0.47265
161.203	0.46981
161.252	0.469921
161.3	0.473665
161.348	0.476642
161.396	0.473147
161.445	0.4661
161.493	0.481156
161.541	0.479373
161.589	0.475618
161.638	0.471165
161.686	0.482792
161.734	0.469722
161.782	0.481752
161.83	0.476646
161.878	0.477751
161.927	0.469917
161.975	0.483186
162.024	0.473306
162.072	0.4811
162.121	0.472039
162.169	0.483569
162.218	0.472276
162.265	0.497661
162.314	0.476291
162.362	0.485737
162.41	0.483505
162.458	0.480739
162.507	0.481825
162.555	0.479601
162.603	0.483743
162.651	0.481642
162.7	0.479379
162.748	0.483275
162.797	0.477202
162.844	0.489636
162.893	0.481033
162.941	0.487207
162.99	0.487444
163.038	0.489101
163.086	0.484048
163.134	0.489037
163.183	0.479592
163.231	0.484935
163.28	0.482614
163.328	0.48609
163.376	0.48729
163.425	0.481974
163.473	0.49082
163.521	0.486664
163.569	0.49102
163.618	0.488774
163.667	0.479847
163.715	0.49207
163.763	0.488938
163.811	0.486831
163.86	0.486399
163.908	0.490664
163.956	0.487821
164.005	0.486149
164.053	0.484882
164.101	0.491799
164.15	0.481378
164.198	0.495047
164.246	0.489693
164.295	0.488997
164.343	0.491739
164.392	0.486654
164.44	0.497434
164.488	0.49263
164.536	0.493217
164.585	0.488484
164.633	0.487409
164.681	0.49069
164.73	0.490318
164.778	0.490521
164.827	0.489406
164.875	0.496785
164.923	0.492034
164.971	0.499456
165.02	0.493349
165.068	0.490297
165.117	0.493014
165.165	0.494285
165.213	0.489067
165.261	0.498417
165.31	0.488086
165.358	0.496955
165.407	0.495709
165.455	0.49592
165.504	0.495695
165.552	0.499574
165.6	0.493891
165.648	0.500563
165.697	0.489962
165.745	0.50328
165.793	0.496002
165.842	0.497274
165.891	0.489944
165.939	0.499548
165.988	0.491149
166.036	0.494184
166.085	0.495289
166.132	0.505426
166.181	0.498622
166.23	0.495008
166.278	0.505143
166.327	0.490359
166.375	0.498895
166.424	0.50228
166.472	0.49792
166.52	0.497733
166.568	0.502899
166.618	0.490389
166.666	0.496071
166.714	0.499437
166.763	0.498017
166.811	0.504486
166.86	0.494156
166.908	0.509732
166.957	0.493976
167.006	0.502009
167.054	0.505823
167.102	0.497111
167.151	0.501313
167.199	0.500431
167.248	0.501787
167.296	0.502587
167.344	0.498546
167.393	0.50083
167.442	0.499568
167.49	0.50348
167.539	0.502415
167.587	0.510248
167.635	0.501996
167.683	0.510618
167.732	0.49993
167.781	0.497525
167.829	0.504907
167.878	0.502445
167.925	0.506731
167.974	0.499211
168.023	0.50155
168.071	0.499047
168.12	0.504594
168.168	0.50455
168.217	0.50491
168.264	0.512737
168.314	0.496218
168.362	0.507548
168.411	0.49687
168.459	0.510879
168.508	0.494535
168.556	0.510657
168.604	0.507313
168.652	0.499741
168.701	0.499752
168.75	0.503955
168.798	0.50639
168.846	0.512635
168.894	0.506145
168.942	0.507922
168.992	0.496074
169.04	0.506004
169.088	0.506188
169.137	0.498847
169.185	0.501
169.234	0.502667
169.282	0.503756
169.33	0.503822
169.378	0.507355
169.428	0.496326
169.476	0.500645
169.524	0.514828
169.573	0.501032
169.621	0.504441
169.669	0.508069
169.718	0.500632
169.766	0.505875
169.815	0.497404
169.864	0.508185
169.912	0.505015
169.96	0.511502
170.008	0.505901
170.057	0.504141
170.105	0.504684
170.154	0.506744
170.202	0.510756
170.251	0.500327
170.299	0.511691
170.348	0.5036
170.396	0.515032
170.444	0.508897
170.493	0.504542
170.541	0.510702
170.589	0.5088
170.638	0.507647
170.687	0.506026
170.735	0.506524
170.784	0.514168
170.832	0.511704
170.881	0.511898
170.929	0.512815
170.977	0.511613
171.026	0.511552
171.074	0.507893
171.122	0.514597
171.171	0.508059
171.219	0.514416
171.268	0.507113
171.316	0.507189
171.365	0.51187
171.414	0.507124
171.462	0.514508
171.51	0.518171
171.559	0.511637
171.607	0.512785
171.655	0.513244
171.704	0.512405
171.752	0.516246
171.801	0.510888
171.849	0.512512
171.898	0.512725
171.946	0.519189
171.994	0.512499
172.043	0.513786
172.092	0.514457
172.14	0.518424
172.189	0.514634
172.237	0.521521
172.286	0.506883
172.334	0.523692
172.382	0.513495
172.431	0.514573
172.479	0.515802
172.528	0.507941
172.576	0.52174
172.626	0.50927
172.674	0.52196
172.723	0.516687
172.771	0.517273
172.819	0.525738
172.868	0.520921
172.917	0.516151
172.965	0.521296
173.013	0.5214
173.062	0.512642
173.11	0.524274
173.159	0.521415
173.207	0.515331
173.256	0.519548
173.304	0.521744
173.353	0.52391
173.402	0.516551
173.449	0.531342
173.498	0.517086
173.547	0.527887
173.595	0.521088
173.644	0.516269
173.692	0.526946
173.74	0.52687
173.789	0.51586
173.837	0.531571
173.886	0.512799
173.934	0.52662
173.983	0.519847
174.032	0.519254
174.08	0.528224
174.129	0.525778
174.177	0.524433
174.226	0.520312
174.274	0.52432
174.322	0.52607
174.371	0.519016
174.419	0.526223
174.468	0.522788
174.516	0.525588
174.565	0.521402
174.613	0.523849
174.662	0.517767
174.71	0.536031
174.758	0.52451
174.806	0.528826
174.856	0.517018
174.904	0.526328
174.952	0.534429
175.001	0.524812
175.049	0.523702
175.098	0.528815
175.146	0.51987
175.195	0.526963
175.243	0.525241
175.292	0.521444
175.34	0.527611
175.389	0.528275
175.438	0.523057
175.486	0.530982
175.534	0.528562
175.583	0.524872
175.631	0.529874
175.68	0.528415
175.729	0.520361
175.778	0.522112
175.826	0.529805
175.874	0.530586
175.922	0.524901
175.972	0.517721
176.02	0.529166
176.068	0.530301
176.117	0.52329
176.165	0.53227
176.214	0.52829
176.263	0.524564
176.311	0.532369
176.36	0.527868
176.408	0.528403
176.457	0.527008
176.505	0.525507
176.553	0.530175
176.602	0.528122
176.65	0.530937
176.7	0.517504
176.748	0.528808
176.797	0.53057
176.846	0.526512
176.894	0.535253
176.943	0.530654
176.991	0.53242
177.039	0.535849
177.088	0.525506
177.137	0.5302
177.185	0.530012
177.234	0.525119
177.282	0.536644
177.331	0.525616
177.379	0.538025
177.428	0.533219
177.477	0.528274
177.525	0.532143
177.574	0.535104
177.622	0.534566
177.671	0.536407
177.72	0.527746
177.768	0.535239
177.815	0.54537
177.865	0.521867
177.914	0.531779
177.962	0.533781
178.011	0.534581
178.059	0.533388
178.108	0.536267
178.157	0.532816
178.205	0.540566
178.254	0.529045
178.303	0.534645
178.351	0.539874
178.399	0.534862
178.448	0.532409
178.497	0.535305
178.545	0.535883
178.595	0.52864
178.642	0.544195
178.691	0.533635
178.74	0.534484
178.789	0.537791
178.838	0.535816
178.886	0.54201
178.934	0.542917
178.983	0.535083
179.032	0.536598
179.081	0.53087
179.129	0.543473
179.178	0.533418
179.226	0.535475
179.275	0.538625
179.324	0.529816
179.372	0.551049
179.421	0.526599
179.469	0.543952
179.518	0.53418
179.567	0.542545
179.616	0.529784
179.664	0.548838
179.712	0.540174
179.761	0.538696
179.81	0.533477
179.858	0.540899
179.907	0.536087
179.957	0.532583
180.004	0.547592
180.053	0.538243
180.101	0.544538
180.15	0.542702
180.199	0.539122
180.248	0.539662
180.296	0.545023
180.346	0.532894
180.393	0.549957
180.442	0.540326
180.491	0.545045
180.539	0.542709
180.588	0.537137
180.637	0.534195
180.686	0.541621
180.734	0.545877
180.783	0.538336
180.831	0.547391
180.88	0.538545
180.929	0.539673
180.978	0.54615
181.026	0.546374
181.075	0.544477
181.124	0.53637
181.172	0.545671
181.221	0.546658
181.27	0.537934
181.319	0.539476
181.367	0.541067
181.416	0.543921
181.465	0.542329
181.514	0.544574
181.562	0.544053
181.611	0.54618
181.659	0.55007
181.708	0.545143
181.757	0.544675
181.806	0.536815
181.855	0.545616
181.904	0.53418
181.952	0.551164
182.001	0.543818
182.05	0.545408
182.098	0.549744
182.147	0.539043
182.196	0.548013
182.245	0.547044
182.293	0.546681
182.342	0.546411
182.391	0.54361
182.439	0.549655
182.488	0.543767
182.537	0.54558
182.585	0.553494
182.634	0.544145
182.683	0.542238
182.732	0.546917
182.78	0.557147
182.829	0.549792
182.878	0.552289
182.927	0.542541
182.976	0.547833
183.025	0.547389
183.073	0.552966
183.122	0.545392
183.17	0.55578
183.219	0.541055
183.268	0.548293
183.317	0.551188
183.365	0.549865
183.415	0.536087
183.463	0.559379
183.512	0.546362
183.56	0.552567
183.61	0.543084
183.658	0.552218
183.707	0.545333
183.756	0.542245
183.804	0.552979
183.853	0.543927
183.902	0.55314
183.951	0.539145
184	0.554581
184.048	0.55104
184.097	0.547415
184.146	0.550498
184.195	0.548603
184.244	0.546506
184.292	0.551149
184.341	0.546888
184.39	0.546494
184.439	0.54721
184.488	0.547574
184.536	0.547301
184.585	0.55223
184.635	0.541658
184.684	0.549441
184.732	0.554289
184.781	0.552353
184.829	0.557482
184.879	0.54488
184.927	0.554604
184.976	0.547216
185.025	0.548015
185.074	0.549533
185.123	0.546397
185.172	0.550124
185.221	0.558282
185.27	0.547061
185.319	0.555104
185.368	0.547143
185.417	0.551755
185.466	0.555181
185.514	0.555348
185.563	0.553597
185.612	0.554985
185.66	0.559271
185.71	0.54682
185.759	0.548453
185.808	0.552011
185.856	0.559702
185.905	0.557359
185.954	0.556912
186.003	0.548711
186.052	0.555995
186.101	0.554284
186.15	0.550265
186.199	0.559951
186.248	0.555437
186.296	0.558525
186.346	0.55179
186.394	0.561333
186.443	0.552734
186.491	0.561246
186.541	0.544325
186.59	0.552309
186.639	0.56106
186.687	0.55789
186.736	0.558561
186.786	0.550391
186.834	0.556241
186.883	0.562225
186.932	0.549824
186.981	0.558265
187.03	0.557904
187.079	0.556336
187.128	0.554726
187.177	0.554491
187.225	0.561414
187.274	0.552585
187.323	0.554136
187.372	0.559162
187.421	0.563117
187.469	0.559177
187.518	0.559605
187.567	0.554396
187.616	0.556946
187.665	0.560091
187.714	0.561386
187.763	0.560406
187.812	0.554507
187.861	0.559799
187.91	0.561501
187.959	0.556163
188.007	0.564333
188.056	0.56355
188.106	0.547929
188.155	0.565331
188.204	0.561021
188.253	0.562295
188.302	0.564817
188.35	0.564176
188.399	0.565773
188.449	0.557984
188.497	0.56347
188.546	0.564629
188.595	0.562094
188.645	0.558458
188.694	0.564006
188.742	0.566094
188.791	0.568375
188.84	0.56409
188.889	0.56772
188.938	0.568988
188.986	0.56848
189.036	0.562691
189.085	0.565788
189.134	0.562009
189.182	0.569275
189.231	0.566915
189.28	0.564267
189.33	0.566327
189.379	0.562322
189.428	0.566309
189.476	0.579753
189.525	0.567524
189.575	0.568927
189.623	0.57413
189.673	0.567139
189.721	0.576129
189.77	0.571018
189.819	0.571569
189.869	0.557584
189.917	0.57037
189.966	0.574415
190.014	0.575383
190.064	0.560647
190.113	0.571638
190.162	0.577411
190.211	0.561489
190.26	0.576397
190.309	0.57049
190.357	0.575861
190.407	0.566361
190.456	0.565415
190.505	0.571701
190.554	0.567321
190.603	0.57522
190.652	0.567099
190.7	0.576762
190.75	0.566702
190.799	0.567073
190.848	0.574388
190.897	0.571247
190.946	0.572369
190.995	0.566215
191.044	0.566417
191.093	0.569446
191.142	0.567497
191.191	0.570036
191.24	0.563941
191.29	0.567719
191.338	0.571578
191.387	0.572522
191.436	0.565068
191.486	0.561949
191.535	0.56577
191.583	0.578156
191.633	0.565111
191.682	0.567114
191.732	0.555396
191.78	0.570533
191.83	0.559205
191.878	0.573868
191.927	0.560854
191.976	0.569251
192.025	0.567247
192.074	0.564801
192.124	0.562948
192.172	0.573795
192.221	0.57396
192.27	0.566289
192.319	0.567625
192.369	0.563887
192.417	0.575138
192.467	0.557704
192.517	0.566803
192.565	0.573356
192.614	0.568913
192.663	0.573957
192.712	0.564337
192.761	0.570608
192.81	0.56921
192.859	0.571668
192.909	0.57163
192.957	0.579736
193.006	0.572339
193.056	0.568983
193.105	0.567743
193.154	0.574223
193.203	0.573294
193.252	0.573705
193.301	0.567428
193.351	0.572812
193.399	0.574943
193.449	0.572434
193.498	0.571188
193.546	0.582339
193.595	0.574672
193.645	0.574436
193.694	0.571058
193.742	0.587028
193.792	0.56609
193.841	0.574592
193.89	0.571818
193.94	0.565233
193.988	0.57922
194.037	0.579453
194.087	0.571189
194.136	0.577442
194.184	0.583278
194.233	0.584258
194.282	0.5752
194.332	0.570859
194.381	0.575446
194.43	0.570694
194.479	0.571744
194.528	0.586469
194.577	0.568176
194.626	0.585253
194.675	0.579511
194.724	0.583224
194.774	0.570453
194.823	0.578047
194.872	0.58302
194.921	0.576993
194.971	0.568908
195.02	0.577929
195.068	0.578796
195.118	0.576851
195.167	0.578805
195.216	0.583968
195.265	0.584927
195.313	0.593205
195.363	0.579514
195.412	0.58241
195.46	0.589734
195.51	0.573642
195.559	0.583338
195.607	0.585548
195.657	0.567771
195.706	0.5839
195.754	0.592826
195.804	0.57651
195.854	0.582226
195.902	0.59123
195.951	0.58844
196.001	0.585753
196.049	0.590239
196.099	0.5814
196.148	0.589547
196.197	0.585872
196.246	0.581473
196.295	0.591893
196.344	0.584082
196.393	0.592127
196.442	0.58196
196.492	0.582648
196.54	0.592867
196.589	0.585955
196.639	0.585593
196.687	0.597127
196.737	0.581024
196.786	0.588156
196.835	0.591148
196.884	0.5894
196.932	0.589327
196.981	0.590092
197.031	0.579909
197.08	0.593977
197.129	0.581912
197.178	0.588921
197.228	0.577294
197.277	0.592699
197.325	0.589957
197.374	0.588425
197.424	0.577281
197.473	0.590026
197.522	0.58866
197.572	0.583741
197.621	0.590951
197.669	0.596486
197.719	0.579792
197.768	0.591064
197.817	0.58761
197.866	0.589219
197.915	0.589509
197.964	0.585649
198.014	0.58357
198.062	0.598376
198.112	0.585979
198.161	0.590505
198.21	0.589078
198.259	0.592563
198.309	0.588593
198.357	0.592976
198.407	0.58469
198.455	0.600998
198.504	0.588979
198.554	0.581921
198.604	0.589971
198.652	0.593479
198.702	0.588117
198.75	0.599643
198.8	0.592281
198.849	0.587463
198.898	0.593655
198.947	0.590921
198.997	0.592575
199.046	0.590029
199.095	0.591557
199.144	0.593529
199.194	0.588685
199.243	0.597135
199.291	0.599317
199.34	0.594991
199.389	0.596517
199.439	0.587705
199.488	0.60214
199.537	0.59494
199.586	0.59255
199.635	0.593463
199.685	0.591201
199.734	0.597915
199.783	0.592182
199.832	0.595876
199.881	0.595155
199.931	0.587756
199.979	0.604705
200.029	0.595354
200.078	0.595457
200.127	0.599474
200.176	0.601906
200.225	0.592411
200.275	0.592016
200.324	0.596473
200.373	0.588275
200.422	0.596206
200.471	0.597592
200.52	0.597335
200.57	0.584949
200.619	0.591097
200.668	0.591991
200.717	0.595447
200.766	0.599137
200.816	0.59053
200.865	0.593481
200.914	0.595795
200.963	0.59571
201.013	0.589723
201.062	0.594852
201.11	0.601643
201.16	0.590801
201.209	0.593082
201.259	0.582961
201.307	0.602022
201.357	0.584917
201.406	0.602441
201.455	0.592994
201.505	0.593991
201.553	0.603766
201.602	0.606572
201.651	0.599238
201.701	0.587047
201.75	0.600134
201.799	0.602007
201.849	0.592318
201.898	0.604964
201.947	0.602738
201.996	0.596695
202.046	0.599794
202.095	0.601939
202.144	0.604332
202.193	0.603771
202.242	0.604126
202.291	0.601011
202.341	0.599925
202.39	0.598854
202.439	0.608496
202.487	0.611211
202.537	0.598483
202.587	0.597073
202.636	0.599315
202.685	0.609427
202.734	0.604656
202.783	0.596798
202.832	0.607031
202.881	0.60341
202.93	0.604868
202.979	0.604936
203.029	0.60122
203.078	0.604959
203.127	0.59683
203.176	0.60655
203.226	0.599177
203.274	0.612481
203.324	0.59705
203.373	0.603008
203.422	0.604774
203.471	0.60087
203.521	0.599644
203.57	0.608992
203.619	0.605153
203.668	0.601162
203.718	0.602828
203.767	0.601791
203.816	0.603267
203.865	0.603702
203.914	0.608043
203.964	0.603515
204.012	0.611698
204.062	0.596826
204.112	0.605582
204.161	0.605716
204.209	0.612519
204.259	0.602598
204.308	0.604498
204.358	0.602254
204.407	0.606055
204.456	0.603043
204.505	0.60748
204.554	0.609532
204.603	0.61182
204.653	0.606033
204.701	0.616397
204.751	0.608249
204.8	0.607007
204.849	0.616728
204.899	0.603472
204.948	0.609065
204.997	0.608625
205.046	0.612992
205.096	0.608649
205.145	0.611786
205.194	0.612468
205.243	0.612853
205.292	0.615161
205.342	0.599149
205.391	0.610812
205.44	0.614903
205.489	0.613044
205.538	0.607436
205.586	0.627003
205.636	0.607463
205.685	0.609565
205.735	0.607922
205.784	0.609878
205.833	0.614033
205.883	0.604671
205.932	0.616269
205.981	0.616636
206.03	0.603472
206.079	0.615157
206.128	0.609845
206.177	0.614453
206.226	0.610067
206.276	0.607865
206.325	0.612588
206.374	0.613718
206.423	0.610336
206.472	0.614186
206.522	0.603748
206.571	0.613804
206.62	0.613423
206.669	0.608725
206.719	0.602981
206.768	0.620362
206.817	0.607594
206.866	0.610203
206.916	0.60584
206.965	0.614535
207.014	0.610575
207.064	0.60455
207.113	0.609389
207.162	0.611124
207.211	0.610629
207.261	0.607318
207.31	0.604188
207.359	0.617078
207.408	0.602038
207.457	0.60973
207.506	0.614308
207.557	0.594919
207.605	0.617599
207.655	0.607439
207.704	0.614743
207.753	0.610224
207.802	0.614648
207.851	0.609197
207.9	0.614636
207.949	0.617252
207.999	0.612063
208.048	0.615771
208.098	0.607583
208.147	0.614365
208.197	0.614455
208.245	0.627445
208.294	0.618722
208.343	0.616617
208.393	0.614031
208.442	0.616477
208.492	0.618274
208.541	0.613877
208.59	0.631259
208.639	0.621032
208.689	0.61338
208.737	0.625311
208.787	0.613148
208.836	0.630195
208.886	0.616693
208.935	0.626766
208.984	0.626805
209.033	0.617365
209.082	0.62902
209.132	0.614583
209.181	0.632144
209.23	0.622306
209.28	0.619736
209.329	0.624758
209.378	0.624375
209.427	0.628253
209.476	0.623872
209.525	0.626394
209.575	0.622888
209.624	0.620737
209.673	0.624029
209.723	0.623073
209.772	0.622637
209.821	0.62164
209.871	0.624023
209.919	0.627433
209.969	0.616827
210.019	0.623893
210.069	0.615019
210.117	0.631763
210.166	0.623513
210.215	0.628324
210.265	0.613474
210.314	0.624563
210.364	0.617193
210.413	0.62655
210.461	0.630953
210.511	0.612805
210.561	0.620653
210.609	0.626506
210.659	0.610426
210.709	0.62033
210.758	0.624909
210.807	0.618962
210.856	0.622939
210.906	0.618583
210.955	0.625669
211.003	0.633072
211.053	0.620682
211.102	0.620785
211.152	0.615628
211.201	0.625031
211.25	0.628735
211.299	0.617933
211.349	0.621895
211.397	0.629006
211.447	0.618108
211.496	0.626596
211.545	0.628645
211.594	0.62166
211.644	0.618643
211.693	0.627751
211.743	0.623226
211.791	0.634309
211.841	0.616861
211.89	0.62685
211.939	0.625139
211.988	0.629384
212.038	0.62738
212.087	0.625309
212.136	0.628937
212.186	0.623907
212.235	0.63216
212.284	0.627985
212.333	0.632994
212.382	0.629734
212.432	0.615125
212.481	0.63558
212.53	0.623448
212.579	0.638785
212.628	0.625852
212.678	0.621609
212.727	0.632989
212.777	0.626925
212.826	0.63271
212.875	0.628745
212.925	0.626241
212.974	0.629703
213.022	0.63077
213.072	0.625629
213.121	0.624374
213.171	0.630883
213.22	0.625275
213.269	0.636626
213.319	0.626097
213.368	0.633271
213.418	0.62133
213.467	0.631821
213.515	0.629074
213.565	0.619828
213.614	0.625046
213.663	0.631305
213.713	0.620953
213.762	0.624498
213.811	0.628391
213.86	0.631528
213.91	0.626173
213.959	0.628718
214.008	0.627472
214.058	0.618779
214.107	0.625652
214.156	0.632605
214.205	0.623039
214.255	0.625846
214.304	0.626812
214.353	0.633159
214.403	0.626251
214.452	0.630676
214.501	0.625441
214.55	0.635187
214.599	0.631215
214.649	0.621825
214.698	0.631037
214.747	0.628196
214.797	0.623219
214.846	0.638306
214.895	0.633598
214.945	0.621124
214.993	0.643991
215.043	0.625404
215.092	0.644622
215.141	0.62899
215.191	0.631505
215.24	0.641025
215.289	0.634898
215.339	0.627562
215.387	0.64617
215.437	0.636397
215.486	0.633695
215.535	0.645326
215.584	0.62891
215.634	0.633086
215.683	0.642828
215.733	0.625892
215.782	0.642267
215.831	0.634583
215.88	0.637862
215.929	0.643704
215.979	0.625589
216.028	0.643771
216.078	0.626041
216.127	0.643368
216.175	0.644384
216.225	0.636093
216.275	0.628847
216.324	0.646078
216.373	0.634086
216.422	0.649339
216.472	0.631897
216.521	0.640393
216.57	0.63454
216.62	0.631746
216.669	0.63541
216.718	0.634235
216.767	0.634704
216.817	0.629843
216.866	0.639187
216.915	0.639484
216.965	0.633805
217.014	0.642659
217.064	0.635261
217.113	0.640017
217.162	0.632558
217.211	0.638642
217.261	0.636347
217.31	0.63054
217.359	0.644184
217.408	0.642023
217.458	0.634955
217.507	0.646661
217.556	0.642073
217.606	0.643188
217.655	0.649498
217.704	0.637611
217.753	0.64838
217.802	0.638677
217.852	0.641437
217.901	0.634318
217.95	0.64629
218	0.62952
218.049	0.649367
218.098	0.642417
218.148	0.637436
218.197	0.646411
218.246	0.651246
218.295	0.64867
218.345	0.632918
218.395	0.625785
218.443	0.658927
218.493	0.631179
218.542	0.633676
218.592	0.643077
218.641	0.642445
218.69	0.638389
218.74	0.634071
218.789	0.643332
218.837	0.651059
218.887	0.629327
218.936	0.637698
218.985	0.640031
219.035	0.630571
219.084	0.63703
219.133	0.631871
219.183	0.634603
219.232	0.638666
219.281	0.630859
219.33	0.639481
219.379	0.641159
219.429	0.636139
219.478	0.634529
219.527	0.641167
219.577	0.630473
219.626	0.642583
219.676	0.632267
219.725	0.640514
219.774	0.637378
219.823	0.644547
219.872	0.648874
219.921	0.643866
219.971	0.634472
220.02	0.647874
220.069	0.648857
220.119	0.641705
220.168	0.642542
220.217	0.65177
220.267	0.64399
220.315	0.651126
220.365	0.639633
220.415	0.636363
220.464	0.655677
220.513	0.651565
220.562	0.65612
220.612	0.643471
220.661	0.643572
220.711	0.648807
220.759	0.659711
220.809	0.65236
220.858	0.65041
220.907	0.652646
220.956	0.65365
221.005	0.651607
221.055	0.648494
221.104	0.648548
221.154	0.646921
221.203	0.657833
221.252	0.659811
221.301	0.652019
221.349	0.666335
221.4	0.642916
221.449	0.654078
221.498	0.653605
221.547	0.65855
221.596	0.651773
221.645	0.653366
221.694	0.663425
221.744	0.649813
221.793	0.656308
221.842	0.659261
221.892	0.657559
221.941	0.658902
221.99	0.658903
222.039	0.664593
222.088	0.67075
222.137	0.649058
222.186	0.667803
222.236	0.650897
222.285	0.656861
222.335	0.653485
222.383	0.668371
222.433	0.652503
222.482	0.66406
222.531	0.664599
222.58	0.665005
222.629	0.663075
222.678	0.658328
222.728	0.656579
222.777	0.663305
222.827	0.655226
222.876	0.663604
222.924	0.664942
222.973	0.658201
223.023	0.652593
223.072	0.659466
223.121	0.6611
223.171	0.652705
223.22	0.6678
223.269	0.666674
223.318	0.655806
223.367	0.669244
223.417	0.656377
223.466	0.667457
223.515	0.656353
223.564	0.671631
223.613	0.663725
223.662	0.663717
223.711	0.66465
223.761	0.655677
223.81	0.659029
223.859	0.664076
223.909	0.658867
223.958	0.664887
224.007	0.665641
224.056	0.661819
224.106	0.664054
224.154	0.67012
224.204	0.648922
224.253	0.670646
224.302	0.667478
224.351	0.66258
224.4	0.663083
224.45	0.656444
224.499	0.66378
224.548	0.668724
224.597	0.659349
224.647	0.660163
224.696	0.662618
224.745	0.667979
224.794	0.658751
224.843	0.667938
224.892	0.664233
224.942	0.657589
224.991	0.66259
225.04	0.670007
225.089	0.6655
225.138	0.659935
225.188	0.662561
225.236	0.679651
225.285	0.666679
225.335	0.659969
225.384	0.669107
225.433	0.662349
225.482	0.669427
225.531	0.668722
225.581	0.66053
225.63	0.671738
225.679	0.667314
225.728	0.664481
225.777	0.666989
225.827	0.664736
225.876	0.665904
225.925	0.678073
225.975	0.660731
226.023	0.675098
226.072	0.671876
226.122	0.66646
226.171	0.662179
226.22	0.671988
226.27	0.663938
226.318	0.671981
226.367	0.671143
226.417	0.663989
226.466	0.677868
226.515	0.66474
226.564	0.677269
226.613	0.677421
226.663	0.666125
226.712	0.674243
226.761	0.672817
226.81	0.675487
226.859	0.664788
226.909	0.667246
226.958	0.666163
227.007	0.674295
227.056	0.66846
227.106	0.667796
227.154	0.674729
227.204	0.671129
227.253	0.669045
227.302	0.672202
227.351	0.676657
227.4	0.674056
227.45	0.665694
227.499	0.674855
227.548	0.668843
227.597	0.672897
227.646	0.675637
227.695	0.673315
227.745	0.673762
227.794	0.669738
227.843	0.672575
227.892	0.673007
227.941	0.681931
227.991	0.663728
228.04	0.677119
228.088	0.685976
228.139	0.659831
228.187	0.686045
228.237	0.665196
228.285	0.680159
228.334	0.673721
228.384	0.66981
228.433	0.678876
228.482	0.669072
228.531	0.681343
228.581	0.664869
228.63	0.682436
228.679	0.680388
228.727	0.6805
228.777	0.663803
228.826	0.681132
228.875	0.679502
228.923	0.683658
228.973	0.673233
229.022	0.677213
229.071	0.676868
229.121	0.671479
229.17	0.677905
229.219	0.677151
229.268	0.687374
229.317	0.683352
229.366	0.673644
229.415	0.673213
229.464	0.679478
229.513	0.683679
229.563	0.671983
229.611	0.68288
229.66	0.679798
229.709	0.684582
229.759	0.674406
229.808	0.679532
229.856	0.686022
229.905	0.687738
229.955	0.66916
230.004	0.681496
230.053	0.677493
230.102	0.682244
230.151	0.672867
230.2	0.687271
230.249	0.680117
230.298	0.684033
230.347	0.6807
230.395	0.69549
230.445	0.677514
230.494	0.681995
230.543	0.68604
230.592	0.681203
230.641	0.675586
230.689	0.697628
230.739	0.668367
230.788	0.68641
230.837	0.676703
230.886	0.684327
230.935	0.67667
230.984	0.684117
231.033	0.682639
231.082	0.68159
231.131	0.681922
231.181	0.676334
231.23	0.678817
231.279	0.687176
231.328	0.696133
231.376	0.688777
231.426	0.671062
231.475	0.68704
231.523	0.695599
231.573	0.677544
231.621	0.695947
231.67	0.683321
231.72	0.676137
231.768	0.697281
231.818	0.678988
231.867	0.691349
231.916	0.684303
231.966	0.685569
232.015	0.68854
232.063	0.688533
232.112	0.693761
232.161	0.680603
232.211	0.682336
232.261	0.671775
232.309	0.697174
232.359	0.67861
232.408	0.68614
232.457	0.693224
232.506	0.685348
232.555	0.686181
232.604	0.69244
232.653	0.681606
232.702	0.690476
232.752	0.68107
232.801	0.687901
232.849	0.68747
232.898	0.685822
232.948	0.684635
232.997	0.68687
233.046	0.683294
233.096	0.678382
233.144	0.698598
233.193	0.68403
233.241	0.698537
233.291	0.684873
233.34	0.685751
233.389	0.680768
233.438	0.692228
233.486	0.686976
233.537	0.67063
233.584	0.702851
233.634	0.674785
233.683	0.690881
233.732	0.685299
233.781	0.696451
233.83	0.682896
233.879	0.691445
233.927	0.693874
233.977	0.68015
234.026	0.68817
234.075	0.688632
234.123	0.693865
234.172	0.68506
234.221	0.69226
234.27	0.690229
234.319	0.680761
234.368	0.691619
234.417	0.68677
234.466	0.685629
234.515	0.68836
234.564	0.692958
234.612	0.688685
234.661	0.685651
234.71	0.688703
234.759	0.694358
234.808	0.682839
234.857	0.685003
234.905	0.696106
234.955	0.682684
235.004	0.688807
235.053	0.688758
235.102	0.68697
235.151	0.689079
235.2	0.689313
235.248	0.702404
235.298	0.680421
235.346	0.694578
235.396	0.684683
235.445	0.68611
235.494	0.691491
235.543	0.683808
235.592	0.694297
235.641	0.688802
235.69	0.696095
235.739	0.686033
235.788	0.696289
235.838	0.683508
235.886	0.700632
235.936	0.68692
235.984	0.70057
236.034	0.692286
236.082	0.695016
236.132	0.68527
236.181	0.699508
236.23	0.684085
236.278	0.703799
236.328	0.688184
236.376	0.701821
236.425	0.689699
236.475	0.687944
236.523	0.701951
236.573	0.69089
236.622	0.692849
236.67	0.703278
236.719	0.69125
236.769	0.690397
236.818	0.69128
236.866	0.697784
236.916	0.682309
236.965	0.70142
237.014	0.690678
237.063	0.69067
237.112	0.697081
237.161	0.697201
237.21	0.689903
237.259	0.692469
237.308	0.694677
237.357	0.70048
237.407	0.683654
237.455	0.699951
237.504	0.691136
237.553	0.69867
237.602	0.696582
237.651	0.690716
237.701	0.695637
237.749	0.703426
237.798	0.698484
237.846	0.709611
237.896	0.691117
237.945	0.699275
237.994	0.702542
238.043	0.696469
238.092	0.702577
238.14	0.699241
238.189	0.7081
238.238	0.691999
238.288	0.697709
238.336	0.705353
238.386	0.699743
238.434	0.706276
238.483	0.700556
238.532	0.707371
238.581	0.701602
238.629	0.711494
238.678	0.702141
238.728	0.696729
238.777	0.705212
238.825	0.71222
238.874	0.700631
238.923	0.709568
238.972	0.699994
239.021	0.71444
239.07	0.70354
239.118	0.713922
239.168	0.700981
239.216	0.707395
239.265	0.715792
239.314	0.693511
239.363	0.711806
239.411	0.70724
239.46	0.714654
239.509	0.701419
239.558	0.705372
239.607	0.699773
239.656	0.708675
239.705	0.698442
239.753	0.714821
239.802	0.708147
239.851	0.704073
239.9	0.707161
239.948	0.710898
239.998	0.693592
240.046	0.711293
240.095	0.702936
240.144	0.700117
240.193	0.694114
240.242	0.711368
240.291	0.696621
240.339	0.706731
240.388	0.704718
240.437	0.704648
240.486	0.70642
240.535	0.706502
240.584	0.708418
240.633	0.697155
240.681	0.712868
240.73	0.703596
240.779	0.69928
240.828	0.702666
240.877	0.695493
240.926	0.705506
240.975	0.693528
241.024	0.711613
241.073	0.699839
241.122	0.700049
241.17	0.710731
241.219	0.70467
241.268	0.707351
241.317	0.700518
241.367	0.700327
241.415	0.706755
241.464	0.701106
241.513	0.705241
241.562	0.703205
241.611	0.703946
241.66	0.703343
241.709	0.70066
241.758	0.707497
241.807	0.70141
241.856	0.703661
241.905	0.707014
241.954	0.702083
242.003	0.701356
242.052	0.708284
242.101	0.699689
242.15	0.702105
242.199	0.70187
242.248	0.705768
242.297	0.700275
242.346	0.699264
242.395	0.702733
242.444	0.717584
242.492	0.710515
242.541	0.712197
242.591	0.699393
242.639	0.718502
242.688	0.708128
242.737	0.708014
242.785	0.719423
242.835	0.701397
242.883	0.727529
242.932	0.704266
242.981	0.711225
243.03	0.715228
243.079	0.715245
243.127	0.719456
243.176	0.712849
243.224	0.71807
243.273	0.713008
243.322	0.718828
243.37	0.719807
243.419	0.713761
243.468	0.710451
243.517	0.715908
243.566	0.717822
243.614	0.719861
243.663	0.713318
243.712	0.721719
243.761	0.711339
243.81	0.717391
243.858	0.726559
243.907	0.706141
243.955	0.722871
244.005	0.70255
244.052	0.73095
244.101	0.713671
244.15	0.716206
244.198	0.719499
244.247	0.708359
244.296	0.718923
244.344	0.724517
244.393	0.71585
244.442	0.707905
244.49	0.725741
244.54	0.702366
244.588	0.718046
244.636	0.723486
244.684	0.719953
244.733	0.711134
244.782	0.712709
244.83	0.729949
244.879	0.706367
244.928	0.715638
244.977	0.712041
245.025	0.719458
245.074	0.71226
245.123	0.718826
245.172	0.716205
245.22	0.718366
245.27	0.703789
245.318	0.732268
245.367	0.71525
245.415	0.717982
245.464	0.71037
245.513	0.716185
245.562	0.710828
245.61	0.720046
245.659	0.717719
245.708	0.720109
245.757	0.705491
245.805	0.720506
245.854	0.71689
245.903	0.714767
245.952	0.710019
246.001	0.716253
246.05	0.718168
246.099	0.709045
246.148	0.718259
246.196	0.716368
246.245	0.717064
246.294	0.712998
246.343	0.713231
246.391	0.724945
246.441	0.712759
246.489	0.714833
246.538	0.717108
246.587	0.709055
246.636	0.719778
246.684	0.719354
246.733	0.716476
246.782	0.720633
246.831	0.713439
246.879	0.714731
246.928	0.719993
246.977	0.711548
247.026	0.709947
247.075	0.714319
247.123	0.723138
247.173	0.702543
247.221	0.723395
247.27	0.71747
247.318	0.719029
247.368	0.702212
247.416	0.72629
247.465	0.716297
247.513	0.720591
247.562	0.716673
247.611	0.708144
247.659	0.725914
247.708	0.713271
247.757	0.718653
247.805	0.727775
247.854	0.714005
247.903	0.710158
247.952	0.719838
248	0.718482
248.05	0.709923
248.098	0.72385
248.147	0.710527
248.196	0.713384
248.244	0.731148
248.293	0.72129
248.342	0.71297
248.391	0.716232
248.439	0.722097
248.488	0.718127
248.536	0.729419
248.585	0.717038
248.634	0.70956
248.683	0.714606
248.731	0.72928
248.78	0.719899
248.829	0.716947
248.877	0.717002
248.926	0.718933
248.975	0.718975
249.024	0.72219
249.073	0.71325
249.121	0.730897
249.169	0.724108
249.219	0.715558
249.268	0.71838
249.316	0.730448
249.365	0.714247
249.413	0.726062
249.462	0.718929
249.511	0.724153
249.56	0.716996
249.608	0.729325
249.657	0.719464
249.706	0.718828
249.755	0.72507
249.803	0.739104
249.852	0.715952
249.9	0.732123
249.949	0.723669
249.999	0.7088
250.048	0.723839
250.097	0.715559
250.145	0.736803
250.194	0.720021
250.242	0.727909
250.292	0.709786
250.34	0.734263
250.389	0.720443
250.438	0.713879
250.487	0.728108
250.536	0.719606
250.585	0.719329
250.634	0.72554
250.682	0.722538
250.731	0.724734
250.78	0.721369
250.829	0.716375
250.878	0.716785
250.927	0.719628
250.976	0.722146
251.025	0.718254
251.074	0.726806
251.122	0.724689
251.172	0.718383
251.22	0.730376
251.27	0.714155
251.318	0.728973
251.367	0.728146
251.416	0.714212
251.466	0.720771
251.514	0.735708
251.563	0.725194
251.612	0.719493
251.661	0.725397
251.71	0.720692
251.758	0.730815
251.807	0.728524
251.856	0.722116
251.904	0.74508
251.953	0.722774
252.002	0.731596
252.051	0.72117
252.1	0.722442
252.148	0.735421
252.197	0.725601
252.245	0.732467
252.294	0.732042
252.343	0.735806
252.392	0.728737
252.44	0.732252
252.489	0.732875
252.538	0.736614
252.587	0.725886
252.635	0.742932
252.683	0.737491
252.732	0.73936
252.78	0.735015
252.83	0.723825
252.878	0.736224
252.927	0.738506
252.976	0.733624
253.023	0.749073
253.073	0.724026
253.121	0.748887
253.169	0.744808
253.218	0.736063
253.267	0.731858
253.315	0.743842
253.364	0.728893
253.412	0.742291
253.461	0.733199
253.509	0.738022
253.558	0.733024
253.607	0.734094
253.655	0.751747
253.704	0.72518
253.752	0.740675
253.801	0.730175
253.85	0.740962
253.898	0.740978
253.947	0.733235
253.996	0.73094
254.044	0.732033
254.094	0.727245
254.141	0.74508
254.19	0.729971
254.24	0.725955
254.288	0.744106
254.336	0.738148
254.386	0.723671
254.433	0.754749
254.482	0.725519
254.531	0.731577
254.58	0.734412
254.629	0.730295
254.678	0.729757
254.726	0.740625
254.774	0.741879
254.824	0.721411
254.872	0.740441
254.921	0.7323
254.97	0.736615
255.019	0.73526
255.067	0.736922
255.116	0.738728
255.165	0.730299
255.214	0.731512
255.264	0.724606
255.311	0.748549
255.36	0.736459
255.41	0.726546
255.459	0.730208
255.507	0.746641
255.556	0.736722
255.604	0.738245
255.653	0.733472
255.702	0.747149
255.751	0.727592
255.799	0.742901
255.849	0.726547
255.897	0.740821
255.945	0.74756
255.994	0.733128
256.044	0.729929
256.092	0.745943
256.141	0.731385
256.19	0.740868
256.238	0.744782
256.288	0.732203
256.336	0.747924
256.385	0.73669
256.434	0.744662
256.482	0.744618
256.532	0.737991
256.58	0.747345
256.628	0.749106
256.678	0.730217
256.726	0.750618
256.775	0.735659
256.823	0.751118
256.872	0.749873
256.921	0.739963
256.97	0.736857
257.019	0.750266
257.067	0.745389
257.115	0.754324
257.164	0.747122
257.213	0.74246
257.262	0.740646
257.311	0.743744
257.359	0.746592
257.408	0.746518
257.457	0.741045
257.505	0.742434
257.554	0.747583
257.602	0.752808
257.651	0.741776
257.7	0.744823
257.749	0.739623
257.798	0.741458
257.846	0.74952
257.895	0.74868
257.943	0.753334
257.992	0.736909
258.041	0.740181
258.089	0.74323
258.138	0.739566
258.187	0.750473
258.236	0.742589
258.285	0.739788
258.333	0.750576
258.382	0.744369
258.431	0.743801
258.48	0.739987
258.528	0.748108
258.577	0.743137
258.625	0.746827
258.674	0.745084
258.723	0.739379
258.772	0.744269
258.82	0.746608
258.869	0.744218
258.918	0.738791
258.967	0.745803
259.016	0.745649
259.065	0.740643
259.114	0.749268
259.162	0.753004
259.21	0.752859
259.259	0.744419
259.308	0.742709
259.357	0.738355
259.406	0.745749
259.455	0.747332
259.505	0.734716
259.553	0.757088
259.602	0.746378
259.65	0.749192
259.7	0.737662
259.749	0.742025
259.797	0.750855
259.847	0.733721
259.896	0.738617
259.944	0.746412
259.993	0.733355
260.042	0.74345
260.091	0.748308
260.139	0.748973
260.188	0.743877
260.238	0.731805
260.287	0.739318
260.336	0.75047
260.384	0.749976
260.433	0.745368
260.482	0.749191
260.53	0.754745
260.58	0.735518
260.628	0.753275
260.678	0.740524
260.726	0.75611
260.775	0.754059
260.824	0.745353
260.873	0.749481
260.922	0.749107
260.971	0.746083
261.02	0.751864
261.069	0.746237
261.117	0.756975
261.166	0.759915
261.215	0.745743
261.263	0.760694
261.312	0.754085
261.361	0.749775
261.409	0.761992
261.458	0.749895
261.507	0.756864
261.555	0.765964
261.604	0.748793
261.653	0.76332
261.702	0.755689
261.75	0.755709
261.799	0.75568
261.848	0.756348
261.896	0.758658
261.944	0.772992
261.993	0.748149
262.042	0.76264
262.09	0.75932
262.139	0.761401
262.187	0.75656
262.236	0.75292
262.285	0.756319
262.334	0.755487
262.382	0.755555
262.43	0.763576
262.479	0.751537
262.527	0.764855
262.576	0.748104
262.625	0.758033
262.673	0.753164
262.722	0.746679
262.771	0.752073
262.819	0.764026
262.867	0.758801
262.916	0.749352
262.965	0.749221
263.013	0.761081
263.062	0.754964
263.111	0.741197
263.159	0.769005
263.208	0.741605
263.256	0.763046
263.305	0.751514
263.354	0.749581
263.403	0.748575
263.452	0.756134
263.5	0.761394
263.548	0.758453
263.597	0.750202
263.646	0.749301
263.695	0.762237
263.743	0.757368
263.792	0.748083
263.841	0.753711
263.89	0.755458
263.938	0.756427
263.987	0.755487
264.036	0.75656
264.085	0.750101
264.133	0.758767
264.182	0.748211
264.231	0.754416
264.28	0.758245
264.329	0.750067
264.378	0.750828
264.426	0.760554
264.475	0.751483
264.524	0.749784
264.573	0.76239
264.622	0.742284
264.67	0.760214
264.719	0.760987
264.768	0.75119
264.817	0.743512
264.866	0.752024
264.915	0.761564
264.964	0.752841
265.013	0.752297
265.061	0.756984
265.11	0.757124
265.159	0.757425
265.208	0.751884
265.256	0.768806
265.306	0.752394
265.354	0.757732
265.403	0.766955
265.452	0.758911
265.5	0.760685
265.549	0.764409
265.598	0.757142
265.646	0.764797
265.695	0.768257
265.744	0.756057
265.793	0.763694
265.842	0.757097
265.89	0.770735
265.938	0.766704
265.987	0.768768
266.035	0.763907
266.085	0.754179
266.132	0.785572
266.181	0.756931
266.23	0.755366
266.278	0.774724
266.327	0.76469
266.376	0.756465
266.424	0.779404
266.472	0.760383
266.52	0.776015
266.57	0.749072
266.618	0.772153
266.667	0.75713
266.715	0.76726
266.764	0.765421
266.812	0.768209
266.861	0.756515
266.909	0.774709
266.957	0.76656
267.006	0.759952
267.054	0.770236
267.104	0.752823
267.152	0.766919
267.2	0.77401
267.249	0.758126
267.297	0.778062
267.346	0.753814
267.394	0.761615
267.443	0.763125
267.492	0.76018
267.54	0.773004
267.589	0.75412
267.637	0.770113
267.686	0.763966
267.734	0.763423
267.783	0.758189
267.831	0.764058
267.88	0.761142
267.928	0.766702
267.977	0.764956
268.026	0.758792
268.074	0.771337
268.122	0.760158
268.171	0.758534
268.219	0.768043
268.268	0.758855
268.317	0.756525
268.365	0.775788
268.414	0.762059
268.463	0.751304
268.512	0.764106
268.56	0.764578
268.609	0.765048
268.658	0.765085
268.707	0.755279
268.755	0.772094
268.804	0.764021
268.852	0.768696
268.901	0.758489
268.95	0.76916
268.998	0.767967
269.047	0.762049
269.096	0.763772
269.145	0.761278
269.194	0.776427
269.242	0.763961
269.291	0.772716
269.34	0.758092
269.388	0.772715
269.437	0.769974
269.486	0.766715
269.535	0.752681
269.584	0.76797
269.633	0.763987
269.681	0.774459
269.73	0.770687
269.779	0.763638
269.828	0.773802
269.877	0.762954
269.925	0.774622
269.974	0.771808
270.022	0.76949
270.071	0.777451
270.119	0.774654
270.169	0.75913
270.217	0.76802
270.266	0.771881
270.314	0.783513
270.363	0.771355
270.412	0.762447
270.461	0.774789
270.509	0.782899
270.558	0.767723
270.607	0.770981
270.656	0.762456
270.705	0.770685
270.753	0.777544
270.801	0.778551
270.85	0.772937
270.898	0.780328
270.947	0.768259
270.995	0.775492
271.044	0.769738
271.093	0.77828
271.141	0.776931
271.189	0.776863
271.238	0.775207
271.286	0.771825
271.335	0.769316
271.383	0.785838
271.432	0.759367
271.48	0.787485
271.529	0.77035
271.577	0.77801
271.626	0.777498
271.675	0.769794
271.723	0.774239
271.772	0.779736
271.82	0.782791
271.868	0.774046
271.917	0.7722
271.966	0.771828
272.014	0.783946
272.062	0.775596
272.111	0.772868
272.16	0.77872
272.208	0.77505
272.257	0.77571
272.305	0.774518
272.354	0.769163
272.403	0.774298
272.451	0.783444
272.499	0.783421
272.548	0.772864
272.597	0.765866
272.646	0.773583
272.694	0.777984
272.743	0.768979
272.791	0.778136
272.839	0.782983
272.887	0.786228
272.936	0.767981
272.985	0.776048
273.034	0.764306
273.083	0.770843
273.132	0.767524
273.18	0.783852
273.229	0.777751
273.278	0.766377
273.326	0.780744
273.374	0.778206
273.423	0.767868
273.473	0.759621
273.521	0.784029
273.569	0.777959
273.618	0.770732
273.667	0.772611
273.716	0.769775
273.765	0.773768
273.814	0.769393
273.862	0.784762
273.911	0.771243
273.96	0.774184
274.009	0.773341
274.058	0.774022
274.106	0.778108
274.155	0.78174
274.204	0.766518
274.253	0.777929
274.302	0.774969
274.351	0.781924
274.4	0.776191
274.448	0.782169
274.497	0.773515
274.547	0.773505
274.596	0.776303
274.644	0.783393
274.693	0.778063
274.742	0.777287
274.791	0.770718
274.839	0.797627
274.889	0.771213
274.937	0.786636
274.986	0.783187
275.036	0.761147
275.084	0.800061
275.134	0.757258
275.182	0.79187
275.232	0.772854
275.281	0.780827
275.329	0.793189
275.378	0.775666
275.427	0.783161
275.476	0.791996
275.525	0.782222
275.574	0.782274
275.623	0.774052
275.672	0.784359
275.721	0.779441
275.771	0.774462
275.82	0.788157
275.869	0.781302
275.918	0.782831
275.967	0.778488
276.016	0.786627
276.064	0.794499
276.114	0.772828
276.163	0.788897
276.212	0.781599
276.261	0.787272
276.31	0.786876
276.359	0.786353
276.408	0.785626
276.457	0.781528
276.506	0.786696
276.555	0.776716
276.604	0.789079
276.653	0.780205
276.702	0.793873
276.751	0.775294
276.8	0.784926
276.849	0.793569
276.898	0.775641
276.947	0.787066
276.997	0.771156
277.046	0.792596
277.095	0.781475
277.143	0.790608
277.192	0.79001
277.241	0.783304
277.291	0.777952
277.34	0.786996
277.389	0.787395
277.438	0.78657
277.486	0.794033
277.535	0.791304
277.585	0.783324
277.634	0.781749
277.683	0.780418
277.732	0.792488
277.781	0.790203
277.83	0.787597
277.879	0.787971
277.928	0.783341
277.977	0.785924
278.026	0.795809
278.075	0.785489
278.125	0.778863
278.173	0.791738
278.222	0.794684
278.272	0.777553
278.32	0.7996
278.37	0.779707
278.419	0.783152
278.467	0.802716
278.517	0.782949
278.566	0.786869
278.615	0.787911
278.664	0.787093
278.713	0.797738
278.762	0.788768
278.81	0.799524
278.86	0.783417
278.908	0.802468
278.958	0.784583
279.007	0.791811
279.056	0.790277
279.104	0.805009
279.154	0.781854
279.203	0.793671
279.251	0.795293
279.301	0.789603
279.35	0.796285
279.399	0.788252
279.447	0.812819
279.496	0.787305
279.545	0.80458
279.594	0.789241
279.643	0.799786
279.693	0.782695
279.742	0.792433
279.791	0.797878
279.839	0.803233
279.888	0.793974
279.937	0.802293
279.987	0.78231
280.035	0.809981
280.084	0.802383
280.133	0.798497
280.182	0.791413
280.232	0.788944
280.28	0.804485
280.33	0.786611
280.378	0.806023
280.428	0.788674
280.476	0.800431
280.525	0.79888
280.574	0.790272
280.623	0.796642
280.673	0.784077
280.721	0.815002
280.771	0.784256
280.82	0.797697
280.869	0.793041
280.917	0.806287
280.967	0.779028
281.016	0.795169
281.065	0.791943
281.114	0.790479
281.163	0.79762
281.212	0.801558
281.26	0.803911
281.311	0.775076
281.359	0.801722
281.409	0.791566
281.458	0.796116
281.507	0.791646
281.555	0.801684
281.605	0.787059
281.654	0.799676
281.703	0.793486
281.752	0.796178
281.801	0.794911
281.85	0.794428
281.899	0.797226
281.949	0.790339
281.997	0.8029
282.046	0.804267
282.095	0.798906
282.144	0.806527
282.193	0.792147
282.242	0.806087
282.291	0.787793
282.34	0.801947
282.39	0.787855
282.438	0.813889
282.487	0.791666
282.536	0.802639
282.585	0.79982
282.634	0.793887
282.683	0.79732
282.732	0.81266
282.78	0.808699
282.829	0.805293
282.877	0.804852
282.927	0.791831
282.976	0.803667
283.025	0.800628
283.073	0.803404
283.122	0.814546
283.171	0.797258
283.219	0.813297
283.268	0.810932
283.316	0.817779
283.365	0.805216
283.413	0.813451
283.462	0.808648
283.511	0.790969
283.56	0.817075
283.608	0.809561
283.657	0.811015
283.706	0.798499
283.754	0.820948
283.803	0.800284
283.851	0.822143
283.9	0.803404
283.949	0.807581
283.997	0.819836
284.045	0.816628
284.094	0.81152
284.142	0.815117
284.191	0.809831
284.24	0.800583
284.288	0.819762
284.337	0.802481
284.385	0.812891
284.434	0.804625
284.483	0.807448
284.532	0.810145
284.58	0.811445
284.629	0.812987
284.678	0.807333
284.727	0.802586
284.775	0.81898
284.823	0.813187
284.872	0.816155
284.921	0.800843
284.969	0.812602
285.018	0.80184