90.0301	0.174124
90.0651	0.169303
90.1009	0.163644
90.1351	0.18133
90.1708	0.181476
90.206	0.186671
90.2418	0.181383
90.2777	0.176681
90.3127	0.178068
90.3488	0.173244
90.3843	0.17655
90.42	0.177562
90.456	0.175897
90.4919	0.17672
90.5278	0.176735
90.5631	0.17666
90.5991	0.169027
90.6353	0.168926
90.6712	0.175543
90.7082	0.176733
90.7439	0.184748
90.7797	0.182139
90.816	0.177292
90.8526	0.175487
90.8886	0.177153
90.9251	0.175542
90.9615	0.175124
90.9978	0.176257
91.0339	0.176814
91.0703	0.173654
91.1074	0.171069
91.1439	0.175773
91.1797	0.184872
91.2169	0.181456
91.2531	0.185135
91.2902	0.181052
91.3268	0.180749
91.3635	0.179484
91.4002	0.180193
91.4372	0.179139
91.4743	0.178583
91.5114	0.178067
91.5483	0.177804
91.5849	0.174276
91.6216	0.181462
91.6588	0.182593
91.6959	0.186351
91.7339	0.179234
91.7701	0.190307
91.8075	0.180502
91.8449	0.180647
91.8827	0.179273
91.9192	0.187378
91.9567	0.181879
91.9941	0.18171
92.0318	0.181273
92.0692	0.179886
92.1065	0.178922
92.1443	0.178733
92.1815	0.186905
92.2191	0.189792
92.2569	0.190133
92.2947	0.186311
92.3321	0.189823
92.3696	0.191235
92.4078	0.18665
92.4455	0.1878
92.4833	0.187764
92.5217	0.183589
92.5595	0.186372
92.5971	0.183182
92.6353	0.174653
92.6733	0.175785
92.7107	0.18997
92.7491	0.19239
92.7867	0.198821
92.8255	0.189231
92.8633	0.190314
92.9018	0.185896
92.94	0.187365
92.9779	0.187035
93.0161	0.185595
93.0546	0.183424
93.0928	0.183636
93.1312	0.181747
93.17	0.179924
93.2081	0.184993
93.2473	0.189049
93.2851	0.198864
93.3239	0.195694
93.3626	0.196187
93.4017	0.191602
93.4401	0.19119
93.4789	0.186745
93.5179	0.18802
93.5564	0.187641
93.5951	0.185216
93.6338	0.18227
93.6729	0.183693
93.7116	0.189976
93.751	0.190541
93.7897	0.198886
93.8286	0.205614
93.868	0.203288
93.9067	0.207683
93.946	0.200079
93.985	0.200887
94.0243	0.196191
94.0634	0.194249
94.1021	0.198753
94.1416	0.190988
94.1808	0.187652
94.22	0.185152
94.2593	0.190941
94.2986	0.195941
94.338	0.200951
94.3776	0.202365
94.417	0.204854
94.4561	0.206257
94.4953	0.207511
94.5345	0.20398
94.5741	0.200515
94.6129	0.205517
94.6532	0.197675
94.6927	0.201954
94.7324	0.19958
94.7718	0.194375
94.8111	0.193629
94.8508	0.197386
94.8906	0.204824
94.9305	0.210228
94.9699	0.21494
95.009	0.21456
95.0485	0.2075
95.0889	0.198642
95.1282	0.203639
95.1684	0.196917
95.2082	0.199639
95.2479	0.199799
95.288	0.196588
95.3274	0.196742
95.3678	0.192523
95.4072	0.202003
95.4475	0.204969
95.4876	0.211712
95.5278	0.209191
95.5679	0.207913
95.6076	0.210757
95.6481	0.205304
95.6879	0.204542
95.7277	0.203929
95.7681	0.201605
95.808	0.200995
95.8484	0.199265
95.8888	0.198212
95.9285	0.205396
95.9687	0.209516
96.0095	0.210439
96.0495	0.218366
96.0896	0.213963
96.13	0.20821
96.1704	0.203928
96.2111	0.204278
96.251	0.208186
96.2923	0.201784
96.332	0.206294
96.3728	0.198787
96.4134	0.199368
96.4543	0.196469
96.4953	0.197532
96.5358	0.202601
96.5764	0.21072
96.6169	0.216711
96.6587	0.211287
96.698	0.222627
96.7395	0.207366
96.7806	0.206165
96.8208	0.209212
96.8614	0.206006
96.9028	0.200717
96.9432	0.202772
96.9845	0.198116
97.0252	0.202079
97.0661	0.204788
97.1071	0.206536
97.1484	0.206658
97.1892	0.211151
97.2299	0.216102
97.2709	0.216908
97.3123	0.214074
97.3537	0.210242
97.3944	0.213412
97.4359	0.205771
97.4764	0.206308
97.5178	0.201011
97.5586	0.203243
97.6003	0.200771
97.6413	0.20945
97.6827	0.210681
97.7237	0.214765
97.7655	0.21098
97.8063	0.216796
97.8476	0.214451
97.889	0.21485
97.9304	0.216326
97.9716	0.21469
98.0127	0.214172
98.0539	0.21005
98.0959	0.20294
98.1373	0.201371
98.179	0.199101
98.2203	0.205729
98.2608	0.210786
98.3024	0.206135
98.3442	0.205683
98.3859	0.205595
98.4273	0.208786
98.4688	0.211544
98.5104	0.213209
98.5515	0.21564
98.5932	0.212125
98.6343	0.214043
98.6764	0.210141
98.7181	0.20897
98.7592	0.205108
98.8014	0.200122
98.8424	0.212645
98.8844	0.212211
98.9259	0.217696
98.9675	0.219695
99.0085	0.228613
99.0508	0.224716
99.0929	0.231037
99.1345	0.23424
99.1765	0.229237
99.2186	0.224168
99.2598	0.226761
99.3019	0.22007
99.3437	0.217123
99.3856	0.211263
99.4276	0.212338
99.4695	0.21706
99.5113	0.218975
99.5533	0.220219
99.5962	0.218404
99.6375	0.2317
99.6798	0.227705
99.7216	0.227664
99.7635	0.221819
99.8054	0.220489
99.8476	0.217899
99.8892	0.214371
99.9324	0.202986
99.9738	0.209681
100.016	0.207776
100.058	0.212943
100.1	0.216113
100.143	0.215444
100.185	0.219682
100.227	0.221382
100.269	0.225117
100.311	0.225891
100.353	0.219582
100.396	0.214961
100.439	0.213146
100.48	0.21575
100.523	0.210565
100.565	0.210694
100.607	0.20925
100.65	0.211723
100.692	0.212379
100.735	0.214487
100.777	0.218088
100.82	0.215123
100.862	0.225252
100.904	0.223706
100.947	0.223221
100.989	0.222806
101.031	0.219171
101.074	0.210447
101.117	0.208425
101.159	0.211429
101.202	0.208765
101.245	0.216642
101.287	0.219489
101.33	0.215798
101.372	0.219182
101.415	0.219127
101.458	0.218481
101.501	0.219483
101.544	0.219894
101.586	0.222615
101.629	0.219105
101.671	0.220279
101.714	0.219262
101.757	0.218287
101.799	0.220277
101.843	0.215569
101.885	0.224081
101.928	0.220157
101.971	0.223288
102.015	0.219261
102.057	0.227161
102.1	0.225473
102.143	0.218377
102.186	0.212681
102.229	0.216777
102.272	0.214871
102.315	0.219838
102.358	0.22949
102.401	0.231283
102.444	0.230773
102.488	0.223537
102.531	0.229869
102.574	0.227836
102.617	0.229724
102.66	0.225848
102.702	0.222986
102.746	0.2184
102.789	0.214219
102.832	0.217623
102.876	0.214545
102.918	0.224924
102.962	0.223133
103.005	0.229717
103.048	0.232126
103.092	0.23105
103.135	0.231353
103.178	0.224294
103.221	0.225177
103.264	0.220073
103.309	0.20907
103.351	0.214743
103.395	0.215087
103.438	0.222627
103.481	0.226619
103.525	0.226975
103.568	0.229271
103.612	0.231401
103.655	0.238649
103.698	0.236993
103.742	0.243739
103.785	0.241252
103.828	0.240961
103.872	0.233293
103.916	0.227961
103.959	0.224792
104.002	0.22365
104.046	0.218289
104.09	0.226946
104.133	0.233976
104.176	0.232067
104.22	0.23522
104.263	0.236365
104.307	0.240738
104.35	0.243052
104.394	0.242552
104.438	0.240641
104.481	0.240235
104.525	0.237267
104.568	0.235977
104.612	0.233256
104.655	0.235014
104.699	0.232098
104.742	0.234377
104.786	0.238123
104.829	0.242909
104.873	0.243523
104.916	0.243364
104.96	0.246845
105.004	0.247609
105.047	0.243758
105.091	0.242351
105.135	0.241592
105.179	0.235365
105.222	0.235489
105.266	0.231926
105.309	0.231978
105.353	0.230221
105.397	0.237437
105.441	0.234814
105.485	0.239207
105.528	0.246231
105.572	0.247601
105.616	0.247693
105.659	0.246775
105.703	0.240471
105.747	0.236928
105.791	0.235684
105.835	0.235494
105.878	0.234991
105.922	0.228284
105.966	0.231655
106.01	0.232894
106.054	0.234021
106.098	0.241961
106.142	0.246298
106.185	0.252154
106.229	0.247521
106.273	0.243737
106.318	0.241311
106.361	0.245803
106.405	0.244673
106.449	0.23628
106.493	0.234979
106.537	0.234071
106.581	0.23482
106.625	0.236649
106.669	0.242656
106.713	0.243085
106.757	0.247335
106.801	0.251911
106.845	0.253981
106.888	0.252767
106.933	0.244803
106.977	0.247178
107.021	0.246283
107.065	0.241681
107.109	0.242346
107.153	0.238566
107.197	0.241665
107.242	0.24267
107.286	0.250278
107.33	0.25223
107.374	0.251573
107.419	0.254231
107.462	0.260206
107.506	0.259357
107.551	0.250111
107.595	0.250026
107.639	0.249525
107.684	0.242039
107.728	0.243097
107.772	0.247289
107.817	0.242329
107.861	0.248038
107.905	0.246514
107.95	0.254021
107.994	0.258374
108.038	0.258201
108.083	0.255033
108.127	0.254369
108.171	0.253706
108.216	0.248952
108.261	0.247082
108.305	0.246118
108.35	0.246536
108.395	0.241864
108.438	0.254446
108.483	0.251393
108.528	0.252339
108.573	0.256072
108.617	0.263659
108.662	0.262956
108.706	0.265853
108.751	0.263367
108.795	0.260296
108.84	0.25797
108.884	0.251657
108.929	0.251979
108.974	0.24743
109.019	0.253491
109.063	0.254683
109.107	0.261176
109.152	0.256082
109.197	0.260948
109.241	0.262524
109.286	0.258098
109.33	0.266141
109.376	0.260748
109.42	0.265665
109.465	0.259936
109.509	0.260438
109.554	0.253278
109.599	0.25845
109.644	0.25729
109.688	0.261934
109.733	0.259086
109.778	0.259664
109.822	0.265298
109.868	0.258153
109.912	0.265143
109.957	0.261095
110.002	0.264781
110.047	0.262122
110.091	0.262301
110.136	0.258621
110.18	0.26118
110.226	0.258265
110.271	0.259351
110.315	0.264634
110.36	0.258954
110.405	0.257882
110.45	0.259197
110.495	0.258297
110.539	0.261748
110.584	0.258283
110.629	0.260432
110.674	0.262378
110.719	0.265431
110.764	0.264197
110.809	0.26105
110.854	0.265715
110.898	0.263996
110.943	0.266049
110.989	0.262558
111.033	0.265795
111.079	0.262964
111.124	0.266336
111.168	0.270486
111.213	0.263063
111.258	0.263575
111.304	0.266455
111.349	0.271051
111.394	0.275766
111.439	0.279065
111.483	0.274823
111.53	0.262813
111.575	0.266074
111.62	0.270391
111.665	0.267873
111.71	0.272436
111.755	0.267396
111.8	0.266611
111.845	0.266609
111.89	0.264204
111.936	0.269645
111.98	0.278234
112.026	0.268264
112.071	0.275378
112.117	0.270144
112.162	0.268441
112.206	0.276216
112.252	0.272333
112.297	0.272337
112.342	0.273384
112.387	0.276616
112.432	0.273207
112.477	0.2699
112.522	0.273076
112.568	0.273927
112.613	0.275539
112.658	0.27869
112.703	0.278717
112.749	0.273044
112.794	0.272775
112.839	0.274928
112.884	0.276618
112.929	0.270946
112.974	0.268432
113.02	0.267568
113.064	0.275417
113.11	0.268873
113.155	0.273606
113.2	0.275252
113.245	0.276036
113.291	0.27786
113.336	0.278313
113.381	0.279247
113.426	0.280048
113.471	0.277956
113.517	0.276684
113.562	0.281806
113.607	0.286595
113.652	0.284408
113.697	0.282079
113.742	0.288937
113.788	0.274957
113.833	0.279092
113.878	0.285964
113.923	0.288463
113.968	0.28737
114.014	0.282481
114.059	0.283407
114.104	0.28203
114.15	0.280123
114.195	0.279836
114.24	0.278526
114.286	0.278324
114.331	0.275179
114.376	0.272836
114.421	0.271296
114.467	0.271649
114.513	0.279067
114.557	0.291853
114.603	0.281487
114.649	0.277475
114.694	0.282032
114.739	0.275826
114.785	0.277896
114.83	0.274789
114.876	0.272997
114.921	0.278072
114.967	0.276112
115.012	0.272717
115.058	0.269222
115.103	0.28173
115.149	0.282937
115.194	0.287431
115.239	0.291533
115.285	0.285823
115.33	0.284365
115.376	0.277628
115.421	0.285976
115.467	0.281382
115.513	0.276365
115.559	0.276991
115.604	0.276589
115.649	0.277528
115.695	0.280558
115.741	0.276461
115.786	0.285058
115.832	0.285995
115.878	0.28553
115.923	0.285872
115.968	0.28305
116.014	0.277793
116.06	0.278854
116.106	0.278276
116.152	0.280094
116.198	0.280956
116.243	0.280382
116.289	0.277712
116.335	0.28215
116.381	0.286933
116.426	0.294853
116.471	0.29143
116.517	0.284417
116.563	0.28091
116.609	0.285748
116.655	0.282881
116.7	0.285519
116.746	0.283158
116.792	0.279483
116.837	0.283116
116.883	0.277749
116.929	0.277125
116.976	0.281867
117.022	0.288676
117.067	0.294586
117.113	0.29486
117.159	0.287543
117.205	0.289926
117.251	0.293301
117.297	0.287387
117.343	0.289063
117.389	0.286097
117.435	0.28555
117.481	0.279139
117.528	0.279298
117.573	0.289859
117.619	0.290702
117.665	0.297862
117.711	0.304535
117.757	0.302452
117.804	0.302561
117.849	0.305818
117.895	0.297229
117.941	0.28798
117.987	0.286162
118.034	0.282591
118.08	0.288303
118.126	0.289554
118.172	0.290454
118.218	0.297601
118.264	0.293153
118.311	0.294838
118.357	0.297859
118.402	0.299586
118.448	0.302936
118.494	0.302161
118.541	0.293399
118.587	0.291278
118.633	0.28923
118.68	0.288816
118.725	0.296019
118.772	0.29256
118.818	0.299363
118.864	0.296752
118.91	0.296901
118.957	0.293741
119.002	0.297492
119.049	0.294812
119.095	0.297132
119.141	0.299802
119.187	0.297089
119.233	0.298452
119.279	0.294712
119.325	0.293648
119.371	0.299724
119.418	0.29723
119.464	0.300278
119.51	0.299805
119.557	0.29621
119.603	0.29654
119.649	0.299005
119.696	0.295937
119.742	0.298142
119.788	0.294916
119.834	0.293702
119.881	0.293225
119.927	0.304256
119.973	0.302863
120.019	0.304451
120.065	0.300772
120.111	0.302502
120.158	0.301647
120.205	0.302125
120.251	0.303079
120.297	0.305738
120.343	0.305151
120.389	0.308982
120.436	0.304716
120.483	0.308083
120.529	0.310164
120.575	0.314322
120.622	0.314638
120.668	0.313997
120.714	0.31206
120.76	0.314863
120.807	0.305593
120.854	0.30997
120.9	0.308306
120.946	0.311591
120.993	0.304294
121.038	0.309868
121.085	0.307262
121.132	0.305227
121.178	0.314631
121.224	0.315597
121.271	0.309528
121.317	0.313954
121.364	0.31057
121.41	0.311732
121.457	0.31333
121.502	0.317844
121.549	0.310851
121.596	0.306525
121.643	0.302522
121.688	0.316197
121.735	0.303351
121.782	0.313005
121.827	0.320787
121.874	0.314202
121.92	0.321777
121.967	0.315287
122.013	0.314044
122.06	0.315694
122.106	0.324114
122.153	0.312632
122.199	0.314868
122.246	0.312153
122.292	0.31386
122.339	0.31127
122.385	0.320835
122.431	0.319673
122.478	0.31915
122.524	0.313433
122.571	0.316383
122.617	0.314886
122.664	0.315024
122.71	0.317366
122.757	0.316066
122.803	0.315541
122.85	0.30843
122.897	0.310188
122.943	0.311572
122.99	0.314336
123.036	0.330634
123.083	0.32222
123.129	0.333421
123.176	0.32308
123.223	0.324678
123.27	0.319008
123.316	0.326424
123.363	0.31768
123.409	0.322887
123.456	0.317265
123.503	0.313712
123.55	0.308043
123.596	0.308369
123.643	0.317606
123.69	0.321565
123.736	0.330814
123.783	0.33312
123.83	0.32789
123.877	0.326285
123.924	0.324387
123.97	0.327503
124.016	0.325157
124.063	0.320905
124.11	0.318298
124.156	0.31481
124.203	0.315027
124.25	0.311983
124.296	0.32387
124.343	0.320362
124.389	0.328685
124.437	0.325615
124.483	0.331654
124.529	0.330046
124.576	0.322519
124.623	0.323368
124.67	0.325513
124.717	0.327632
124.763	0.33043
124.81	0.333988
124.857	0.337677
124.904	0.338869
124.95	0.347455
124.997	0.345539
125.043	0.352114
125.09	0.348504
125.137	0.351893
125.184	0.346717
125.23	0.350682
125.277	0.346188
125.324	0.337748
125.37	0.339567
125.417	0.336531
125.463	0.339881
125.51	0.33939
125.558	0.336471
125.604	0.346501
125.65	0.345559
125.697	0.348856
125.744	0.349595
125.791	0.350722
125.837	0.346515
125.884	0.341377
125.931	0.334744
125.977	0.329502
126.024	0.330773
126.071	0.324708
126.118	0.334017
126.164	0.339536
126.211	0.336376
126.259	0.335741
126.305	0.343969
126.352	0.343886
126.399	0.346651
126.445	0.344235
126.492	0.34569
126.539	0.34194
126.586	0.333562
126.633	0.337416
126.68	0.334015
126.726	0.341036
126.773	0.339617
126.82	0.347322
126.867	0.343043
126.914	0.349692
126.961	0.348188
127.008	0.344926
127.054	0.349002
127.101	0.341401
127.148	0.339628
127.195	0.340708
127.242	0.338865
127.289	0.332084
127.336	0.337817
127.383	0.339498
127.43	0.347368
127.477	0.34934
127.524	0.347467
127.571	0.355434
127.617	0.354834
127.664	0.35426
127.711	0.357421
127.758	0.348631
127.805	0.344136
127.852	0.344561
127.899	0.340727
127.946	0.340061
127.993	0.348897
128.04	0.353602
128.087	0.352398
128.134	0.354783
128.18	0.355135
128.227	0.354067
128.275	0.353621
128.322	0.357176
128.369	0.349047
128.415	0.351736
128.462	0.343889
128.51	0.33765
128.556	0.346853
128.603	0.34619
128.65	0.347507
128.698	0.346069
128.745	0.346788
128.791	0.349466
128.839	0.345869
128.886	0.346532
128.933	0.344531
128.98	0.348313
129.027	0.346358
129.074	0.349369
129.121	0.337385
129.169	0.332912
129.216	0.34207
129.262	0.34836
129.31	0.345375
129.357	0.357925
129.404	0.349231
129.451	0.352946
129.499	0.350214
129.546	0.354169
129.593	0.350739
129.64	0.350521
129.688	0.342961
129.735	0.353163
129.781	0.352696
129.828	0.346552
129.876	0.347331
129.923	0.357557
129.97	0.354894
130.017	0.362619
130.064	0.359997
130.111	0.358506
130.158	0.36064
130.205	0.356677
130.253	0.349834
130.3	0.358324
130.347	0.352791
130.395	0.355207
130.441	0.362433
130.489	0.357344
130.536	0.359418
130.583	0.358344
130.63	0.353555
130.677	0.360615
130.725	0.354153
130.771	0.3593
130.819	0.351732
130.866	0.357877
130.913	0.351001
130.96	0.353438
131.008	0.356561
131.055	0.363455
131.102	0.364102
131.149	0.369086
131.196	0.371083
131.244	0.364129
131.291	0.366449
131.338	0.364367
131.386	0.362088
131.433	0.365403
131.479	0.366921
131.527	0.360901
131.573	0.371987
131.622	0.353978
131.668	0.36401
131.715	0.364784
131.763	0.366882
131.81	0.371568
131.858	0.367694
131.905	0.37318
131.951	0.379662
131.998	0.364416
132.045	0.370733
132.093	0.368267
132.14	0.366479
132.188	0.357399
132.235	0.363777
132.282	0.364237
132.329	0.369808
132.376	0.370477
132.424	0.371841
132.471	0.372678
132.518	0.369273
132.565	0.369242
132.613	0.369852
132.66	0.368415
132.707	0.368857
132.754	0.367032
132.801	0.375262
132.849	0.363533
132.896	0.371224
132.943	0.370549
132.99	0.380577
133.038	0.369375
133.085	0.372343
133.133	0.361342
133.18	0.374238
133.227	0.366722
133.274	0.368792
133.321	0.368697
133.369	0.367227
133.416	0.364008
133.463	0.367777
133.51	0.37196
133.557	0.362959
133.604	0.371096
133.652	0.366493
133.7	0.372212
133.747	0.371428
133.794	0.372277
133.841	0.37263
133.889	0.365428
133.935	0.372433
133.982	0.37094
134.03	0.366229
134.077	0.368866
134.124	0.36296
134.171	0.363451
134.219	0.359766
134.266	0.35721
134.313	0.373116
134.361	0.369261
134.408	0.374724
134.455	0.371579
134.502	0.379986
134.549	0.369863
134.596	0.375183
134.644	0.36579
134.691	0.371599
134.738	0.372656
134.786	0.363039
134.833	0.366473
134.88	0.36953
134.927	0.363485
134.975	0.374972
135.022	0.37953
135.069	0.386501
135.117	0.382818
135.164	0.384019
135.211	0.385409
135.258	0.384336
135.306	0.380489
135.353	0.379093
135.401	0.369851
135.448	0.37713
135.496	0.373375
135.543	0.369677
135.591	0.371763
135.638	0.380855
135.687	0.373861
135.734	0.38445
135.781	0.387711
135.829	0.378668
135.876	0.382351
135.924	0.376701
135.971	0.382441
136.018	0.374841
136.066	0.365884
136.113	0.371223
136.161	0.372849
136.208	0.377163
136.256	0.383175
136.304	0.391465
136.351	0.390918
136.399	0.394621
136.446	0.390009
136.493	0.388599
136.541	0.383566
136.589	0.381098
136.636	0.376098
136.684	0.380863
136.732	0.377562
136.779	0.382532
136.827	0.381674
136.874	0.393275
136.922	0.388135
136.97	0.38787
137.017	0.394904
137.065	0.38429
137.112	0.388438
137.16	0.385962
137.208	0.38074
137.256	0.381463
137.303	0.379676
137.351	0.379079
137.398	0.385972
137.446	0.390758
137.494	0.380128
137.542	0.390754
137.589	0.39589
137.636	0.397943
137.684	0.390712
137.732	0.392309
137.779	0.393825
137.827	0.394438
137.875	0.386011
137.922	0.391206
137.97	0.385045
138.017	0.389757
138.065	0.39013
138.112	0.402281
138.16	0.404536
138.208	0.401529
138.256	0.403393
138.303	0.409258
138.351	0.402836
138.399	0.405958
138.447	0.393128
138.494	0.397841
138.542	0.385159
138.589	0.388301
138.637	0.385339
138.685	0.387727
138.733	0.392423
138.78	0.40075
138.828	0.39587
138.876	0.396148
138.923	0.407388
138.971	0.397936
139.019	0.397135
139.066	0.390952
139.114	0.386809
139.162	0.383687
139.21	0.385376
139.257	0.387637
139.305	0.393741
139.352	0.399617
139.4	0.395166
139.448	0.399469
139.496	0.390354
139.543	0.402563
139.591	0.399904
139.639	0.397671
139.687	0.387849
139.735	0.387992
139.783	0.381657
139.83	0.391654
139.878	0.381494
139.926	0.392766
139.973	0.395705
140.021	0.392745
140.068	0.397077
140.116	0.394208
140.164	0.393739
140.212	0.399831
140.26	0.396017
140.308	0.393078
140.355	0.386256
140.403	0.383973
140.451	0.388262
140.499	0.3893
140.547	0.394695
140.595	0.389861
140.642	0.398511
140.69	0.396707
140.738	0.396722
140.786	0.397704
140.834	0.400987
140.881	0.399934
140.93	0.382764
140.977	0.395268
141.025	0.389112
141.073	0.392963
141.121	0.39424
141.169	0.403852
141.217	0.401092
141.265	0.40279
141.312	0.405934
141.361	0.401889
141.409	0.401836
141.457	0.401997
141.505	0.402169
141.552	0.404192
141.6	0.400512
141.648	0.394248
141.697	0.392759
141.745	0.398719
141.793	0.404449
141.84	0.410688
141.888	0.405845
141.937	0.403334
141.984	0.414233
142.032	0.405695
142.08	0.411947
142.128	0.407224
142.176	0.412042
142.223	0.413602
142.272	0.398725
142.319	0.408528
142.367	0.400858
142.415	0.410513
142.462	0.413477
142.51	0.411683
142.558	0.414386
142.606	0.413515
142.654	0.419053
142.702	0.411644
142.75	0.413702
142.798	0.411947
142.846	0.415499
142.893	0.414102
142.941	0.411869
142.988	0.408989
143.037	0.406674
143.085	0.412657
143.132	0.420468
143.18	0.417001
143.228	0.413366
143.276	0.418235
143.323	0.419638
143.372	0.41383
143.419	0.417455
143.467	0.409267
143.515	0.415299
143.563	0.41455
143.611	0.410771
143.658	0.416174
143.706	0.414629
143.754	0.423508
143.802	0.414781
143.85	0.419992
143.898	0.415723
143.945	0.418869
143.993	0.419138
144.041	0.409272
144.089	0.415609
144.137	0.411626
144.185	0.409418
144.233	0.409855
144.28	0.412018
144.328	0.417851
144.376	0.418098
144.424	0.415903
144.472	0.42101
144.52	0.416582
144.568	0.419576
144.616	0.41901
144.664	0.424222
144.712	0.413008
144.76	0.406581
144.808	0.416773
144.856	0.420763
144.904	0.421816
144.952	0.425056
145.001	0.422122
145.048	0.426105
145.096	0.41729
145.145	0.418314
145.193	0.419444
145.24	0.423521
145.289	0.410505
145.337	0.41237
145.385	0.411362
145.433	0.4156
145.481	0.422111
145.529	0.421365
145.577	0.42188
145.625	0.421308
145.673	0.420783
145.721	0.425298
145.769	0.41799
145.817	0.422253
145.866	0.417142
145.913	0.426422
145.962	0.412672
146.01	0.4119
146.058	0.421284
146.105	0.420672
146.154	0.412718
146.202	0.426515
146.25	0.422074
146.298	0.42173
146.346	0.419445
146.394	0.422289
146.442	0.424678
146.491	0.417766
146.538	0.431562
146.587	0.418787
146.635	0.431844
146.682	0.430776
146.731	0.424919
146.779	0.424577
146.827	0.42651
146.875	0.427673
146.922	0.433574
146.97	0.425149
147.018	0.426495
147.067	0.423917
147.115	0.423497
147.162	0.430565
147.21	0.431147
147.258	0.433459
147.306	0.430622
147.354	0.42072
147.402	0.424011
147.45	0.417517
147.498	0.421322
147.546	0.421087
147.594	0.421438
147.642	0.43118
147.69	0.424492
147.738	0.42551
147.785	0.426744
147.833	0.428387
147.881	0.423666
147.929	0.429044
147.977	0.423782
148.025	0.426107
148.072	0.423022
148.121	0.419395
148.169	0.426412
148.217	0.427593
148.265	0.428249
148.313	0.428566
148.36	0.43361
148.408	0.425424
148.455	0.429809
148.504	0.424358
148.551	0.424335
148.599	0.42643
148.648	0.418756
148.696	0.426259
148.743	0.434211
148.791	0.438281
148.838	0.436757
148.886	0.431514
148.935	0.427889
148.983	0.431959
149.03	0.430327
149.079	0.426183
149.127	0.426246
149.174	0.423942
149.222	0.428596
149.27	0.419719
149.318	0.426463
149.366	0.435423
149.415	0.432162
149.462	0.449507
149.509	0.447242
149.557	0.439625
149.605	0.440519
149.654	0.43518
149.701	0.440632
149.749	0.442235
149.798	0.423123
149.845	0.436127
149.893	0.433679
149.941	0.441786
149.989	0.443649
150.037	0.44454
150.085	0.443776
150.134	0.440083
150.181	0.445668
150.229	0.439501
150.277	0.438062
150.325	0.435774
150.374	0.426718
150.421	0.436043
150.47	0.429173
150.517	0.440598
150.566	0.437519
150.614	0.441819
150.662	0.442672
150.71	0.44322
150.758	0.441192
150.806	0.437046
150.855	0.435133
150.903	0.434435
150.951	0.429254
150.999	0.440855
151.047	0.429112
151.095	0.430799
151.144	0.426288
151.191	0.443769
151.24	0.43506
151.288	0.443697
151.336	0.444122
151.384	0.445417
151.432	0.441215
151.481	0.438011
151.529	0.438362
151.577	0.450082
151.625	0.44394
151.673	0.440923
151.721	0.433875
151.769	0.434538
151.817	0.436119
151.865	0.4507
151.913	0.446827
151.962	0.44281
152.01	0.451317
152.058	0.44851
152.106	0.448004
152.154	0.448823
152.202	0.447714
152.25	0.448176
152.298	0.444885
152.346	0.438897
152.395	0.434538
152.442	0.450169
152.491	0.436797
152.539	0.448959
152.587	0.450724
152.635	0.458785
152.683	0.450322
152.731	0.448807
152.779	0.450286
152.827	0.449472
152.875	0.437228
152.923	0.437433
152.972	0.434801
153.02	0.43871
153.068	0.444679
153.116	0.444527
153.164	0.447627
153.212	0.444884
153.26	0.450147
153.308	0.449962
153.356	0.455458
153.404	0.452764
153.453	0.446781
153.501	0.444147
153.549	0.435413
153.597	0.44563
153.646	0.442152
153.694	0.445255
153.742	0.454537
153.791	0.447399
153.839	0.448267
153.887	0.446127
153.935	0.453122
153.983	0.445392
154.032	0.445243
154.08	0.451525
154.129	0.444519
154.177	0.442422
154.225	0.442958
154.273	0.45251
154.321	0.446076
154.369	0.451499
154.418	0.444364
154.466	0.444841
154.515	0.447323
154.562	0.450164
154.611	0.439625
154.659	0.444879
154.707	0.447221
154.755	0.448343
154.804	0.437233
154.852	0.448924
154.9	0.441664
154.948	0.45203
154.996	0.450093
155.045	0.451444
155.093	0.458609
155.141	0.459058
155.189	0.457232
155.237	0.456714
155.286	0.456822
155.334	0.458515
155.382	0.455143
155.43	0.45479
155.478	0.456719
155.526	0.448244
155.574	0.451964
155.623	0.450271
155.672	0.448536
155.719	0.463805
155.768	0.451397
155.815	0.463057
155.863	0.449474
155.911	0.457318
155.959	0.45674
156.008	0.452945
156.056	0.450935
156.104	0.461974
156.153	0.455789
156.201	0.46121
156.249	0.460846
156.297	0.456781
156.344	0.46345
156.393	0.453297
156.441	0.453593
156.489	0.462453
156.537	0.447225
156.586	0.451737
156.634	0.45285
156.683	0.4519
156.73	0.462529
156.778	0.462345
156.827	0.456311
156.875	0.468955
156.923	0.460944
156.971	0.460321
157.019	0.459589
157.067	0.459496
157.115	0.461152
157.164	0.453325
157.213	0.454142
157.26	0.466093
157.308	0.461757
157.357	0.456583
157.405	0.459553
157.453	0.460442
157.501	0.458421
157.549	0.457915
157.597	0.456688
157.645	0.466681
157.693	0.470365
157.74	0.470323
157.789	0.463183
157.837	0.472461
157.884	0.474774
157.932	0.478093
157.981	0.471037
158.028	0.482766
158.076	0.466836
158.124	0.472698
158.172	0.471775
158.22	0.467455
158.268	0.470034
158.316	0.466079
158.364	0.463735
158.411	0.468433
158.459	0.470221
158.507	0.469624
158.555	0.469179
158.602	0.469468
158.651	0.459188
158.698	0.4705
158.746	0.463373
158.794	0.471565
158.842	0.463105
158.889	0.469632
158.937	0.47026
158.985	0.464204
159.034	0.46034
159.081	0.476482
159.129	0.462494
159.176	0.473272
159.224	0.459893
159.272	0.462893
159.32	0.469433
159.367	0.462149
159.415	0.461303
159.463	0.464468
159.511	0.461694
159.559	0.470189
159.607	0.459591
159.655	0.464307
159.703	0.461228
159.75	0.461508
159.798	0.458497
159.846	0.460424
159.894	0.450373
159.942	0.459348
159.991	0.452832
160.038	0.466175
160.086	0.459543
160.134	0.461341
160.183	0.457711
160.231	0.46238
160.279	0.456552
160.327	0.471271
160.374	0.468895
160.422	0.461161
160.471	0.460554
160.519	0.459945
160.567	0.45453
160.614	0.463753
160.663	0.453375
160.711	0.464478
160.759	0.467143
160.807	0.468501
160.855	0.464728
160.904	0.463821
160.952	0.468225
161	0.470741
161.048	0.477483
161.095	0.477403
161.144	0.462765
161.192	0.467637
161.24	0.464545
161.288	0.473914
161.337	0.469842
161.385	0.475492
161.433	0.470985
161.481	0.479192
161.529	0.473932
161.577	0.476039
161.625	0.470734
161.673	0.477964
161.722	0.471222
161.77	0.470937
161.818	0.47427
161.866	0.474938
161.914	0.471782
161.963	0.469502
162.01	0.480633
162.058	0.483659
162.106	0.476439
162.154	0.48511
162.202	0.479171
162.251	0.47746
162.298	0.48665
162.347	0.476714
162.394	0.488754
162.442	0.48605
162.49	0.486159
162.538	0.489401
162.586	0.483697
162.633	0.491588
162.682	0.478374
162.73	0.487219
162.778	0.480568
162.826	0.487675
162.873	0.497728
162.922	0.484578
162.97	0.486778
163.017	0.489609
163.065	0.485715
163.113	0.488479
163.16	0.495584
163.208	0.488097
163.257	0.477795
163.305	0.493139
163.352	0.49144
163.399	0.496379
163.448	0.48187
163.495	0.497975
163.544	0.480531
163.591	0.487824
163.639	0.483425
163.687	0.487274
163.734	0.495747
163.782	0.483824
163.83	0.484997
163.878	0.483353
163.925	0.492967
163.973	0.488246
164.021	0.488046
164.068	0.493174
164.116	0.489121
164.164	0.484856
164.211	0.48636
164.259	0.484571
164.307	0.487982
164.355	0.48658
164.402	0.486413
164.45	0.491
164.498	0.482964
164.546	0.490431
164.593	0.487911
164.641	0.487229
164.689	0.487237
164.736	0.492717
164.784	0.485302
164.832	0.488545
164.88	0.486609
164.928	0.488425
164.975	0.489031
165.023	0.493691
165.071	0.482769
165.119	0.487852
165.167	0.48437
165.214	0.487588
165.262	0.483417
165.31	0.480998
165.358	0.493364
165.405	0.485484
165.453	0.48423
165.501	0.48883
165.549	0.48601
165.597	0.483739
165.645	0.490566
165.693	0.482694
165.74	0.491383
165.788	0.485748
165.836	0.484943
165.884	0.48431
165.932	0.490746
165.98	0.483132
166.028	0.491314
166.076	0.485863
166.124	0.488829
166.172	0.489338
166.22	0.481386
166.268	0.487527
166.316	0.489511
166.364	0.479999
166.412	0.486296
166.46	0.486671
166.508	0.490393
166.556	0.489298
166.604	0.487992
166.652	0.492725
166.7	0.488784
166.747	0.501527
166.797	0.477959
166.845	0.494649
166.893	0.493977
166.94	0.500441
166.988	0.492951
167.036	0.491822
167.084	0.497489
167.132	0.492368
167.181	0.487724
167.228	0.500866
167.276	0.495491
167.324	0.493887
167.372	0.495975
167.42	0.495652
167.468	0.497504
167.517	0.493188
167.564	0.504554
167.612	0.498162
167.66	0.498576
167.708	0.499751
167.756	0.495784
167.804	0.501763
167.852	0.501184
167.9	0.492141
167.948	0.500554
167.996	0.495293
168.043	0.506147
168.092	0.494006
168.14	0.499891
168.187	0.505769
168.235	0.500075
168.283	0.503542
168.331	0.502973
168.379	0.498013
168.427	0.503345
168.475	0.497667
168.523	0.506018
168.571	0.495758
168.619	0.499252
168.667	0.498727
168.714	0.499728
168.762	0.49735
168.81	0.505247
168.857	0.5063
168.905	0.497523
168.953	0.503325
169.001	0.499928
169.049	0.509123
169.097	0.502672
169.145	0.499746
169.193	0.505634
169.241	0.506217
169.289	0.500903
169.336	0.509127
169.384	0.503079
169.432	0.501546
169.48	0.508242
169.528	0.497271
169.576	0.508141
169.624	0.501323
169.672	0.498026
169.72	0.503931
169.768	0.499746
169.816	0.499785
169.863	0.504183
169.911	0.498112
169.96	0.498909
170.008	0.499359
170.055	0.505084
170.103	0.505475
170.151	0.499296
170.199	0.50442
170.247	0.499323
170.295	0.500751
170.343	0.501018
170.391	0.506448
170.439	0.504437
170.487	0.4964
170.535	0.504657
170.583	0.492493
170.631	0.49865
170.68	0.494805
170.728	0.498773
170.776	0.501018
170.823	0.500531
170.871	0.49853
170.92	0.495083
170.967	0.506762
171.015	0.500995
171.063	0.505273
171.112	0.491125
171.16	0.501911
171.208	0.508214
171.256	0.502856
171.304	0.506795
171.352	0.50072
171.4	0.497886
171.448	0.504103
171.497	0.493228
171.545	0.506255
171.593	0.495012
171.641	0.502284
171.689	0.509146
171.737	0.501566
171.785	0.504286
171.834	0.502679
171.882	0.503536
171.93	0.50331
171.978	0.504855
172.026	0.503153
172.075	0.504481
172.123	0.50296
172.171	0.511226
172.219	0.504231
172.267	0.513609
172.316	0.508922
172.364	0.507907
172.412	0.505624
172.46	0.506939
172.508	0.512259
172.557	0.502331
172.606	0.508349
172.654	0.510205
172.702	0.510959
172.75	0.507048
172.798	0.516243
172.847	0.506803
172.894	0.514831
172.943	0.507237
172.991	0.505256
173.039	0.513872
173.087	0.506558
173.136	0.510131
173.184	0.504568
173.232	0.515369
173.28	0.515223
173.329	0.510818
173.377	0.511774
173.426	0.505249
173.473	0.519031
173.522	0.50632
173.57	0.502998
173.618	0.508431
173.667	0.505212
173.715	0.507443
173.763	0.508953
173.812	0.50675
173.86	0.509341
173.908	0.519622
173.956	0.512394
174.005	0.506499
174.053	0.510556
174.101	0.515571
174.149	0.517013
174.199	0.500667
174.246	0.519587
174.294	0.514477
174.342	0.50947
174.391	0.508122
174.439	0.515884
174.488	0.51733
174.535	0.524941
174.585	0.511439
174.632	0.525962
174.681	0.518927
174.729	0.515759
174.778	0.514587
174.826	0.517795
174.874	0.522696
174.922	0.510495
174.971	0.511776
175.018	0.524887
175.067	0.506057
175.115	0.525491
175.163	0.515509
175.212	0.524563
175.26	0.524261
175.308	0.518901
175.356	0.521434
175.405	0.518997
175.453	0.518707
175.501	0.520885
175.55	0.519994
175.598	0.524442
175.646	0.514673
175.695	0.516966
175.742	0.5297
175.792	0.514857
175.84	0.526386
175.888	0.522232
175.936	0.531261
175.984	0.520836
176.033	0.520094
176.081	0.525137
176.129	0.525312
176.177	0.527273
176.226	0.515986
176.274	0.525183
176.322	0.520059
176.37	0.51708
176.419	0.519189
176.468	0.5199
176.516	0.525569
176.563	0.532822
176.612	0.516644
176.661	0.516947
176.709	0.5257
176.758	0.512963
176.806	0.518255
176.854	0.520402
176.903	0.513607
176.951	0.515006
176.999	0.527448
177.048	0.518547
177.097	0.523055
177.145	0.526712
177.193	0.529116
177.241	0.527658
177.29	0.524584
177.339	0.517221
177.387	0.519486
177.435	0.526246
177.483	0.525661
177.532	0.515418
177.581	0.512747
177.628	0.526352
177.677	0.517602
177.726	0.52141
177.774	0.523799
177.823	0.524522
177.871	0.528034
177.919	0.525246
177.968	0.523019
178.016	0.528796
178.065	0.527028
178.113	0.52733
178.161	0.533556
178.21	0.526185
178.259	0.519512
178.307	0.527859
178.356	0.525515
178.404	0.532466
178.452	0.534578
178.501	0.528614
178.549	0.529551
178.597	0.534498
178.646	0.530179
178.694	0.532755
178.744	0.520982
178.792	0.539688
178.84	0.536768
178.888	0.535267
178.937	0.532364
178.985	0.534761
179.033	0.5342
179.082	0.528446
179.13	0.534263
179.179	0.533547
179.227	0.534273
179.276	0.532231
179.324	0.538691
179.372	0.537791
179.42	0.534014
179.469	0.538867
179.517	0.534911
179.565	0.538229
179.614	0.540794
179.662	0.54255
179.71	0.535872
179.758	0.535452
179.808	0.527981
179.855	0.543638
179.904	0.536826
179.952	0.538646
180	0.539168
180.049	0.540667
180.097	0.540667
180.145	0.538741
180.193	0.538084
180.242	0.527978
180.29	0.542216
180.338	0.531099
180.387	0.534873
180.435	0.531336
180.483	0.541581
180.531	0.539012
180.58	0.534948
180.629	0.526884
180.677	0.533231
180.725	0.535611
180.773	0.53621
180.822	0.524895
180.87	0.541444
180.918	0.531464
180.967	0.528468
181.016	0.53126
181.064	0.54157
181.113	0.527891
181.161	0.543317
181.209	0.533678
181.257	0.544886
181.307	0.52168
181.355	0.537122
181.403	0.53504
181.452	0.531437
181.5	0.535794
181.548	0.536395
181.597	0.526459
181.645	0.540131
181.694	0.533268
181.742	0.537185
181.791	0.526523
181.839	0.537404
181.888	0.533863
181.937	0.534732
181.985	0.530796
182.033	0.543874
182.082	0.527667
182.131	0.537057
182.18	0.525059
182.228	0.538573
182.277	0.530527
182.325	0.541111
182.374	0.536368
182.422	0.545572
182.471	0.529074
182.519	0.549271
182.569	0.524249
182.616	0.548614
182.665	0.529756
182.714	0.536027
182.763	0.53083
182.811	0.542476
182.86	0.535705
182.909	0.533349
182.958	0.531658
183.006	0.5494
183.055	0.530776
183.104	0.539224
183.152	0.535411
183.201	0.535594
183.249	0.538368
183.298	0.536462
183.347	0.537338
183.396	0.531794
183.444	0.538204
183.493	0.540993
183.541	0.542109
183.589	0.547387
183.638	0.535952
183.687	0.538441
183.735	0.544995
183.784	0.539511
183.833	0.538152
183.882	0.536061
183.931	0.54136
183.979	0.548267
184.028	0.542833
184.076	0.544357
184.124	0.548564
184.173	0.544257
184.221	0.549863
184.27	0.543093
184.319	0.546313
184.367	0.543149
184.416	0.543331
184.465	0.542132
184.513	0.546864
184.561	0.549557
184.61	0.542325
184.659	0.541851
184.707	0.549032
184.756	0.543643
184.805	0.548798
184.853	0.5482
184.902	0.544422
184.95	0.548645
184.999	0.534713
185.048	0.550568
185.097	0.542158
185.144	0.559297
185.193	0.543033
185.242	0.537708
185.29	0.550855
185.339	0.540892
185.388	0.545452
185.436	0.547906
185.485	0.538982
185.533	0.542449
185.582	0.53616
185.631	0.540978
185.679	0.539625
185.728	0.54008
185.776	0.544589
185.825	0.539007
185.873	0.546385
185.922	0.544815
185.97	0.53897
186.019	0.537842
186.067	0.544111
186.116	0.538059
186.165	0.540603
186.214	0.53147
186.262	0.54047
186.311	0.533584
186.359	0.535536
186.408	0.538713
186.457	0.537596
186.505	0.540135
186.554	0.534044
186.603	0.54478
186.652	0.535117
186.7	0.54332
186.749	0.535809
186.798	0.537909
186.846	0.542849
186.895	0.53716
186.944	0.533746
186.992	0.535881
187.041	0.535025
187.089	0.541171
187.139	0.535739
187.187	0.550408
187.236	0.544899
187.284	0.546245
187.334	0.53791
187.382	0.551276
187.431	0.545215
187.479	0.550187
187.528	0.545531
187.576	0.542066
187.626	0.534792
187.675	0.545498
187.723	0.543648
187.772	0.551748
187.82	0.549214
187.869	0.545957
187.918	0.552356
187.966	0.551377
188.015	0.548788
188.064	0.549498
188.113	0.542423
188.162	0.542722
188.211	0.550788
188.259	0.552288
188.308	0.548063
188.357	0.543126
188.405	0.554949
188.455	0.545701
188.503	0.552698
188.552	0.552441
188.601	0.551858
188.649	0.553668
188.698	0.553536
188.747	0.550896
188.795	0.550514
188.844	0.558628
188.892	0.551412
188.941	0.556262
188.99	0.549279
189.038	0.55657
189.087	0.547194
189.136	0.557197
189.185	0.555817
189.233	0.555885
189.282	0.552768
189.33	0.560904
189.378	0.56215
189.428	0.549352
189.476	0.560524
189.525	0.553851
189.574	0.553684
189.622	0.566273
189.671	0.549637
189.72	0.555861
189.768	0.561434
189.817	0.556481
189.865	0.558147
189.913	0.565887
189.962	0.555433
190.011	0.557365
190.06	0.552224
190.108	0.561327
190.157	0.557861
190.205	0.558849
190.254	0.558683
190.303	0.556325
190.351	0.55759
190.4	0.559568
190.449	0.551552
190.498	0.558109
190.546	0.561276
190.594	0.562856
190.643	0.551072
190.692	0.55469
190.741	0.563884
190.789	0.557434
190.838	0.553092
190.887	0.560581
190.936	0.55401
190.984	0.559463
191.033	0.556907
191.082	0.559557
191.13	0.560242
191.179	0.558185
191.228	0.551872
191.277	0.565462
191.326	0.551381
191.374	0.560653
191.423	0.55633
191.472	0.558404
191.521	0.556282
191.57	0.549019
191.619	0.553338
191.668	0.557754
191.716	0.559274
191.765	0.558622
191.813	0.565565
191.862	0.560729
191.911	0.55435
191.96	0.558216
192.009	0.560577
192.058	0.558765
192.107	0.558892
192.155	0.560874
192.205	0.549392
192.253	0.564803
192.302	0.555715
192.352	0.551542
192.4	0.569035
192.449	0.564415
192.498	0.561776
192.547	0.568192
192.595	0.571463
192.644	0.562378
192.693	0.564694
192.742	0.563149
192.791	0.558533
192.839	0.571534
192.889	0.55188
192.938	0.56425
192.986	0.568705
193.035	0.555124
193.084	0.572128
193.133	0.558499
193.182	0.566914
193.231	0.565977
193.28	0.558543
193.329	0.563017
193.378	0.563004
193.427	0.570155
193.476	0.567004
193.524	0.572678
193.573	0.560041
193.622	0.565677
193.671	0.570088
193.719	0.574036
193.768	0.56791
193.817	0.570837
193.866	0.570889
193.915	0.571488
193.964	0.564693
194.013	0.573363
194.061	0.572126
194.111	0.567587
194.159	0.570297
194.208	0.574969
194.256	0.573988
194.305	0.561396
194.354	0.567152
194.403	0.570701
194.452	0.569577
194.501	0.577217
194.55	0.573999
194.599	0.568713
194.648	0.573716
194.696	0.576534
194.745	0.576319
194.793	0.57874
194.843	0.562622
194.891	0.578502
194.94	0.565792
194.989	0.575539
195.037	0.570609
195.086	0.572443
195.135	0.569399
195.184	0.576906
195.232	0.579131
195.281	0.581784
195.33	0.567458
195.378	0.579285
195.428	0.567252
195.476	0.576319
195.525	0.570726
195.574	0.576955
195.623	0.569358
195.671	0.572391
195.72	0.571387
195.769	0.577116
195.818	0.572771
195.867	0.574424
195.916	0.569325
195.964	0.579171
196.013	0.578915
196.062	0.576747
196.111	0.569878
196.159	0.579135
196.208	0.569034
196.257	0.573098
196.306	0.569443
196.355	0.581447
196.404	0.573244
196.453	0.573952
196.501	0.577449
196.55	0.577471
196.599	0.577266
196.648	0.576906
196.697	0.571751
196.746	0.569844
196.795	0.580104
196.844	0.573879
196.892	0.579461
196.941	0.574077
196.991	0.564246
197.039	0.581525
197.087	0.582093
197.137	0.571575
197.186	0.578265
197.235	0.575876
197.284	0.575337
197.333	0.569079
197.382	0.578632
197.43	0.577431
197.481	0.5561
197.529	0.581337
197.578	0.56519
197.627	0.578185
197.676	0.580193
197.725	0.572469
197.774	0.580165
197.823	0.574752
197.872	0.581966
197.921	0.573096
197.97	0.577835
198.019	0.57025
198.068	0.574229
198.117	0.57814
198.165	0.578659
198.215	0.565331
198.264	0.574154
198.313	0.583092
198.362	0.579181
198.411	0.574672
198.459	0.590198
198.509	0.572877
198.558	0.577674
198.608	0.57267
198.656	0.583435
198.705	0.580197
198.754	0.580346
198.804	0.575564
198.852	0.587906
198.901	0.577322
198.95	0.580013
198.999	0.586311
199.049	0.57382
199.097	0.588418
199.146	0.588148
199.195	0.574056
199.244	0.58515
199.293	0.581047
199.342	0.587078
199.391	0.576522
199.44	0.581589
199.489	0.586369
199.538	0.579236
199.587	0.580516
199.636	0.591361
199.685	0.582832
199.734	0.591116
199.782	0.589535
199.831	0.590438
199.88	0.591388
199.929	0.588856
199.978	0.588954
200.026	0.588212
200.076	0.581137
200.124	0.593981
200.174	0.582182
200.222	0.596058
200.271	0.581673
200.32	0.585595
200.369	0.598289
200.418	0.58169
200.467	0.594578
200.516	0.59205
200.564	0.592272
200.614	0.58261
200.663	0.586889
200.712	0.587494
200.761	0.587322
200.81	0.59001
200.858	0.5928
200.906	0.592713
200.955	0.587241
201.005	0.579743
201.054	0.592583
201.102	0.596441
201.151	0.585398
201.2	0.594861
201.249	0.586731
201.299	0.578884
201.347	0.591581
201.397	0.582342
201.445	0.591512
201.493	0.594035
201.543	0.573967
201.592	0.584152
201.641	0.583076
201.691	0.577448
201.74	0.589557
201.788	0.593411
201.837	0.585299
201.886	0.59261
201.936	0.582636
201.984	0.596904
202.033	0.586085
202.082	0.581656
202.13	0.598448
202.18	0.576894
202.23	0.575702
202.278	0.594561
202.327	0.588768
202.376	0.58786
202.425	0.58259
202.474	0.591919
202.523	0.593921
202.572	0.59227
202.621	0.580116
202.67	0.583812
202.719	0.581053
202.768	0.584164
202.817	0.580961
202.867	0.578686
202.915	0.591369
202.964	0.58615
203.013	0.583314
203.062	0.589785
203.112	0.579594
203.16	0.592708
203.209	0.582947
203.259	0.571218
203.307	0.5807
203.357	0.573664
203.406	0.565405
203.455	0.575525
203.505	0.574369
203.553	0.578542
203.603	0.574539
203.652	0.578772
203.701	0.574594
203.75	0.574291
203.8	0.573934
203.849	0.577747
203.898	0.575524
203.946	0.586787
203.996	0.572262
204.045	0.578776
204.094	0.573896
204.143	0.582204
204.193	0.580129
204.241	0.590683
204.29	0.590199
204.34	0.583513
204.389	0.588199
204.438	0.58965
204.488	0.574293
204.536	0.601138
204.585	0.590226
204.634	0.593206
204.683	0.584804
204.732	0.588239
204.781	0.586405
204.83	0.585593
204.88	0.584518
204.929	0.590844
204.977	0.602747
205.027	0.586715
205.076	0.597296
205.125	0.590701
205.173	0.599333
205.222	0.589623
205.272	0.591022
205.321	0.586911
205.37	0.591562
205.419	0.584344
205.468	0.583856
205.517	0.592823
205.566	0.588492
205.615	0.588538
205.664	0.5925
205.712	0.600885
205.761	0.597592
205.811	0.587117
205.86	0.590474
205.909	0.594914
205.957	0.600681
206.007	0.586004
206.056	0.589311
206.105	0.588694
206.154	0.586987
206.203	0.590037
206.252	0.587495
206.301	0.594442
206.35	0.589198
206.399	0.597284
206.448	0.5876
206.497	0.597748
206.546	0.589084
206.596	0.585398
206.644	0.593918
206.693	0.592681
206.742	0.588475
206.792	0.591611
206.841	0.585142
206.889	0.605789
206.94	0.58298
206.988	0.604919
207.037	0.605536
207.087	0.595136
207.136	0.602353
207.184	0.603284
207.234	0.599238
207.282	0.602019
207.332	0.595036
207.381	0.596327
207.43	0.602097
207.48	0.589213
207.528	0.604728
207.577	0.606721
207.626	0.605691
207.676	0.607002
207.725	0.605501
207.774	0.607828
207.823	0.602645
207.872	0.599909
207.922	0.595678
207.971	0.5947
208.02	0.597988
208.069	0.598697
208.118	0.600613
208.167	0.602121
208.216	0.597486
208.266	0.601927
208.315	0.602378
208.364	0.606222
208.413	0.601097
208.462	0.609719
208.512	0.594454
208.561	0.603259
208.61	0.597838
208.659	0.603287
208.708	0.59996
208.757	0.607038
208.807	0.599204
208.855	0.611196
208.905	0.606808
208.954	0.60513
209.003	0.613481
209.052	0.611136
209.101	0.608876
209.151	0.598757
209.2	0.608693
209.248	0.610557
209.298	0.603609
209.347	0.604625
209.396	0.601141
209.445	0.611837
209.494	0.604547
209.543	0.611946
209.593	0.603897
209.641	0.618602
209.691	0.609464
209.74	0.605782
209.789	0.611154
209.838	0.613507
209.887	0.603487
209.936	0.612732
209.985	0.605512
210.035	0.606995
210.084	0.606975
210.133	0.606731
210.182	0.60749
210.231	0.604577
210.28	0.622222
210.329	0.612756
210.378	0.617178
210.427	0.610411
210.476	0.612712
210.525	0.618569
210.574	0.610501
210.623	0.618853
210.672	0.617878
210.721	0.61286
210.77	0.618386
210.819	0.612657
210.868	0.613658
210.917	0.616225
210.967	0.613815
211.016	0.612251
211.064	0.635781
211.113	0.608559
211.162	0.619296
211.211	0.617197
211.26	0.606344
211.309	0.612057
211.358	0.605506
211.408	0.60095
211.456	0.615092
211.506	0.598509
211.555	0.608223
211.604	0.614141
211.653	0.609359
211.702	0.618414
211.751	0.608896
211.8	0.620538
211.849	0.609777
211.898	0.616214
211.947	0.608872
211.996	0.612748
212.045	0.608774
212.094	0.611586
212.143	0.610743
212.192	0.614235
212.242	0.604949
212.29	0.617076
212.339	0.615765
212.388	0.61902
212.438	0.600885
212.487	0.611712
212.536	0.616615
212.585	0.60862
212.634	0.601506
212.683	0.610981
212.732	0.612892
212.782	0.598514
212.83	0.61305
212.88	0.603424
212.929	0.617543
212.978	0.605971
213.028	0.603476
213.076	0.617426
213.125	0.606825
213.175	0.604899
213.224	0.601324
213.273	0.597042
213.323	0.593645
213.371	0.601695
213.421	0.59423
213.47	0.601899
213.52	0.58397
213.568	0.607288
213.617	0.600119
213.667	0.597484
213.716	0.592623
213.765	0.599583
213.815	0.596822
213.863	0.605924
213.913	0.593774
213.962	0.593503
214.011	0.597095
214.06	0.609235
214.109	0.596485
214.158	0.603948
214.207	0.601548
214.257	0.595641
214.306	0.601379
214.356	0.602972
214.405	0.602581
214.454	0.603593
214.503	0.598834
214.552	0.596497
214.601	0.595479
214.651	0.597223
214.699	0.613223
214.748	0.593306
214.798	0.595735
214.847	0.599998
214.896	0.608741
214.946	0.598905
214.995	0.601917
215.043	0.606745
215.093	0.597057
215.142	0.600034
215.192	0.592
215.241	0.601399
215.289	0.604885
215.339	0.592178
215.388	0.603465
215.438	0.604386
215.487	0.609092
215.536	0.604586
215.585	0.612543
215.635	0.605912
215.684	0.608977
215.733	0.612674
215.782	0.605444
215.831	0.602212
215.88	0.603487
215.93	0.601318
215.979	0.596461
216.028	0.604746
216.077	0.603703
216.127	0.593965
216.177	0.601524
216.226	0.604307
216.275	0.607727
216.324	0.603347
216.374	0.600652
216.424	0.598077
216.473	0.608236
216.521	0.610252
216.571	0.598941
216.62	0.612738
216.67	0.60297
216.719	0.61014
216.769	0.610842
216.818	0.6097
216.867	0.615198
216.917	0.609105
216.966	0.612265
217.015	0.615154
217.064	0.615956
217.113	0.613052
217.163	0.612688
217.212	0.607617
217.262	0.614493
217.31	0.623048
217.36	0.610284
217.409	0.61367
217.458	0.624281
217.508	0.605012
217.557	0.618222
217.606	0.616096
217.655	0.616658
217.705	0.615015
217.754	0.616888
217.804	0.607193
217.853	0.620692
217.901	0.622262
217.951	0.614421
218	0.618841
218.049	0.620802
218.098	0.611052
218.147	0.617119
218.196	0.612888
218.245	0.614769
218.295	0.612311
218.344	0.611558
218.393	0.616526
218.442	0.612803
218.492	0.608635
218.541	0.618611
218.59	0.620121
218.638	0.620672
218.688	0.610472
218.737	0.623808
218.786	0.614259
218.835	0.616087
218.884	0.616123
218.933	0.618999
218.982	0.61988
219.031	0.619609
219.079	0.620005
219.129	0.613526
219.178	0.608294
219.227	0.620534
219.276	0.626765
219.325	0.628301
219.374	0.6164
219.423	0.62317
219.473	0.624099
219.521	0.62732
219.571	0.621659
219.62	0.627452
219.669	0.619881
219.718	0.623812
219.767	0.625416
219.817	0.619442
219.865	0.628216
219.915	0.623794
219.964	0.625884
220.013	0.63446
220.062	0.618838
220.111	0.640579
220.16	0.622866
220.209	0.627723
220.259	0.620963
220.308	0.627602
220.356	0.629825
220.406	0.619626
220.455	0.623355
220.504	0.631098
220.552	0.630052
220.602	0.61967
220.651	0.627814
220.7	0.628925
220.749	0.625233
220.798	0.626918
220.848	0.618812
220.896	0.629117
220.945	0.622627
220.995	0.60942
221.044	0.622992
221.094	0.612721
221.143	0.62218
221.192	0.628357
221.241	0.622344
221.29	0.620537
221.339	0.62609
221.388	0.625858
221.439	0.610823
221.487	0.636805
221.536	0.625708
221.585	0.617058
221.635	0.616384
221.684	0.620628
221.733	0.626785
221.783	0.619611
221.832	0.632493
221.881	0.624654
221.93	0.639839
221.979	0.624029
222.028	0.631528
222.078	0.627616
222.127	0.633602
222.176	0.626601
222.226	0.621671
222.274	0.630129
222.325	0.614733
222.373	0.636145
222.422	0.624654
222.471	0.633249
222.521	0.622941
222.57	0.631055
222.619	0.631812
222.668	0.640674
222.718	0.624368
222.767	0.644577
222.817	0.617444
222.866	0.633122
222.916	0.633578
222.965	0.628653
223.014	0.635715
223.063	0.633863
223.112	0.633422
223.162	0.628179
223.211	0.634435
223.261	0.631292
223.309	0.641281
223.359	0.633543
223.408	0.636096
223.457	0.641244
223.506	0.638572
223.556	0.628128
223.605	0.636044
223.654	0.640049
223.703	0.634413
223.753	0.63034
223.801	0.643325
223.851	0.631692
223.901	0.634648
223.949	0.646224
223.999	0.636828
224.048	0.642828
224.097	0.639385
224.146	0.635818
224.196	0.633125
224.244	0.649876
224.294	0.629466
224.343	0.63027
224.392	0.637909
224.442	0.631872
224.49	0.647498
224.54	0.628338
224.589	0.635175
224.638	0.638169
224.687	0.640384
224.736	0.638496
224.785	0.642519
224.835	0.635061
224.884	0.636734
224.933	0.628954
224.982	0.640479
225.031	0.625597
225.081	0.629918
225.129	0.633152
225.18	0.618506
225.228	0.637989
225.277	0.630472
225.326	0.642213
225.376	0.626173
225.425	0.63468
225.474	0.630116
225.523	0.620466
225.573	0.620038
225.622	0.624538
225.672	0.611188
225.72	0.63755
225.77	0.622926
225.819	0.633469
225.868	0.629784
225.918	0.626537
225.967	0.630894
226.017	0.630702
226.066	0.634389
226.115	0.631679
226.164	0.630582
226.213	0.628577
226.263	0.617953
226.312	0.627423
226.362	0.62772
226.411	0.630471
226.46	0.633388
226.509	0.627772
226.559	0.624201
226.608	0.639438
226.657	0.634894
226.707	0.628845
226.756	0.633762
226.805	0.632317
226.854	0.640756
226.903	0.636646
226.953	0.631792
227.002	0.638586
227.051	0.636488
227.101	0.630965
227.15	0.641853
227.2	0.630099
227.248	0.640587
227.297	0.633779
227.347	0.625069
227.397	0.630276
227.446	0.633702
227.495	0.620957
227.545	0.622518
227.593	0.635081
227.643	0.618847
227.692	0.630708
227.742	0.625329
227.791	0.627289
227.84	0.631783
227.889	0.62349
227.938	0.632401
227.989	0.613533
228.037	0.635954
228.087	0.614517
228.135	0.630714
228.185	0.618643
228.234	0.616785
228.284	0.615979
228.333	0.615501
228.383	0.618661
228.432	0.623399
228.481	0.619373
228.531	0.616387
228.58	0.624072
228.629	0.61849
228.678	0.622662
228.727	0.622105
228.777	0.610567
228.826	0.620128
228.875	0.617376
228.925	0.611252
228.974	0.61919
229.023	0.61639
229.072	0.610666
229.121	0.618416
229.171	0.610405
229.22	0.619244
229.269	0.619934
229.318	0.622963
229.368	0.619079
229.417	0.631764
229.467	0.616074
229.516	0.628178
229.565	0.623281
229.614	0.62365
229.663	0.623619
229.712	0.625073
229.761	0.628446
229.81	0.632608
229.86	0.618647
229.908	0.635765
229.957	0.633036
230.007	0.63073
230.055	0.638124
230.105	0.622451
230.155	0.624875
230.204	0.627813
230.253	0.640548
230.302	0.628274
230.351	0.633453
230.4	0.628562
230.449	0.635735
230.499	0.633645
230.548	0.63793
230.598	0.637223
230.646	0.648426
230.696	0.637038
230.745	0.646804
230.794	0.645948
230.843	0.646116
230.892	0.643198
230.942	0.648254
230.99	0.653542
231.04	0.65029
231.089	0.651435
231.138	0.653264
231.188	0.655942
231.237	0.651617
231.287	0.65297
231.336	0.665759
231.385	0.662255
231.434	0.656358
231.483	0.657818
231.532	0.657858
231.581	0.659759
231.631	0.654106
231.68	0.658262
231.729	0.650423
231.778	0.669772
231.827	0.653156
231.877	0.64977
231.926	0.654964
231.975	0.647448
232.024	0.653644
232.073	0.649634
232.123	0.647244
232.172	0.643367
232.222	0.642157
232.271	0.650762
232.32	0.647184
232.369	0.638105
232.419	0.644502
232.467	0.648878
232.517	0.635276
232.566	0.649419
232.615	0.644002
232.665	0.631997
232.714	0.645597
232.763	0.637011
232.813	0.638339
232.862	0.636654
232.911	0.641598
232.96	0.647439
233.009	0.641631
233.058	0.640692
233.107	0.645613
233.156	0.648789
233.206	0.640768
233.254	0.660277
233.304	0.637666
233.352	0.657397
233.402	0.638858
233.451	0.650484
233.5	0.646324
233.55	0.647413
233.599	0.643439
233.648	0.657777
233.697	0.649199
233.746	0.65045
233.795	0.657063
233.844	0.647999
233.894	0.651025
233.942	0.658552
233.991	0.659147
234.04	0.653038
234.089	0.657164
234.139	0.644779
234.187	0.659538
234.237	0.645261
234.286	0.648463
234.335	0.655144
234.384	0.649585
234.433	0.655335
234.482	0.657969
234.531	0.650406
234.58	0.654897
234.629	0.655111
234.679	0.647646
234.728	0.662445
234.776	0.664628
234.825	0.655149
234.875	0.653949
234.924	0.651608
234.973	0.665328
235.022	0.658051
235.072	0.654278
235.121	0.66161
235.17	0.662398
235.219	0.657779
235.268	0.650191
235.317	0.653849
235.366	0.655745
235.416	0.643546
235.465	0.652618
235.515	0.649303
235.564	0.658793
235.613	0.650095
235.663	0.65079
235.711	0.663574
235.761	0.650178
235.81	0.654459
235.859	0.652731
235.909	0.651571
235.958	0.66059
236.007	0.653321
236.057	0.653534
236.106	0.654352
236.155	0.658447
236.204	0.658012
236.254	0.655457
236.303	0.656645
236.352	0.657003
236.4	0.66059
236.45	0.645527
236.5	0.648339
236.549	0.655527
236.598	0.646982
236.647	0.647726
236.697	0.647074
236.746	0.654649
236.795	0.64971
236.845	0.645398
236.894	0.658902
236.943	0.652173
236.992	0.653123
237.042	0.652228
237.092	0.646392
237.141	0.65506
237.189	0.664096
237.239	0.648487
237.288	0.659434
237.337	0.661983
237.386	0.656741
237.436	0.6528
237.485	0.659321
237.534	0.650743
237.583	0.659164
237.633	0.651834
237.682	0.659141
237.731	0.655871
237.781	0.646998
237.83	0.656801
237.878	0.664577
237.927	0.651536
237.977	0.656039
238.026	0.651489
238.075	0.654549
238.124	0.653499
238.174	0.647577
238.223	0.652635
238.272	0.654325
238.321	0.659126
238.37	0.650287
238.419	0.659989
238.469	0.653673
238.518	0.664831
238.567	0.656748
238.616	0.668464
238.665	0.665179
238.715	0.648382
238.763	0.678052
238.812	0.66033
238.861	0.661163
238.911	0.656629
238.96	0.666546
239.009	0.667684
239.058	0.659439
239.107	0.664825
239.156	0.664829
239.205	0.662348
239.253	0.671279
239.304	0.640904
239.352	0.669852
239.401	0.661295
239.45	0.663799
239.5	0.648181
239.549	0.66281
239.598	0.65949
239.647	0.654535
239.697	0.648862
239.745	0.668928
239.795	0.653722
239.843	0.662204
239.893	0.654788
239.942	0.660334
239.991	0.660895
240.039	0.661392
240.089	0.650674
240.138	0.666015
240.187	0.661661
240.236	0.655358
240.285	0.657641
240.335	0.659916
240.383	0.670319
240.433	0.660389
240.482	0.657201
240.531	0.667766
240.58	0.666634
240.629	0.670726
240.678	0.666898
240.727	0.668559
240.777	0.66513
240.826	0.670859
240.875	0.676907
240.924	0.673312
240.973	0.676054
241.022	0.67916
241.071	0.675847
241.121	0.669855
241.17	0.667879
241.219	0.67477
241.268	0.669968
241.318	0.660075
241.367	0.672941
241.417	0.66783
241.466	0.666012
241.515	0.67957
241.564	0.674363
241.613	0.678739
241.663	0.671256
241.712	0.675599
241.761	0.665381
241.81	0.67464
241.86	0.672488
241.909	0.672019
241.959	0.667444
242.008	0.675089
242.057	0.670963
242.106	0.673335
242.156	0.678098
242.205	0.675883
242.254	0.680417
242.303	0.677028
242.352	0.679621
242.402	0.670249
242.451	0.677448
242.5	0.672439
242.549	0.674276
242.599	0.662634
242.648	0.669988
242.697	0.670368
242.745	0.677039
242.796	0.650746
242.845	0.672338
242.894	0.666838
242.942	0.684002
242.992	0.657421
243.041	0.667147
243.091	0.661109
243.139	0.676357
243.189	0.6641
243.238	0.670524
243.286	0.680799
243.336	0.659394
243.385	0.673181
243.435	0.660623
243.483	0.68875
243.533	0.667987
243.582	0.672555
243.631	0.671869
243.68	0.671789
243.729	0.674235
243.779	0.667593
243.827	0.680743
243.877	0.662366
243.926	0.674936
243.975	0.660661
244.024	0.673411
244.073	0.674436
244.123	0.671455
244.172	0.671957
244.221	0.67917
244.27	0.678543
244.318	0.683139
244.367	0.678977
244.417	0.670119
244.466	0.673358
244.515	0.670129
244.564	0.662173
244.614	0.659547
244.663	0.666246
244.711	0.669094
244.761	0.660378
244.81	0.668674
244.859	0.657741
244.908	0.673697
244.958	0.65285
245.007	0.672644
245.056	0.657911
245.104	0.678955
245.154	0.65522
245.204	0.661335
245.253	0.667074
245.302	0.664156
245.351	0.659983
245.4	0.671234
245.45	0.657911
245.499	0.662795
245.548	0.67222
245.597	0.667322
245.647	0.667786
245.696	0.665372
245.745	0.664672
245.794	0.669756
245.843	0.666137
245.893	0.651496
245.942	0.667771
245.991	0.65749
246.04	0.661499
246.089	0.670096
246.138	0.665826
246.188	0.658719
246.237	0.674202
246.286	0.667089
246.335	0.673707
246.385	0.667105
246.434	0.663344
246.484	0.660896
246.533	0.675002
246.582	0.665412
246.632	0.662552
246.681	0.6827
246.729	0.680654
246.779	0.668626
246.828	0.675461
246.878	0.666155
246.927	0.673327
246.976	0.674241
247.025	0.677523
247.075	0.667363
247.124	0.67307
247.174	0.663262
247.223	0.683513
247.273	0.663298
247.322	0.679299
247.371	0.670137
247.421	0.668627
247.469	0.682064
247.518	0.674818
247.568	0.66916
247.617	0.670404
247.667	0.666274
247.716	0.679739
247.765	0.668576
247.814	0.67108
247.864	0.671099
247.913	0.674525
247.962	0.680083
248.012	0.662271
248.061	0.669736
248.11	0.675494
248.16	0.674926
248.209	0.677695
248.258	0.680931
248.307	0.678722
248.357	0.667172
248.406	0.670441
248.455	0.678421
248.504	0.676505
248.553	0.671364
248.602	0.675182
248.651	0.680861
248.701	0.673038
248.751	0.679755
248.799	0.694642
248.848	0.687449
248.897	0.688016
248.946	0.686223
248.996	0.68918
249.045	0.684257
249.094	0.690251
249.143	0.691826
249.192	0.683423
249.242	0.682579
249.291	0.686537
249.34	0.698647
249.388	0.705082
249.438	0.697747
249.487	0.687016
249.537	0.695473
249.586	0.694811
249.635	0.697052
249.684	0.705054
249.733	0.695162
249.782	0.696865
249.831	0.689482
249.881	0.687878
249.929	0.701703
249.979	0.684518
250.028	0.699687
250.077	0.698045
250.126	0.697979
250.176	0.690096
250.225	0.694725
250.274	0.691075
250.324	0.682452
250.372	0.699558
250.421	0.686092
250.471	0.684156
250.52	0.687401
250.569	0.693674
250.618	0.676693
250.667	0.700519
250.716	0.684483
250.766	0.684867
250.815	0.693406
250.864	0.689335
250.913	0.686188
250.963	0.678294
251.012	0.681585
251.061	0.691172
251.111	0.6768
251.16	0.690844
251.209	0.690386
251.258	0.68848
251.308	0.681087
251.357	0.685492
251.406	0.695256
251.455	0.694203
251.504	0.703408
251.553	0.691624
251.603	0.691162
251.652	0.689943
251.702	0.688796
251.751	0.690442
251.8	0.690928
251.85	0.692212
251.899	0.693447
251.949	0.689009
251.998	0.699621
252.047	0.703232
252.096	0.699603
252.146	0.694224
252.195	0.699123
252.245	0.697777
252.293	0.702021
252.343	0.690884
252.392	0.695392
252.442	0.682992
252.491	0.695949
252.54	0.690531
252.589	0.690041
252.638	0.698223
252.688	0.691161
252.737	0.687251
252.787	0.686015
252.836	0.703178
252.885	0.695203
252.935	0.689245
252.984	0.693983
253.033	0.700643
253.082	0.68574
253.132	0.688727
253.181	0.703527
253.23	0.698311
253.279	0.702816
253.329	0.699509
253.378	0.711939
253.427	0.701945
253.477	0.698184
253.526	0.696656
253.575	0.697851
253.624	0.699481
253.673	0.69546
253.723	0.695145
253.772	0.689778
253.821	0.699042
253.87	0.69347
253.92	0.696623
253.969	0.698575
254.018	0.701486
254.067	0.696548
254.117	0.696771
254.166	0.699769
254.215	0.699257
254.265	0.686212
254.313	0.704329
254.363	0.696009
254.412	0.696313
254.461	0.695479
254.51	0.70282
254.56	0.695668
254.609	0.698152
254.658	0.696066
254.708	0.697642
254.757	0.692953
254.807	0.679597
254.855	0.710284
254.905	0.680436
254.954	0.694461
255.003	0.68627
255.052	0.69103
255.102	0.685105
255.151	0.692057
255.2	0.691815
255.249	0.686444
255.299	0.685395
255.349	0.677704
255.398	0.683106
255.448	0.678768
255.496	0.70009
255.545	0.675151
255.595	0.683604
255.644	0.679075
255.693	0.690159
255.742	0.688216
255.792	0.680175
255.841	0.68915
255.891	0.682936
255.94	0.696074
255.989	0.689851
256.038	0.691138
256.089	0.679166
256.137	0.694091
256.187	0.681331
256.236	0.689892
256.285	0.683888
256.335	0.68709
256.384	0.694364
256.433	0.680001
256.483	0.688256
256.532	0.68944
256.581	0.697216
256.63	0.698849
256.68	0.675978
256.729	0.694324
256.779	0.685514
256.829	0.679127
256.878	0.688924
256.927	0.684252
256.976	0.687268
257.025	0.687019
257.075	0.673454
257.124	0.695922
257.174	0.67956
257.223	0.681454
257.273	0.689922
257.322	0.68522
257.372	0.687144
257.421	0.69275
257.47	0.684048
257.52	0.679389
257.569	0.691469
257.618	0.688931
257.668	0.681666
257.717	0.698051
257.766	0.688472
257.816	0.687952
257.866	0.691499
257.915	0.693954
257.964	0.700237
258.013	0.700263
258.062	0.703562
258.111	0.695396
258.161	0.694565
258.21	0.692974
258.26	0.691453
258.309	0.696534
258.359	0.6858
258.408	0.709649
258.457	0.705263
258.506	0.70624
258.556	0.703575
258.604	0.714704
258.654	0.702007
258.703	0.717896
258.752	0.709365
258.802	0.700228
258.851	0.713188
258.9	0.706176
258.949	0.71424
258.999	0.706258
259.048	0.711131
259.097	0.718407
259.146	0.715905
259.195	0.718105
259.244	0.717128
259.294	0.719587
259.343	0.716063
259.393	0.707762
259.442	0.714821
259.491	0.709376
259.54	0.709948
259.59	0.696309
259.638	0.709575
259.688	0.707574
259.737	0.713424
259.786	0.707724
259.835	0.71894
259.885	0.707949
259.934	0.703896
259.983	0.717784
260.033	0.706511
260.081	0.715423
260.131	0.706167
260.18	0.706555
260.229	0.705098
260.279	0.702638
260.328	0.710612
260.377	0.710708
260.427	0.708109
260.476	0.705318
260.525	0.718261
260.575	0.707451
260.624	0.707441
260.674	0.705488
260.723	0.717364
260.772	0.709513
260.821	0.705799
260.87	0.712583
260.92	0.702414
260.97	0.704334
261.019	0.710435
261.069	0.7117
261.118	0.715857
261.168	0.705845
261.217	0.711986
261.266	0.718135
261.315	0.702888
261.365	0.702326
261.414	0.706137
261.463	0.703166
261.512	0.700605
261.562	0.698275
261.611	0.706855
261.661	0.692341
261.71	0.698971
261.759	0.70468
261.809	0.69562
261.859	0.69559
261.908	0.702728
261.957	0.703246
262.007	0.689329
262.056	0.693801
262.106	0.692937
262.155	0.698692
262.204	0.700374
262.253	0.698774
262.303	0.693588
262.352	0.707786
262.402	0.704323
262.451	0.702147
262.501	0.701048
262.55	0.714448
262.599	0.700463
262.649	0.695008
262.699	0.705874
262.749	0.695811
262.797	0.719831
262.846	0.705562
262.897	0.698471
262.945	0.720269
262.995	0.705395
263.044	0.719876
263.094	0.706439
263.144	0.714988
263.192	0.723097
263.242	0.716486
263.291	0.708124
263.341	0.7127
263.39	0.710603
263.439	0.718394
263.488	0.719812
263.537	0.721003
263.587	0.720653
263.636	0.718422
263.686	0.713052
263.735	0.727105
263.785	0.711878
263.834	0.737171
263.884	0.717217
263.932	0.737006
263.982	0.713073
264.032	0.719138
264.081	0.729641
264.13	0.719611
264.18	0.717357
264.229	0.736676
264.279	0.715646
264.328	0.737489
264.377	0.729126
264.426	0.735036
264.475	0.72537
264.525	0.728513
264.574	0.723881
264.623	0.730572
264.673	0.721552
264.721	0.735405
264.771	0.713864
264.82	0.732116
264.869	0.734095
264.919	0.719773
264.969	0.72923
265.018	0.736766
265.067	0.731915
265.116	0.73423
265.165	0.719959
265.215	0.719966
265.265	0.717684
265.313	0.742623
265.363	0.716073
265.412	0.731027
265.462	0.718992
265.511	0.732044
265.56	0.73721
265.61	0.726636
265.658	0.73791
265.707	0.735354
265.757	0.720832
265.807	0.717582
265.857	0.71762
265.906	0.728839
265.955	0.727556
266.004	0.716147
266.054	0.71893
266.103	0.725477
266.152	0.725979
266.201	0.732838
266.25	0.727566
266.3	0.719141
266.35	0.717447
266.399	0.726789
266.448	0.724989
266.498	0.722063
266.547	0.719244
266.596	0.722011
266.646	0.718799
266.695	0.717739
266.744	0.732453
266.794	0.710931
266.843	0.721507
266.893	0.724607
266.942	0.729244
266.99	0.734113
267.04	0.723635
267.089	0.725153
267.139	0.72842
267.189	0.715809
267.237	0.729577
267.287	0.71985
267.336	0.723199
267.386	0.7281
267.435	0.730694
267.484	0.727758
267.533	0.726779
267.583	0.718754
267.632	0.740408
267.681	0.733562
267.731	0.714174
267.779	0.741476
267.829	0.723029
267.877	0.735244
267.927	0.718448
267.976	0.720085
268.025	0.726675
268.074	0.73712
268.123	0.725148
268.173	0.720266
268.222	0.731355
268.27	0.74703
268.32	0.717292
268.369	0.729992
268.418	0.737922
268.467	0.731962
268.516	0.731321
268.565	0.729831
268.614	0.734943
268.664	0.724582
268.712	0.741415
268.761	0.733336
268.81	0.73824
268.859	0.73311
268.909	0.72909
268.957	0.749956
269.006	0.734955
269.056	0.726057
269.104	0.742298
269.153	0.737617
269.202	0.740281
269.251	0.727762
269.301	0.727385
269.35	0.732534
269.398	0.739114
269.448	0.723699
269.498	0.728232
269.547	0.737304
269.596	0.744068
269.645	0.735966
269.693	0.743628
269.743	0.725269
269.792	0.739744
269.841	0.727438
269.89	0.73372
269.939	0.741468
269.988	0.727376
270.036	0.746194
270.086	0.730405
270.134	0.745814
270.185	0.719625
270.234	0.742736
270.283	0.734094
270.332	0.736824
270.381	0.739292
270.43	0.727127
270.48	0.729832
270.529	0.727122
270.579	0.717328
270.627	0.744153
270.677	0.72029
270.725	0.735633
270.775	0.728053
270.824	0.735446
270.874	0.722874
270.923	0.732718
270.971	0.739317
271.021	0.726231
271.07	0.728552
271.12	0.725325
271.169	0.725861
271.219	0.7209
271.267	0.739411
271.317	0.715926
271.366	0.742563
271.415	0.726838
271.465	0.724641
271.514	0.729494
271.563	0.738652
271.612	0.728024
271.662	0.724398
271.711	0.728917
271.76	0.729848
271.809	0.730371
271.859	0.712771
271.908	0.740786
271.957	0.729359
272.006	0.726528
272.056	0.726239
272.105	0.726808
272.154	0.730173
272.204	0.727638
272.253	0.730336
272.303	0.723574
272.352	0.732679
272.401	0.732964
272.45	0.729709
272.5	0.727042
272.548	0.740128
272.598	0.722387
272.648	0.732105
272.696	0.739505
272.746	0.725365
272.795	0.743111
272.844	0.72979
272.894	0.7306
272.943	0.741526
272.992	0.738196
273.041	0.736529
273.09	0.736097
273.139	0.738547
273.188	0.743636
273.238	0.726293
273.287	0.730001
273.336	0.743089
273.385	0.736878
273.434	0.731683
273.484	0.734242
273.533	0.744143
273.581	0.748882
273.631	0.737581
273.681	0.729514
273.729	0.748958
273.779	0.73653
273.828	0.73164
273.877	0.741897
273.926	0.73525
273.975	0.755558
274.024	0.730915
274.073	0.748909
274.123	0.743757
274.172	0.753179
274.221	0.737245
274.27	0.758684
274.319	0.737746
274.369	0.743268
274.417	0.750301
274.466	0.745344
274.515	0.743922
274.565	0.726778
274.614	0.746393
274.663	0.745844
274.712	0.747209
274.762	0.739595
274.81	0.750619
274.86	0.7387
274.909	0.739359
274.959	0.737912
275.007	0.755676
275.056	0.739816
275.105	0.746894
275.154	0.735119
275.204	0.741272
275.253	0.739492
275.302	0.741796
275.351	0.750039
275.4	0.748108
275.45	0.739213
275.499	0.752688
275.548	0.750776
275.597	0.751917
275.646	0.73656
275.695	0.751639
275.744	0.74868
275.794	0.739467
275.844	0.733453
275.893	0.751106
275.943	0.737583
275.991	0.761256
276.041	0.746626
276.09	0.749354
276.139	0.750801
276.188	0.754458
276.238	0.73968
276.287	0.746366
276.337	0.742567
276.385	0.756899
276.435	0.742071
276.484	0.744923
276.533	0.750991
276.582	0.745459
276.632	0.738424
276.681	0.76406
276.73	0.746544
276.78	0.74626
276.829	0.749634
276.878	0.745833
276.927	0.753724
276.976	0.750899
277.026	0.735222
277.076	0.739121
277.125	0.750621
277.175	0.743386
277.224	0.748605
277.273	0.746589
277.323	0.752004
277.372	0.760257
277.421	0.75176
277.47	0.761884
277.519	0.750582
277.569	0.749091
277.618	0.755075
277.667	0.75415
277.716	0.745665
277.766	0.743345
277.815	0.751135
277.864	0.754007
277.913	0.747726
277.962	0.755111
278.011	0.76275
278.06	0.74992
278.11	0.743159
278.159	0.757401
278.208	0.752922
278.258	0.745033
278.307	0.753901
278.357	0.740678
278.405	0.756841
278.454	0.751888
278.504	0.750232
278.553	0.757891
278.603	0.748607
278.651	0.762818
278.701	0.755335
278.75	0.751653
278.799	0.763799
278.849	0.744491
278.898	0.752308
278.947	0.75381
278.996	0.757232
279.046	0.734558
279.095	0.766725
279.144	0.752567
279.193	0.755477
279.243	0.754798
279.292	0.764005
279.341	0.75687
279.39	0.759498
279.44	0.752474
279.489	0.747208
279.538	0.755641
279.587	0.756278
279.636	0.75397
279.686	0.739503
279.736	0.748824
279.785	0.75879
279.835	0.748847
279.884	0.760633
279.932	0.76559
279.982	0.74282
280.031	0.76271
280.081	0.73663
280.13	0.754756
280.179	0.750901
280.229	0.743135
280.279	0.745705
280.328	0.751031
280.377	0.757923
280.426	0.750728
280.476	0.74672
280.525	0.764869
280.575	0.755676
280.625	0.750209
280.674	0.750718
280.724	0.74967
280.773	0.756485
280.822	0.755147
280.872	0.739219
280.922	0.752471
280.97	0.766507
281.02	0.743478
281.07	0.753521
281.119	0.758196
281.169	0.747787
281.218	0.766074
281.267	0.762358
281.317	0.759908
281.366	0.763293
281.415	0.760952
281.465	0.758429
281.515	0.742535
281.564	0.767139
281.613	0.771258
281.663	0.74819
281.712	0.765265
281.761	0.76731
281.81	0.769116
281.86	0.755709
281.908	0.782257
281.958	0.771736
282.007	0.763175
282.056	0.786015
282.105	0.762173
282.155	0.766183
282.204	0.772725
282.253	0.776104
282.302	0.774097
282.351	0.769223
282.401	0.753789
282.45	0.77481
282.499	0.777991
282.548	0.769855
282.597	0.779157
282.645	0.793258
282.696	0.756961
282.745	0.780993
282.794	0.773134
282.843	0.77888
282.892	0.772928
282.941	0.76748
282.99	0.785853
283.039	0.766122
283.089	0.772405
283.138	0.773796
283.187	0.779237
283.236	0.779936
283.285	0.776728
283.334	0.781233
283.384	0.771598
283.433	0.774322
283.482	0.764367
283.531	0.779547
283.58	0.775554
283.63	0.763475
283.679	0.77711
283.728	0.772001
283.778	0.771794
283.826	0.784368
283.875	0.781086
283.925	0.768814
283.973	0.78449
284.023	0.773511
284.072	0.777008
284.121	0.76647
284.17	0.778125
284.22	0.769686
284.269	0.775097
284.318	0.776278
284.368	0.766399
284.416	0.789773
284.465	0.783699
284.515	0.770744
284.564	0.777698
284.613	0.783205
284.662	0.781626
284.712	0.769815
284.761	0.776409
284.811	0.764675
284.859	0.789158
284.908	0.779774
284.958	0.772255
285.006	0.794948