120.03	0.2625
120.076	0.264444
120.121	0.267938
120.167	0.271167
120.212	0.274142
120.258	0.270691
120.303	0.272364
120.349	0.27143
120.394	0.271431
120.44	0.266903
120.485	0.26567
120.53	0.267212
120.576	0.262893
120.622	0.266069
120.667	0.26963
120.713	0.271597
120.758	0.276736
120.805	0.272853
120.85	0.282208
120.896	0.277807
120.942	0.279293
120.987	0.281387
121.033	0.278241
121.078	0.277948
121.124	0.270918
121.169	0.276403
121.215	0.267677
121.261	0.271628
121.306	0.271626
121.351	0.27634
121.398	0.270933
121.443	0.28854
121.489	0.279948
121.534	0.282409
121.58	0.279716
121.626	0.276022
121.672	0.273535
121.717	0.27778
121.763	0.269599
121.808	0.269543
121.854	0.267409
121.9	0.274519
121.945	0.274188
121.991	0.278126
122.037	0.27701
122.082	0.28426
122.129	0.278438
122.174	0.282714
122.22	0.281018
122.265	0.27818
122.311	0.277823
122.357	0.277171
122.402	0.276804
122.449	0.276717
122.494	0.283121
122.54	0.279826
122.586	0.287765
122.632	0.28305
122.677	0.28964
122.723	0.284085
122.769	0.283604
122.815	0.279499
122.86	0.276991
122.907	0.267671
122.952	0.276442
122.997	0.278596
123.044	0.274358
123.089	0.280394
123.136	0.276591
123.182	0.278637
123.227	0.284345
123.274	0.277972
123.319	0.287564
123.366	0.280309
123.412	0.2804
123.457	0.28316
123.503	0.27802
123.549	0.275955
123.596	0.275245
123.641	0.28141
123.688	0.276061
123.733	0.283783
123.779	0.284534
123.825	0.281202
123.872	0.280292
123.918	0.283653
123.963	0.283777
124.009	0.28215
124.056	0.281488
124.102	0.28278
124.148	0.285233
124.193	0.288226
124.24	0.285729
124.286	0.287922
124.332	0.284651
124.378	0.288946
124.424	0.290627
124.47	0.292394
124.516	0.291776
124.562	0.286755
124.608	0.28863
124.654	0.283638
124.701	0.288123
124.746	0.294413
124.792	0.298444
124.839	0.290303
124.885	0.292405
124.931	0.293985
124.977	0.287522
125.023	0.292978
125.069	0.2933
125.115	0.295813
125.161	0.292828
125.208	0.290037
125.254	0.292348
125.3	0.293631
125.346	0.298853
125.392	0.304676
125.438	0.301469
125.485	0.301513
125.53	0.306135
125.577	0.296144
125.623	0.30028
125.669	0.299221
125.716	0.294075
125.762	0.299659
125.808	0.293233
125.854	0.297922
125.9	0.29594
125.947	0.301216
125.992	0.309412
126.039	0.306125
126.085	0.303404
126.132	0.306447
126.178	0.302582
126.224	0.300512
126.271	0.295326
126.317	0.296748
126.364	0.296194
126.41	0.299738
126.456	0.29501
126.502	0.300537
126.548	0.301809
126.595	0.29775
126.642	0.307375
126.688	0.310979
126.734	0.312821
126.781	0.311263
126.827	0.306773
126.874	0.304627
126.921	0.298413
126.967	0.300579
127.013	0.301795
127.06	0.297939
127.106	0.305658
127.152	0.31039
127.198	0.314822
127.245	0.314508
127.292	0.313939
127.339	0.312608
127.385	0.314646
127.431	0.313649
127.478	0.314051
127.525	0.307195
127.571	0.308669
127.617	0.309673
127.664	0.304409
127.71	0.30883
127.757	0.311648
127.803	0.315174
127.85	0.315763
127.897	0.313057
127.944	0.313143
127.99	0.318691
128.036	0.316108
128.083	0.314459
128.13	0.310601
128.176	0.312941
128.223	0.30412
128.269	0.31196
128.316	0.307733
128.362	0.311084
128.409	0.315048
128.455	0.311279
128.503	0.309345
128.549	0.321627
128.596	0.31364
128.642	0.317321
128.689	0.314399
128.736	0.310171
128.782	0.311661
128.829	0.301875
128.876	0.30608
128.922	0.307788
128.969	0.304301
129.015	0.308949
129.062	0.305941
129.108	0.309771
129.155	0.302648
129.202	0.307578
129.248	0.308387
129.296	0.305108
129.342	0.30888
129.388	0.313559
129.436	0.30088
129.482	0.304206
129.529	0.302391
129.575	0.30588
129.623	0.300261
129.669	0.307088
129.716	0.304844
129.763	0.309145
129.809	0.306631
129.856	0.307677
129.903	0.303132
129.949	0.309971
129.996	0.301907
130.043	0.304911
130.09	0.311251
130.137	0.302484
130.184	0.307365
130.23	0.309281
130.277	0.305045
130.324	0.307162
130.371	0.301892
130.417	0.308423
130.464	0.301746
130.51	0.309248
130.557	0.302456
130.604	0.302838
130.651	0.309141
130.698	0.31392
130.745	0.308584
130.792	0.309623
130.838	0.309227
130.886	0.306774
130.932	0.312462
130.979	0.315675
131.026	0.311099
131.072	0.316361
131.12	0.307876
131.166	0.311284
131.214	0.311881
131.26	0.319508
131.307	0.324216
131.354	0.320399
131.401	0.322815
131.448	0.31932
131.495	0.314713
131.541	0.326829
131.588	0.319384
131.636	0.31697
131.682	0.319272
131.729	0.31409
131.776	0.312791
131.823	0.320593
131.87	0.318791
131.917	0.3223
131.963	0.32804
132.01	0.328024
132.057	0.327056
132.104	0.331163
132.151	0.320671
132.199	0.320677
132.245	0.331036
132.293	0.321691
132.34	0.321747
132.386	0.321516
132.433	0.318557
132.48	0.325099
132.527	0.323469
132.574	0.331099
132.621	0.324885
132.668	0.327288
132.715	0.326211
132.761	0.32981
132.809	0.317536
132.857	0.32066
132.903	0.322315
132.95	0.322035
132.997	0.31473
133.044	0.320575
133.091	0.327786
133.138	0.332206
133.185	0.331984
133.232	0.331519
133.279	0.334192
133.326	0.329525
133.373	0.328696
133.42	0.32893
133.467	0.328773
133.514	0.326339
133.561	0.325376
133.609	0.322415
133.655	0.326005
133.703	0.32514
133.749	0.329163
133.797	0.327104
133.844	0.33492
133.891	0.340431
133.937	0.339994
133.984	0.338934
134.032	0.331551
134.078	0.335183
134.125	0.333636
134.173	0.324273
134.219	0.33581
134.267	0.329218
134.314	0.340399
134.361	0.333673
134.408	0.335689
134.455	0.339883
134.502	0.338254
134.55	0.337343
134.596	0.344907
134.644	0.33759
134.691	0.339878
134.738	0.338512
134.784	0.340536
134.832	0.337512
134.879	0.338603
134.926	0.341143
134.973	0.346446
135.02	0.340013
135.067	0.347462
135.114	0.341334
135.162	0.337033
135.209	0.346241
135.256	0.34823
135.303	0.349751
135.35	0.348887
135.398	0.348858
135.445	0.351588
135.492	0.349833
135.539	0.35439
135.586	0.353944
135.634	0.34917
135.682	0.349264
135.729	0.353684
135.777	0.346471
135.823	0.353667
135.871	0.351734
135.918	0.349478
135.965	0.352461
136.013	0.353775
136.06	0.351788
136.107	0.352095
136.155	0.355205
136.202	0.35527
136.25	0.348748
136.297	0.35503
136.344	0.35505
136.392	0.35085
136.439	0.350484
136.486	0.356875
136.533	0.358241
136.581	0.353725
136.628	0.359195
136.676	0.351274
136.723	0.355532
136.769	0.360563
136.817	0.351786
136.864	0.352383
136.912	0.349832
136.959	0.355009
137.007	0.346704
137.055	0.356281
137.102	0.358614
137.149	0.354503
137.197	0.360004
137.244	0.360356
137.291	0.360049
137.339	0.356296
137.386	0.362475
137.434	0.355758
137.481	0.361474
137.528	0.3569
137.576	0.349065
137.623	0.362484
137.67	0.360641
137.717	0.363369
137.765	0.361154
137.813	0.369963
137.86	0.369974
137.908	0.368498
137.955	0.368568
138.003	0.358486
138.05	0.367733
138.097	0.36416
138.144	0.360834
138.192	0.362261
138.239	0.367069
138.287	0.364972
138.335	0.370354
138.382	0.371898
138.429	0.377488
138.477	0.371561
138.524	0.378818
138.572	0.364241
138.62	0.36487
138.666	0.368154
138.714	0.358399
138.762	0.36489
138.809	0.364655
138.857	0.366465
138.905	0.366733
138.953	0.368439
139	0.371744
139.047	0.373116
139.095	0.37292
139.141	0.378665
139.19	0.367871
139.237	0.370566
139.284	0.367678
139.332	0.366185
139.379	0.374458
139.427	0.368453
139.475	0.371782
139.522	0.377673
139.57	0.371913
139.617	0.376342
139.665	0.36867
139.713	0.372332
139.76	0.375241
139.808	0.376982
139.855	0.377368
139.903	0.372526
139.95	0.373566
139.997	0.380235
140.045	0.370913
140.092	0.373615
140.14	0.36981
140.187	0.377216
140.235	0.374044
140.283	0.377326
140.33	0.37331
140.378	0.374062
140.425	0.381327
140.473	0.373354
140.52	0.382376
140.568	0.378717
140.615	0.385671
140.663	0.378807
140.71	0.374143
140.757	0.381555
140.806	0.373444
140.853	0.377205
140.901	0.377698
140.948	0.375526
140.996	0.376983
141.043	0.376966
141.091	0.379367
141.138	0.384381
141.186	0.381831
141.233	0.3814
141.281	0.382193
141.329	0.383212
141.376	0.383727
141.424	0.385017
141.472	0.381302
141.519	0.390875
141.567	0.380801
141.614	0.388492
141.662	0.385488
141.71	0.383459
141.757	0.390634
141.805	0.383364
141.853	0.390227
141.9	0.386482
141.948	0.385387
141.996	0.385635
142.043	0.387497
142.091	0.380285
142.139	0.382011
142.186	0.381984
142.234	0.37944
142.282	0.386491
142.329	0.384712
142.377	0.392995
142.424	0.391089
142.472	0.388599
142.52	0.386817
142.568	0.385402
142.615	0.389931
142.662	0.389393
142.71	0.382783
142.758	0.380279
142.806	0.384606
142.853	0.390007
142.901	0.377787
142.948	0.394236
142.996	0.388339
143.044	0.39063
143.092	0.396269
143.139	0.396393
143.187	0.392173
143.234	0.393357
143.282	0.383727
143.33	0.389008
143.378	0.386117
143.424	0.398185
143.472	0.388652
143.52	0.38927
143.568	0.391322
143.616	0.386286
143.664	0.387068
143.711	0.399311
143.759	0.39242
143.807	0.386489
143.855	0.390743
143.902	0.388156
143.95	0.386639
143.998	0.387358
144.045	0.390166
144.093	0.388787
144.141	0.392606
144.188	0.395057
144.236	0.386207
144.284	0.393379
144.332	0.387086
144.379	0.395098
144.427	0.386298
144.475	0.387022
144.523	0.389116
144.571	0.383824
144.618	0.389631
144.666	0.390211
144.714	0.383957
144.762	0.394009
144.809	0.39506
144.858	0.388276
144.905	0.395153
144.953	0.398723
145	0.394995
145.048	0.395897
145.096	0.388592
145.144	0.389254
145.192	0.390676
145.24	0.393907
145.287	0.391979
145.336	0.388806
145.384	0.392485
145.431	0.401506
145.478	0.393219
145.527	0.386692
145.574	0.400922
145.621	0.400442
145.67	0.38602
145.717	0.391428
145.765	0.391729
145.812	0.392742
145.861	0.384341
145.909	0.391558
145.957	0.390564
146.004	0.398815
146.052	0.394502
146.1	0.391844
146.147	0.398028
146.195	0.391211
146.243	0.389411
146.291	0.388764
146.339	0.385632
146.387	0.391666
146.434	0.397172
146.482	0.393706
146.53	0.39095
146.577	0.397853
146.625	0.387973
146.673	0.393756
146.721	0.387834
146.769	0.395447
146.816	0.396988
146.865	0.38574
146.913	0.394324
146.96	0.385205
147.008	0.390087
147.056	0.385076
147.104	0.389981
147.152	0.390906
147.2	0.388999
147.247	0.392724
147.295	0.389167
147.343	0.392251
147.39	0.391961
147.439	0.390688
147.487	0.394111
147.534	0.390401
147.583	0.384204
147.63	0.38991
147.677	0.39124
147.725	0.387138
147.774	0.385908
147.821	0.396021
147.87	0.383746
147.918	0.39288
147.966	0.393658
148.014	0.394913
148.062	0.398839
148.109	0.408934
148.158	0.392376
148.205	0.405902
148.253	0.39512
148.301	0.39347
148.349	0.396619
148.396	0.402544
148.444	0.399366
148.492	0.402219
148.54	0.402395
148.588	0.404909
148.636	0.403295
148.683	0.411333
148.731	0.403663
148.779	0.40836
148.827	0.411178
148.875	0.409982
148.923	0.404135
148.97	0.409823
149.018	0.409011
149.066	0.409916
149.114	0.404823
149.162	0.407232
149.209	0.413342
149.257	0.408194
149.304	0.415081
149.352	0.409491
149.401	0.398779
149.448	0.416876
149.496	0.403003
149.544	0.412336
149.592	0.407082
149.64	0.41001
149.687	0.413331
149.735	0.411107
149.783	0.408152
149.831	0.414464
149.879	0.409699
149.927	0.411165
149.974	0.412415
150.021	0.42153
150.07	0.401278
150.118	0.411357
150.166	0.409299
150.213	0.413791
150.26	0.412624
150.308	0.408343
150.357	0.409061
150.404	0.418015
150.452	0.40396
150.5	0.41121
150.548	0.41448
150.595	0.412387
150.643	0.408488
150.691	0.40808
150.739	0.405667
150.787	0.402394
150.835	0.409422
150.882	0.411841
150.931	0.403617
150.979	0.40505
151.027	0.414572
151.075	0.407916
151.123	0.409243
151.17	0.412562
151.218	0.410657
151.266	0.413026
151.314	0.412769
151.361	0.416423
151.409	0.413889
151.458	0.411564
151.505	0.415069
151.554	0.410679
151.601	0.417028
151.649	0.416912
151.697	0.414669
151.745	0.413839
151.793	0.416192
151.841	0.418568
151.889	0.416198
151.937	0.415821
151.985	0.413604
152.033	0.413765
152.081	0.409706
152.129	0.415108
152.177	0.413473
152.225	0.409424
152.273	0.419108
152.321	0.419022
152.369	0.418851
152.417	0.417754
152.465	0.4161
152.513	0.417047
152.561	0.41612
152.609	0.407529
152.657	0.409368
152.704	0.413871
152.753	0.40673
152.801	0.411604
152.849	0.413439
152.897	0.418608
152.945	0.41232
152.992	0.417142
153.041	0.409813
153.089	0.411079
153.137	0.410959
153.185	0.412377
153.233	0.4107
153.281	0.406989
153.329	0.41069
153.377	0.407177
153.424	0.41823
153.473	0.416589
153.521	0.419776
153.57	0.417445
153.617	0.426406
153.665	0.421919
153.713	0.423996
153.761	0.419632
153.809	0.425124
153.858	0.414967
153.906	0.416229
153.954	0.415589
154.001	0.415057
154.05	0.415141
154.098	0.414346
154.146	0.418732
154.194	0.420388
154.242	0.417416
154.29	0.42636
154.338	0.422932
154.386	0.425365
154.434	0.421108
154.482	0.415291
154.531	0.414252
154.578	0.4174
154.626	0.418901
154.675	0.41497
154.723	0.418353
154.77	0.42387
154.819	0.420692
154.867	0.422169
154.915	0.422846
154.962	0.427243
155.01	0.427745
155.059	0.412596
155.107	0.418237
155.155	0.421845
155.203	0.41817
155.25	0.428928
155.299	0.418957
155.347	0.425122
155.395	0.426787
155.443	0.431695
155.491	0.423731
155.539	0.430559
155.587	0.43271
155.635	0.425969
155.683	0.430832
155.731	0.426286
155.779	0.421046
155.827	0.422024
155.875	0.424527
155.924	0.420045
155.972	0.420168
156.02	0.425445
156.068	0.423958
156.116	0.428969
156.164	0.429547
156.212	0.42955
156.26	0.4356
156.308	0.427242
156.356	0.430059
156.405	0.41861
156.452	0.423624
156.501	0.415657
156.548	0.424331
156.597	0.416619
156.645	0.419535
156.693	0.423462
156.741	0.423572
156.79	0.425576
156.838	0.428899
156.886	0.432708
156.934	0.42902
156.982	0.425499
157.03	0.42496
157.079	0.417666
157.127	0.417324
157.175	0.428356
157.223	0.428379
157.271	0.42859
157.32	0.42444
157.368	0.420727
157.416	0.436213
157.464	0.428001
157.513	0.424593
157.561	0.428477
157.609	0.429366
157.657	0.415815
157.705	0.418726
157.754	0.416292
157.802	0.420688
157.85	0.422252
157.898	0.421253
157.946	0.422129
157.995	0.417335
158.043	0.422277
158.091	0.432451
158.14	0.417748
158.187	0.428752
158.235	0.422689
158.284	0.419106
158.332	0.414862
158.38	0.418289
158.429	0.411713
158.477	0.422673
158.525	0.418632
158.573	0.421787
158.622	0.422159
158.67	0.427803
158.718	0.430075
158.767	0.424074
158.814	0.434444
158.863	0.42616
158.911	0.423782
158.959	0.424952
159.008	0.426225
159.055	0.431687
159.104	0.422296
159.152	0.423475
159.2	0.429411
159.248	0.425165
159.296	0.421299
159.344	0.423104
159.393	0.42175
159.441	0.415072
159.49	0.416298
159.537	0.423288
159.585	0.4174
159.634	0.416735
159.682	0.42325
159.73	0.422259
159.778	0.42221
159.827	0.418716
159.875	0.424763
159.923	0.424457
159.972	0.42319
160.02	0.423869
160.068	0.420193
160.115	0.427135
160.165	0.412862
160.213	0.423393
160.262	0.420125
160.31	0.42897
160.357	0.427956
160.406	0.421772
160.454	0.425552
160.502	0.424655
160.551	0.423992
160.599	0.419985
160.647	0.434108
160.695	0.4243
160.744	0.421811
160.792	0.419848
160.84	0.422047
160.888	0.426493
160.936	0.42638
160.985	0.42363
161.033	0.430881
161.081	0.431757
161.129	0.43439
161.178	0.429374
161.225	0.438322
161.274	0.426945
161.323	0.430991
161.371	0.430423
161.419	0.434786
161.467	0.429961
161.515	0.432334
161.564	0.432594
161.612	0.43447
161.66	0.439667
161.708	0.428385
161.757	0.434821
161.804	0.43953
161.853	0.431613
161.901	0.431011
161.949	0.438206
161.997	0.426167
162.046	0.426396
162.094	0.434832
162.142	0.433903
162.19	0.4383
162.239	0.436664
162.287	0.43648
162.335	0.441154
162.384	0.434755
162.432	0.44348
162.48	0.440388
162.528	0.43993
162.576	0.444642
162.624	0.44648
162.673	0.432796
162.721	0.438975
162.769	0.443372
162.817	0.446865
162.866	0.442212
162.913	0.449033
162.962	0.445097
163.01	0.438288
163.058	0.443907
163.107	0.441926
163.155	0.446965
163.204	0.434939
163.252	0.439453
163.3	0.43745
163.348	0.440134
163.397	0.436179
163.445	0.449198
163.493	0.445855
163.542	0.443752
163.59	0.44706
163.638	0.454796
163.686	0.446401
163.734	0.448468
163.783	0.443709
163.831	0.448512
163.879	0.443406
163.927	0.446225
163.976	0.439432
164.025	0.437603
164.072	0.450514
164.12	0.447686
164.168	0.454132
164.217	0.447323
164.265	0.456994
164.314	0.450117
164.362	0.449248
164.41	0.449523
164.459	0.451816
164.507	0.450596
164.555	0.452799
164.603	0.452747
164.651	0.451498
164.699	0.450742
164.748	0.451662
164.796	0.458504
164.845	0.459128
164.892	0.470993
164.94	0.460381
164.989	0.46117
165.037	0.462535
165.085	0.460353
165.133	0.466295
165.182	0.449004
165.23	0.467726
165.278	0.458643
165.326	0.459159
165.374	0.46499
165.422	0.469442
165.471	0.467755
165.519	0.470636
165.567	0.468777
165.615	0.464193
165.663	0.468935
165.71	0.473911
165.759	0.455726
165.807	0.464498
165.856	0.458587
165.904	0.454991
165.952	0.457332
166	0.467112
166.047	0.471606
166.096	0.460904
166.145	0.464158
166.192	0.47704
166.241	0.469011
166.289	0.466858
166.337	0.467642
166.386	0.46029
166.434	0.463817
166.482	0.464297
166.531	0.45921
166.578	0.471975
166.627	0.463486
166.675	0.476317
166.723	0.47257
166.771	0.473798
166.819	0.476119
166.868	0.472573
166.917	0.461386
166.965	0.474326
167.012	0.475135
167.061	0.466372
167.109	0.46414
167.157	0.46601
167.205	0.467186
167.253	0.474515
167.302	0.465648
167.35	0.477129
167.398	0.473392
167.446	0.474965
167.495	0.473815
167.543	0.476182
167.591	0.475276
167.639	0.471713
167.688	0.469112
167.736	0.469938
167.784	0.467526
167.832	0.472223
167.881	0.467415
167.929	0.471576
167.978	0.463526
168.025	0.478067
168.074	0.476541
168.122	0.475733
168.171	0.467534
168.219	0.472153
168.268	0.469049
168.316	0.471812
168.364	0.471168
168.413	0.456139
168.461	0.464287
168.509	0.461003
168.558	0.462287
168.606	0.471896
168.655	0.466429
168.703	0.478495
168.751	0.471838
168.799	0.479226
168.847	0.478721
168.896	0.472645
168.945	0.467193
168.993	0.469533
169.042	0.472059
169.09	0.472328
169.138	0.479487
169.186	0.478607
169.235	0.4718
169.284	0.473728
169.332	0.484017
169.38	0.483932
169.428	0.482276
169.477	0.477514
169.526	0.482435
169.574	0.487033
169.623	0.479287
169.671	0.47847
169.72	0.475134
169.768	0.479271
169.817	0.483971
169.865	0.480677
169.914	0.487152
169.962	0.488103
170.011	0.484959
170.059	0.495755
170.107	0.486659
170.156	0.484927
170.205	0.47836
170.253	0.481224
170.301	0.478009
170.349	0.487214
170.398	0.480409
170.447	0.477583
170.495	0.481788
170.543	0.490756
170.593	0.479784
170.641	0.49445
170.689	0.490601
170.737	0.491903
170.786	0.483625
170.834	0.483688
170.882	0.486352
170.931	0.476651
170.98	0.47782
171.028	0.484468
171.076	0.48503
171.125	0.483578
171.174	0.483087
171.222	0.486252
171.271	0.486303
171.319	0.492814
171.367	0.492222
171.416	0.483419
171.465	0.485475
171.514	0.481924
171.562	0.485977
171.611	0.483651
171.658	0.489636
171.707	0.485084
171.756	0.49012
171.804	0.488599
171.853	0.489474
171.901	0.49454
171.949	0.491657
171.998	0.488591
172.047	0.49378
172.096	0.483741
172.144	0.494039
172.193	0.477706
172.241	0.489217
172.29	0.486156
172.338	0.488156
172.387	0.490138
172.435	0.495567
172.483	0.491493
172.532	0.489637
172.581	0.492
172.629	0.496947
172.678	0.491912
172.727	0.492174
172.775	0.495253
172.824	0.489193
172.872	0.484569
172.921	0.483894
172.969	0.498011
173.018	0.488937
173.066	0.495646
173.114	0.499784
173.163	0.492351
173.211	0.495281
173.26	0.490852
173.309	0.499889
173.357	0.50081
173.405	0.496532
173.454	0.498132
173.502	0.490427
173.551	0.491488
173.599	0.49063
173.648	0.48865
173.696	0.502954
173.745	0.495508
173.793	0.496332
173.841	0.502037
173.89	0.498854
173.938	0.503269
173.987	0.49126
174.035	0.49881
174.083	0.490147
174.132	0.490653
174.181	0.483255
174.229	0.490535
174.277	0.490697
174.326	0.492227
174.374	0.492819
174.422	0.496116
174.471	0.489788
174.519	0.494357
174.568	0.492554
174.617	0.490844
174.665	0.49489
174.713	0.496203
174.762	0.496163
174.81	0.4932
174.859	0.493473
174.907	0.492435
174.955	0.498078
175.004	0.497801
175.053	0.49358
175.101	0.501745
175.15	0.498075
175.199	0.494277
175.247	0.50474
175.296	0.495458
175.344	0.503338
175.393	0.49123
175.441	0.494969
175.489	0.496023
175.538	0.493799
175.587	0.502546
175.636	0.494302
175.684	0.502805
175.733	0.501344
175.781	0.503515
175.83	0.498108
175.878	0.500875
175.928	0.494449
175.976	0.500329
176.025	0.492253
176.073	0.504476
176.122	0.500956
176.171	0.499006
176.219	0.513059
176.267	0.504981
176.316	0.507633
176.365	0.500367
176.414	0.502957
176.462	0.504983
176.511	0.507478
176.559	0.513294
176.608	0.502617
176.657	0.499624
176.705	0.500201
176.754	0.504352
176.803	0.50219
176.851	0.513472
176.901	0.499743
176.949	0.51556
176.997	0.508948
177.046	0.507928
177.095	0.503325
177.144	0.50447
177.192	0.517685
177.241	0.506688
177.289	0.510475
177.338	0.508674
177.387	0.502321
177.436	0.508251
177.484	0.519141
177.532	0.516787
177.581	0.510628
177.63	0.513911
177.678	0.518837
177.727	0.510508
177.776	0.517977
177.824	0.520415
177.873	0.511201
177.921	0.51715
177.97	0.508391
178.019	0.512016
178.067	0.516831
178.116	0.518094
178.164	0.517064
178.213	0.511219
178.262	0.513721
178.311	0.519138
178.359	0.519817
178.408	0.512354
178.457	0.519699
178.506	0.51385
178.554	0.515668
178.602	0.518786
178.651	0.514259
178.7	0.517618
178.749	0.510192
178.797	0.517192
178.846	0.517177
178.895	0.51536
178.944	0.520045
178.992	0.518766
179.042	0.512432
179.089	0.530686
179.138	0.51495
179.187	0.515653
179.235	0.51857
179.284	0.509549
179.333	0.520048
179.382	0.517563
179.431	0.515982
179.479	0.522983
179.528	0.515975
179.577	0.516682
179.625	0.527635
179.674	0.514638
179.723	0.522917
179.772	0.511218
179.821	0.512731
179.869	0.520258
179.918	0.512519
179.967	0.522557
180.015	0.526185
180.064	0.523127
180.113	0.520774
180.162	0.521183
180.21	0.526873
180.259	0.518451
180.308	0.52721
180.357	0.518156
180.405	0.525826
180.454	0.521788
180.503	0.512117
180.552	0.52002
180.601	0.517112
180.649	0.525477
180.698	0.529731
180.747	0.523402
180.796	0.524778
180.844	0.527536
180.893	0.521264
180.942	0.526349
180.991	0.5273
181.04	0.515342
181.089	0.518499
181.137	0.523559
181.186	0.511431
181.234	0.527793
181.283	0.524155
181.332	0.525363
181.38	0.534601
181.429	0.535524
181.478	0.520059
181.527	0.530085
181.576	0.531515
181.624	0.52493
181.674	0.512229
181.722	0.522969
181.771	0.514964
181.82	0.520576
181.869	0.517509
181.918	0.524985
181.967	0.527981
182.015	0.533203
182.064	0.530255
182.113	0.52924
182.162	0.525002
182.21	0.530318
182.259	0.526809
182.308	0.517853
182.357	0.518554
182.406	0.523832
182.455	0.517365
182.503	0.529562
182.552	0.527677
182.601	0.527491
182.65	0.527835
182.699	0.533732
182.748	0.532374
182.796	0.538813
182.845	0.532946
182.894	0.527415
182.943	0.53174
182.992	0.519597
183.041	0.531399
183.089	0.524099
183.139	0.523146
183.187	0.538931
183.236	0.528793
183.285	0.534299
183.334	0.536544
183.382	0.535237
183.431	0.531332
183.48	0.528357
183.529	0.533209
183.578	0.523583
183.626	0.5278
183.675	0.522452
183.724	0.515943
183.773	0.53389
183.821	0.532066
183.87	0.531329
183.919	0.530133
183.968	0.534108
184.017	0.536298
184.065	0.535876
184.115	0.525642
184.163	0.5334
184.212	0.529093
184.261	0.521536
184.31	0.53003
184.358	0.529838
184.406	0.530844
184.456	0.523772
184.505	0.529539
184.553	0.543913
184.602	0.530047
184.651	0.53717
184.7	0.530728
184.748	0.537425
184.797	0.533599
184.846	0.52717
184.896	0.521673
184.944	0.53467
184.994	0.513498
185.042	0.52725
185.091	0.524602
185.14	0.531393
185.189	0.526589
185.238	0.540986
185.286	0.539304
185.335	0.531226
185.385	0.532985
185.433	0.54204
185.483	0.527468
185.531	0.538709
185.58	0.517378
185.629	0.531756
185.678	0.521831
185.727	0.527967
185.776	0.526787
185.824	0.532986
185.873	0.531158
185.922	0.534357
185.971	0.528464
186.02	0.529925
186.069	0.52872
186.118	0.534879
186.167	0.534606
186.216	0.523032
186.264	0.531081
186.313	0.5225
186.363	0.524942
186.412	0.525325
186.461	0.530652
186.509	0.531948
186.559	0.525573
186.607	0.534657
186.657	0.521457
186.705	0.543051
186.754	0.527659
186.803	0.528122
186.853	0.52351
186.901	0.537383
186.95	0.523523
186.999	0.528569
187.048	0.535681
187.096	0.535122
187.146	0.526894
187.194	0.539165
187.243	0.531256
187.293	0.529156
187.342	0.534063
187.391	0.529811
187.439	0.532862
187.488	0.538458
187.537	0.53139
187.586	0.530075
187.635	0.527567
187.684	0.539183
187.733	0.533357
187.781	0.545647
187.831	0.533279
187.879	0.538141
187.928	0.540404
187.977	0.536488
188.026	0.537099
188.075	0.534413
188.125	0.527632
188.173	0.543753
188.222	0.530173
188.271	0.537212
188.32	0.532205
188.369	0.539766
188.418	0.536827
188.467	0.539184
188.515	0.539943
188.565	0.53317
188.614	0.542013
188.663	0.534828
188.712	0.532816
188.761	0.53926
188.81	0.540086
188.858	0.541635
188.908	0.534064
188.957	0.543095
189.005	0.543677
189.054	0.54633
189.103	0.545645
189.153	0.537713
189.201	0.554183
189.25	0.542412
189.299	0.5443
189.348	0.554162
189.397	0.546904
189.446	0.545011
189.495	0.54428
189.543	0.552524
189.593	0.543832
189.642	0.546258
189.69	0.548941
189.74	0.549456
189.788	0.556129
189.837	0.546504
189.886	0.556991
189.935	0.547773
189.984	0.552657
190.033	0.55095
190.081	0.554556
190.13	0.552119
190.179	0.541183
190.228	0.551383
190.276	0.555187
190.325	0.551093
190.374	0.549133
190.422	0.562651
190.471	0.553398
190.519	0.560629
190.568	0.548651
190.617	0.56056
190.665	0.559239
190.714	0.557507
190.762	0.567434
190.811	0.556982
190.86	0.554288
190.908	0.563762
190.957	0.556683
191.006	0.558797
191.054	0.560435
191.103	0.554098
191.152	0.565554
191.2	0.565447
191.249	0.547854
191.297	0.569543
191.346	0.561028
191.394	0.562228
191.443	0.554867
191.491	0.556856
191.54	0.553871
191.589	0.554676
191.637	0.565108
191.685	0.563463
191.733	0.560179
191.782	0.554259
191.831	0.560227
191.879	0.56571
191.928	0.559977
191.976	0.562627
192.024	0.564671
192.074	0.552225
192.122	0.562238
192.17	0.562966
192.218	0.561584
192.267	0.556331
192.315	0.570777
192.364	0.555051
192.412	0.567414
192.46	0.560732
192.51	0.550141
192.557	0.579269
192.606	0.556737
192.654	0.570323
192.703	0.55765
192.752	0.563106
192.8	0.563315
192.849	0.55885
192.898	0.561634
192.946	0.559954
192.994	0.571689
193.044	0.550488
193.092	0.566323
193.14	0.565154
193.189	0.56395
193.237	0.565201
193.286	0.558717
193.335	0.564395
193.383	0.562185
193.432	0.554659
193.48	0.561001
193.529	0.556154
193.578	0.553143
193.626	0.565835
193.675	0.561639
193.723	0.561898
193.772	0.555678
193.821	0.558702
193.869	0.559099
193.919	0.551004
193.967	0.564888
194.016	0.553931
194.065	0.556567
194.113	0.553948
194.162	0.560491
194.21	0.562154
194.259	0.556475
194.309	0.548993
194.357	0.564257
194.406	0.556447
194.455	0.557349
194.503	0.561396
194.552	0.558669
194.601	0.551104
194.65	0.554355
194.699	0.564365
194.747	0.563646
194.797	0.553572
194.845	0.561614
194.895	0.55813
194.944	0.55792
194.992	0.570737
195.041	0.565158
195.089	0.571134
195.138	0.569036
195.187	0.568309
195.236	0.560974
195.285	0.561192
195.333	0.569899
195.382	0.558256
195.432	0.564533
195.481	0.566818
195.53	0.568461
195.578	0.57279
195.626	0.577577
195.675	0.573494
195.724	0.575202
195.772	0.572744
195.822	0.5678
195.871	0.564159
195.92	0.567863
195.968	0.571952
196.017	0.566571
196.066	0.573236
196.115	0.571305
196.164	0.570995
196.212	0.578634
196.261	0.576208
196.31	0.574842
196.359	0.575165
196.408	0.573123
196.457	0.575037
196.506	0.563912
196.554	0.574489
196.604	0.564066
196.653	0.569016
196.702	0.566005
196.751	0.572584
196.799	0.58077
196.848	0.576546
196.897	0.57135
196.946	0.578106
196.994	0.581194
197.044	0.572255
197.092	0.576497
197.142	0.56819
197.19	0.577206
197.239	0.57104
197.289	0.565129
197.337	0.577064
197.387	0.574635
197.436	0.579765
197.485	0.573747
197.534	0.58302
197.583	0.581436
197.632	0.576695
197.681	0.575968
197.73	0.579939
197.779	0.571542
197.828	0.573506
197.877	0.584168
197.926	0.567445
197.976	0.573848
198.024	0.582892
198.073	0.58345
198.122	0.580733
198.171	0.580805
198.22	0.58524
198.269	0.573003
198.318	0.578029
198.367	0.57471
198.416	0.579311
198.465	0.58257
198.514	0.570454
198.563	0.569468
198.612	0.577066
198.661	0.579958
198.71	0.583227
198.76	0.57676
198.809	0.581487
198.857	0.581063
198.907	0.577824
198.955	0.584299
199.004	0.580116
199.054	0.578965
199.102	0.58182
199.151	0.581308
199.2	0.575801
199.249	0.58152
199.298	0.58601
199.348	0.572924
199.396	0.589847
199.445	0.581838
199.493	0.586886
199.542	0.583295
199.591	0.578302
199.641	0.575058
199.69	0.577547
199.738	0.582308
199.787	0.570533
199.836	0.572917
199.884	0.586336
199.934	0.573259
199.983	0.586767
200.031	0.589839
200.081	0.58006
200.129	0.585988
200.178	0.58669
200.227	0.582643
200.276	0.583353
200.325	0.588788
200.374	0.575497
200.422	0.590739
200.472	0.575554
200.521	0.583198
200.57	0.580202
200.619	0.582734
200.668	0.585144
200.717	0.592772
200.766	0.591442
200.815	0.586485
200.864	0.592041
200.913	0.58905
200.962	0.585889
201.011	0.584423
201.06	0.581145
201.109	0.587053
201.158	0.584201
201.207	0.587077
201.256	0.595527
201.305	0.588858
201.354	0.597531
201.404	0.587161
201.452	0.595311
201.501	0.6052
201.55	0.585203
201.599	0.596169
201.648	0.585702
201.698	0.576434
201.746	0.595882
201.796	0.582084
201.845	0.591492
201.894	0.601739
201.943	0.58587
201.992	0.599644
202.041	0.591231
202.09	0.593034
202.14	0.59272
202.188	0.598234
202.238	0.584085
202.287	0.596374
202.336	0.587986
202.385	0.597231
202.434	0.590557
202.483	0.595113
202.533	0.586869
202.581	0.603159
202.631	0.59202
202.68	0.594568
202.729	0.585875
202.778	0.597871
202.828	0.587738
202.876	0.59498
202.925	0.585277
202.974	0.588972
203.024	0.584555
203.073	0.593831
203.122	0.587475
203.171	0.591744
203.22	0.588868
203.269	0.590031
203.319	0.585972
203.368	0.585512
203.417	0.588875
203.467	0.577832
203.517	0.578168
203.565	0.583052
203.614	0.583352
203.663	0.581269
203.713	0.576807
203.762	0.578812
203.812	0.574603
203.861	0.579848
203.91	0.585025
203.96	0.582461
204.008	0.587473
204.058	0.581734
204.108	0.576111
204.157	0.581145
204.205	0.586692
204.254	0.583099
204.304	0.581349
204.353	0.588469
204.403	0.585167
204.452	0.587295
204.501	0.590201
204.551	0.589736
204.6	0.587072
204.649	0.607912
204.698	0.592355
204.747	0.597582
204.796	0.591074
204.845	0.595414
204.895	0.583242
204.944	0.601988
204.993	0.596183
205.043	0.592803
205.091	0.603914
205.141	0.594522
205.19	0.594624
205.239	0.599581
205.288	0.600366
205.337	0.604556
205.386	0.591212
205.436	0.590799
205.484	0.597777
205.534	0.590325
205.583	0.598655
205.632	0.591351
205.681	0.59458
205.73	0.599009
205.779	0.597269
205.828	0.604377
205.878	0.585751
205.927	0.604564
205.976	0.595506
206.024	0.599798
206.074	0.584218
206.123	0.595756
206.172	0.594829
206.221	0.597159
206.271	0.595943
206.319	0.599506
206.368	0.601919
206.417	0.597293
206.467	0.594822
206.516	0.594113
206.566	0.593146
206.614	0.599006
206.664	0.58793
206.713	0.595063
206.763	0.59106
206.811	0.603227
206.86	0.596627
206.91	0.59358
206.959	0.596597
207.008	0.598976
207.057	0.599352
207.106	0.597182
207.155	0.60078
207.204	0.606336
207.254	0.581768
207.303	0.599568
207.353	0.595296
207.402	0.598909
207.451	0.5941
207.5	0.604662
207.549	0.604054
207.599	0.601467
207.648	0.601583
207.698	0.597237
207.746	0.615041
207.796	0.5985
207.845	0.609973
207.894	0.611449
207.943	0.603954
207.993	0.603351
208.042	0.610315
208.091	0.609768
208.14	0.603889
208.189	0.609697
208.238	0.613969
208.287	0.610154
208.336	0.607344
208.386	0.604324
208.435	0.60652
208.484	0.610386
208.533	0.60975
208.582	0.604393
208.631	0.607434
208.681	0.60297
208.73	0.608639
208.779	0.61194
208.828	0.60817
208.877	0.613427
208.926	0.613375
208.975	0.619041
209.025	0.599897
209.073	0.621311
209.123	0.607464
209.171	0.616675
209.221	0.608041
209.27	0.61517
209.319	0.612022
209.368	0.612294
209.417	0.611982
209.466	0.611702
209.515	0.616189
209.564	0.610882
209.613	0.614193
209.663	0.603868
209.712	0.617718
209.76	0.61611
209.81	0.607815
209.859	0.612405
209.907	0.621828
209.957	0.603064
210.006	0.610989
210.056	0.606985
210.105	0.60627
210.153	0.614496
210.203	0.606173
210.252	0.608011
210.301	0.607529
210.351	0.604835
210.399	0.615784
210.448	0.614209
210.498	0.605367
210.546	0.626088
210.596	0.601277
210.645	0.617893
210.693	0.618798
210.742	0.619245
210.791	0.624592
210.84	0.616466
210.889	0.626269
210.938	0.622632
210.987	0.621631
211.036	0.632521
211.085	0.628061
211.134	0.63039
211.183	0.62716
211.232	0.628188
211.28	0.635897
211.329	0.624779
211.378	0.631185
211.427	0.635945
211.476	0.627922
211.524	0.645866
211.573	0.634127
211.622	0.634049
211.671	0.634254
211.72	0.62877
211.768	0.643293
211.817	0.630288
211.865	0.638416
211.914	0.631195
211.963	0.626021
212.012	0.638618
212.061	0.635083
212.11	0.63224
212.158	0.633022
212.207	0.638478
212.256	0.631994
212.304	0.640789
212.353	0.625709
212.402	0.635539
212.45	0.632981
212.499	0.628904
212.548	0.616681
212.596	0.640091
212.645	0.626886
212.694	0.624116
212.742	0.634676
212.791	0.627608
212.841	0.625919
212.89	0.626558
212.938	0.636636
212.987	0.633811
213.035	0.632412
213.084	0.631165
213.134	0.61419
213.183	0.622433
213.231	0.625593
213.28	0.621701
213.328	0.631053
213.378	0.614078
213.426	0.625398
213.475	0.626082
213.524	0.614556
213.573	0.625704
213.622	0.615141
213.671	0.629601
213.72	0.614116
213.768	0.625813
213.818	0.610314
213.867	0.618733
213.915	0.624526
213.964	0.616325
214.013	0.618393
214.062	0.619903
214.111	0.621746
214.159	0.628635
214.209	0.615339
214.257	0.624468
214.306	0.621117
214.355	0.624182
214.405	0.610021
214.454	0.614831
214.502	0.620503
214.552	0.616726
214.601	0.619059
214.65	0.618193
214.698	0.62643
214.748	0.613014
214.797	0.61207
214.845	0.625246
214.894	0.617865
214.943	0.617523
214.991	0.625033
215.041	0.60927
215.09	0.611412
215.139	0.610534
215.188	0.623648
215.237	0.613165
215.286	0.61849
215.335	0.620323
215.384	0.62026
215.433	0.626703
215.482	0.6147
215.53	0.633232
215.579	0.622747
215.629	0.617814
215.677	0.629709
215.726	0.628531
215.775	0.616723
215.824	0.623838
215.873	0.627944
215.922	0.623528
215.972	0.623792
216.021	0.628689
216.07	0.631517
216.118	0.633015
216.167	0.628019
216.215	0.642894
216.264	0.630169
216.313	0.62767
216.363	0.623118
216.411	0.62862
216.46	0.63002
216.508	0.634926
216.557	0.627866
216.606	0.630842
216.655	0.633171
216.704	0.635345
216.753	0.628158
216.802	0.642186
216.851	0.62958
216.9	0.631079
216.948	0.642085
216.997	0.625207
217.046	0.633887
217.095	0.630831
217.143	0.63536
217.193	0.624317
217.241	0.648227
217.29	0.631022
217.339	0.643465
217.387	0.645835
217.436	0.63302
217.485	0.638064
217.533	0.646337
217.583	0.633116
217.631	0.640974
217.68	0.629155
217.729	0.632096
217.777	0.644097
217.826	0.633887
217.875	0.636653
217.924	0.640368
217.973	0.631616
218.022	0.639901
218.071	0.642933
218.119	0.643486
218.168	0.641718
218.218	0.641699
218.266	0.646221
218.315	0.641541
218.364	0.640769
218.413	0.641097
218.462	0.629809
218.511	0.638496
218.56	0.635294
218.609	0.644533
218.658	0.635637
218.707	0.642542
218.756	0.636336
218.804	0.6482
218.854	0.632382
218.902	0.650841
218.951	0.631926
219	0.64739
219.049	0.634161
219.098	0.63676
219.147	0.634622
219.196	0.633778
219.245	0.635251
219.294	0.639076
219.343	0.630684
219.392	0.636161
219.441	0.630767
219.49	0.643279
219.54	0.626453
219.589	0.634629
219.638	0.633176
219.687	0.634936
219.736	0.640342
219.785	0.630173
219.834	0.644135
219.884	0.627805
219.932	0.642259
219.982	0.637782
220.031	0.640182
220.08	0.642397
220.129	0.643382
220.178	0.638768
220.227	0.645616
220.276	0.640089
220.325	0.637398
220.374	0.640627
220.423	0.631404
220.472	0.637687
220.52	0.643334
220.569	0.639005
220.619	0.634165
220.668	0.634984
220.717	0.641372
220.766	0.630804
220.815	0.643882
220.864	0.636113
220.913	0.646149
220.962	0.634603
221.011	0.641711
221.059	0.64083
221.108	0.643037
221.157	0.637615
221.206	0.64235
221.255	0.638127
221.304	0.643125
221.353	0.646787
221.402	0.63656
221.45	0.655997
221.5	0.641434
221.548	0.646955
221.597	0.648602
221.647	0.627497
221.695	0.652698
221.744	0.646684
221.793	0.63973
221.842	0.649359
221.89	0.65379
221.94	0.646474
221.988	0.656548
222.037	0.650102
222.085	0.653983
222.135	0.639419
222.184	0.646835
222.233	0.648525
222.282	0.639448
222.33	0.652192
222.379	0.647586
222.428	0.642379
222.477	0.645248
222.526	0.649322
222.575	0.63947
222.624	0.647678
222.673	0.644787
222.722	0.640178
222.771	0.647886
222.82	0.640343
222.869	0.646559
222.918	0.641313
222.967	0.641667
223.015	0.653479
223.065	0.637284
223.114	0.638235
223.163	0.644938
223.213	0.638803
223.261	0.65796
223.31	0.638074
223.359	0.652606
223.408	0.645812
223.457	0.646638
223.506	0.641469
223.555	0.649812
223.605	0.635015
223.653	0.655616
223.702	0.638473
223.752	0.64522
223.801	0.648754
223.85	0.643495
223.898	0.660875
223.947	0.656408
223.997	0.63834
224.045	0.657502
224.095	0.641978
224.144	0.649127
224.193	0.649285
224.242	0.643268
224.291	0.647209
224.34	0.653386
224.389	0.648271
224.438	0.65471
224.488	0.649075
224.536	0.657279
224.586	0.651066
224.635	0.655421
224.684	0.655539
224.733	0.654969
224.782	0.653217
224.831	0.643951
224.881	0.650537
224.929	0.664827
224.978	0.649707
225.028	0.65475
225.077	0.65763
225.126	0.660815
225.175	0.658668
225.223	0.658222
225.272	0.6603
225.321	0.654325
225.37	0.661076
225.42	0.652164
225.468	0.665198
225.517	0.656508
225.566	0.652239
225.616	0.656286
225.664	0.671052
225.713	0.666169
225.763	0.659724
225.811	0.674179
225.86	0.665463
225.909	0.665394
225.958	0.666744
226.007	0.667475
226.056	0.6682
226.105	0.657848
226.154	0.663741
226.203	0.66913
226.252	0.674031
226.301	0.661251
226.35	0.679571
226.399	0.668007
226.448	0.670291
226.497	0.674086
226.546	0.660152
226.595	0.664695
226.644	0.673859
226.693	0.662806
226.741	0.672137
226.791	0.653111
226.839	0.671666
226.888	0.665051
226.937	0.667063
226.987	0.662857
227.036	0.669666
227.085	0.667753
227.134	0.665445
227.182	0.678447
227.231	0.677432
227.28	0.664235
227.329	0.66768
227.378	0.672523
227.427	0.666048
227.476	0.669083
227.526	0.664024
227.575	0.664631
227.624	0.681148
227.672	0.676518
227.722	0.670067
227.771	0.675451
227.82	0.674079
227.869	0.672142
227.918	0.675453
227.968	0.658692
228.017	0.673778
228.065	0.67773
228.115	0.660207
228.163	0.673081
228.213	0.665715
228.262	0.663597
228.311	0.671288
228.36	0.670381
228.409	0.664368
228.459	0.663861
228.508	0.668094
228.556	0.668214
228.606	0.661737
228.655	0.662927
228.704	0.669046
228.753	0.661202
228.803	0.656306
228.852	0.658474
228.901	0.670204
228.95	0.667821
228.999	0.667537
229.049	0.653603
229.098	0.672762
229.147	0.667031
229.197	0.662889
229.246	0.665782
229.295	0.665156
229.344	0.659814
229.393	0.663532
229.443	0.66077
229.492	0.664344
229.541	0.666057
229.59	0.669214
229.639	0.672718
229.689	0.669418
229.738	0.668463
229.787	0.679546
229.836	0.663974
229.885	0.681748
229.934	0.667256
229.983	0.671274
230.033	0.66508
230.082	0.676915
230.131	0.673595
230.18	0.682618
230.229	0.674303
230.278	0.681877
230.328	0.666267
230.377	0.677865
230.425	0.686212
230.475	0.672409
230.524	0.678837
230.573	0.66527
230.621	0.683376
230.67	0.671532
230.72	0.669162
230.769	0.668586
230.818	0.678056
230.867	0.678884
230.916	0.684709
230.965	0.67821
231.014	0.684195
231.063	0.681318
231.112	0.681988
231.162	0.665714
231.21	0.690555
231.26	0.668494
231.308	0.68636
231.357	0.673403
231.407	0.678896
231.455	0.685046
231.505	0.677174
231.554	0.682949
231.602	0.699785
231.651	0.683995
231.701	0.67479
231.75	0.679114
231.799	0.689324
231.849	0.668113
231.898	0.673624
231.947	0.684697
231.996	0.675283
232.045	0.671312
232.094	0.684587
232.144	0.669868
232.193	0.681731
232.242	0.677393
232.291	0.686733
232.34	0.676838
232.389	0.679651
232.439	0.675146
232.488	0.670275
232.537	0.682886
232.587	0.663873
232.636	0.670102
232.685	0.670786
232.734	0.675507
232.783	0.678871
232.833	0.674429
232.882	0.675931
232.931	0.680651
232.981	0.664977
233.03	0.672982
233.079	0.671329
233.128	0.675181
233.177	0.668958
233.226	0.669713
233.276	0.663411
233.325	0.668812
233.374	0.668543
233.424	0.665766
233.473	0.683575
233.522	0.67673
233.572	0.666868
233.62	0.685856
233.67	0.676735
233.719	0.673478
233.768	0.676282
233.818	0.671241
233.867	0.684416
233.916	0.672387
233.965	0.680663
234.014	0.676962
234.063	0.685632
234.113	0.674232
234.162	0.677553
234.211	0.685714
234.26	0.684493
234.31	0.681368
234.359	0.687575
234.408	0.681023
234.457	0.68756
234.506	0.688448
234.555	0.683939
234.604	0.675814
234.654	0.679797
234.702	0.691138
234.752	0.678246
234.8	0.686076
234.849	0.687121
234.899	0.678384
234.948	0.688972
234.997	0.68224
235.046	0.687076
235.096	0.680317
235.145	0.680209
235.194	0.685962
235.243	0.682558
235.292	0.680918
235.341	0.681326
235.39	0.689271
235.44	0.670495
235.489	0.691701
235.538	0.67444
235.586	0.698381
235.636	0.679485
235.685	0.683054
235.734	0.684814
235.784	0.683122
235.832	0.689653
235.881	0.683534
235.931	0.673901
235.98	0.685282
236.029	0.684969
236.079	0.678768
236.127	0.69159
236.177	0.682223
236.226	0.68665
236.275	0.690176
236.325	0.677778
236.373	0.696735
236.423	0.683114
236.471	0.694863
236.521	0.667201
236.57	0.68538
236.62	0.67952
236.669	0.686618
236.718	0.676998
236.767	0.692222
236.816	0.685638
236.865	0.684334
236.914	0.68752
236.964	0.679303
237.013	0.691824
237.061	0.686608
237.112	0.669258
237.16	0.690263
237.21	0.674672
237.259	0.677318
237.309	0.677381
237.358	0.681153
237.407	0.685248
237.456	0.684504
237.505	0.673747
237.555	0.680665
237.603	0.688693
237.653	0.675931
237.702	0.678684
237.752	0.667482
237.801	0.680121
237.85	0.680753
237.9	0.673643
237.949	0.679306
237.998	0.681978
238.047	0.678686
238.096	0.687129
238.146	0.677431
238.195	0.686251
238.244	0.681045
238.294	0.676888
238.343	0.688777
238.393	0.671709
238.442	0.681602
238.491	0.687897
238.54	0.688119
238.59	0.677962
238.639	0.697137
238.688	0.686571
238.738	0.689047
238.787	0.69982
238.836	0.690817
238.885	0.708261
238.934	0.69175
238.983	0.696429
239.033	0.696144
239.082	0.694715
239.131	0.702637
239.18	0.695648
239.23	0.685288
239.279	0.702295
239.328	0.696022
239.378	0.697055
239.427	0.699222
239.476	0.700142
239.524	0.704889
239.574	0.696918
239.623	0.694911
239.672	0.705859
239.722	0.690156
239.771	0.694825
239.82	0.699672
239.869	0.700217
239.917	0.704105
239.967	0.690946
240.016	0.698826
240.065	0.701623
240.114	0.6925
240.163	0.704722
240.212	0.697872
240.262	0.688809
240.311	0.698588
240.36	0.700811
240.409	0.694719
240.458	0.697564
240.508	0.68743
240.557	0.697727
240.605	0.700437
240.654	0.704893
240.705	0.674156
240.753	0.705943
240.802	0.687854
240.851	0.704677
240.9	0.691457
240.949	0.699462
240.998	0.697254
241.047	0.694425
241.097	0.687495
241.146	0.695653
241.195	0.69298
241.244	0.698991
241.293	0.695538
241.342	0.69855
241.392	0.692008
241.442	0.683482
241.491	0.698329
241.54	0.69955
241.589	0.690335
241.637	0.702575
241.687	0.682326
241.737	0.68765
241.786	0.686365
241.835	0.695332
241.885	0.688308
241.934	0.692004
241.983	0.69652
242.032	0.692448
242.082	0.685242
242.131	0.701137
242.18	0.689202
242.229	0.709996
242.278	0.689205
242.327	0.699469
242.377	0.694055
242.427	0.695241
242.476	0.703657
242.525	0.696928
242.575	0.69975
242.624	0.702721
242.673	0.693173
242.722	0.711331
242.771	0.69751
242.82	0.704266
242.871	0.690493
242.919	0.710657
242.968	0.700726
243.018	0.698044
243.067	0.708183
243.117	0.694711
243.166	0.705232
243.215	0.70544
243.264	0.707963
243.314	0.703638
243.363	0.709219
243.412	0.70617
243.461	0.714906
243.511	0.703821
243.56	0.705765
243.609	0.714535
243.658	0.700176
243.707	0.715303
243.756	0.706084
243.806	0.707551
243.855	0.714146
243.904	0.714808
243.953	0.712238
244.002	0.709418
244.052	0.708533
244.101	0.712678
244.149	0.713386
244.199	0.699939
244.248	0.712593
244.297	0.708377
244.345	0.720798
244.394	0.707151
244.444	0.706137
244.493	0.709318
244.542	0.713462
244.592	0.70574
244.641	0.710985
244.69	0.709898
244.738	0.711459
244.787	0.710985
244.836	0.706968
244.885	0.703301
244.935	0.702695
244.984	0.70022
245.033	0.702948
245.082	0.703675
245.131	0.712488
245.18	0.707588
245.229	0.708401
245.279	0.699755
245.328	0.713
245.376	0.713005
245.426	0.693222
245.475	0.704509
245.524	0.706297
245.574	0.701292
245.623	0.699726
245.672	0.710479
245.721	0.705984
245.77	0.712543
245.819	0.713261
245.868	0.704956
245.917	0.715397
245.967	0.706946
246.015	0.716916
246.065	0.708929
246.113	0.712087
246.164	0.689344
246.212	0.714764
246.261	0.700327
246.31	0.709639
246.36	0.694527
246.409	0.709717
246.458	0.702923
246.508	0.703128
246.557	0.704586
246.606	0.699877
246.655	0.711505
246.705	0.6975
246.754	0.70483
246.803	0.702576
246.852	0.696785
246.902	0.694888
246.95	0.705083
246.999	0.705679
247.049	0.698251
247.098	0.70463
247.147	0.698129
247.197	0.695985
247.246	0.706628
247.295	0.705226
247.345	0.699379
247.394	0.7004
247.443	0.699118
247.492	0.700335
247.542	0.697218
247.591	0.702406
247.64	0.703125
247.69	0.695878
247.739	0.713298
247.789	0.705295
247.838	0.709762
247.887	0.710693
247.936	0.712273
247.986	0.697219
248.035	0.715055
248.084	0.702932
248.134	0.693736
248.184	0.701457
248.232	0.712452
248.282	0.69966
248.331	0.718066
248.38	0.712367
248.43	0.696032
248.479	0.711536
248.529	0.705192
248.577	0.712264
248.626	0.712844
248.676	0.694406
248.725	0.708664
248.775	0.698804
248.824	0.704934
248.874	0.706027
248.922	0.718697
248.972	0.703711
249.022	0.714479
249.071	0.713628
249.12	0.714276
249.169	0.716328
249.219	0.709327
249.269	0.698674
249.317	0.717915
249.367	0.708954
249.416	0.702138
249.466	0.704929
249.515	0.714601
249.564	0.711599
249.614	0.706308
249.662	0.731939
249.712	0.711367
249.762	0.713541
249.811	0.716154
249.861	0.713608
249.91	0.71518
249.959	0.715574
250.009	0.70891
250.059	0.702872
250.107	0.717765
250.157	0.710569
250.207	0.708228
250.256	0.722581
250.305	0.709739
250.355	0.720901
250.403	0.72624
250.453	0.711429
250.503	0.710314
250.552	0.715878
250.602	0.714284
250.651	0.708669
250.7	0.723085
250.75	0.710549
250.799	0.71515
250.848	0.715954
250.898	0.708777
250.947	0.716712
250.996	0.720891
251.046	0.716179
251.095	0.727608
251.145	0.715103
251.194	0.718074
251.244	0.718717
251.293	0.723228
251.343	0.70409
251.392	0.723836
251.441	0.724506
251.49	0.726782
251.539	0.720427
251.589	0.720908
251.638	0.725077
251.687	0.72631
251.737	0.723719
251.786	0.725511
251.835	0.742416
251.885	0.717141
251.934	0.727918
251.982	0.731471
252.031	0.730131
252.081	0.728103
252.13	0.725383
252.179	0.730257
252.228	0.731575
252.277	0.734189
252.326	0.731319
252.376	0.720067
252.425	0.732686
252.474	0.727522
252.523	0.736399
252.572	0.723714
252.62	0.735537
252.67	0.71083
252.719	0.727422
252.768	0.732656
252.817	0.735089
252.866	0.720301
252.915	0.726707
252.964	0.729908
253.014	0.726065
253.062	0.741525
253.111	0.723871
253.161	0.72361
253.21	0.727183
253.259	0.715684
253.308	0.735801
253.357	0.719564
253.406	0.722913
253.455	0.730193
253.504	0.723012
253.553	0.734323
253.602	0.726372
253.652	0.720755
253.701	0.739057
253.75	0.730035
253.799	0.7267
253.848	0.722278
253.897	0.722683
253.946	0.727557
253.996	0.715665
254.045	0.728868
254.094	0.726777
254.143	0.720322
254.192	0.737479
254.241	0.725418
254.291	0.724389
254.34	0.729348
254.388	0.732973
254.438	0.710046
254.488	0.719696
254.537	0.716582
254.586	0.721431
254.635	0.728422
254.685	0.72242
254.734	0.726952
254.783	0.72299
254.833	0.719966
254.882	0.733492
254.931	0.720724
254.981	0.719079
255.03	0.726638
255.079	0.715993
255.129	0.716116
255.177	0.732474
255.227	0.722793
255.276	0.717374
255.326	0.721964
255.375	0.719855
255.425	0.72845
255.474	0.723129
255.523	0.73671
255.572	0.72442
255.622	0.717515
255.671	0.715622
255.721	0.719156
255.77	0.715089
255.819	0.724569
255.869	0.719236
255.918	0.724594
255.968	0.714293
256.017	0.724884
256.066	0.728115
256.116	0.72784
256.165	0.728052
256.214	0.722698
256.264	0.722321
256.313	0.722388
256.363	0.722255
256.412	0.720183
256.462	0.713321
256.51	0.739156
256.56	0.71495
256.609	0.730138
256.659	0.723036
256.71	0.709091
256.758	0.743861
256.808	0.722562
256.857	0.733197
256.906	0.730866
256.955	0.726772
257.004	0.72926
257.054	0.725776
257.103	0.7245
257.153	0.724794
257.202	0.727115
257.251	0.733059
257.301	0.728932
257.35	0.724135
257.4	0.728759
257.449	0.731334
257.498	0.729496
257.547	0.727508
257.596	0.732547
257.647	0.716909
257.695	0.742211
257.744	0.728
257.794	0.722888
257.844	0.724766
257.893	0.732047
257.942	0.728728
257.991	0.73787
258.041	0.718411
258.09	0.731019
258.14	0.719767
258.19	0.725116
258.238	0.744332
258.288	0.72515
258.337	0.733725
258.386	0.729831
258.435	0.726928
258.485	0.723378
258.534	0.730633
258.583	0.738233
258.632	0.732975
258.682	0.722968
258.731	0.741905
258.78	0.73331
258.829	0.734305
258.879	0.722458
258.929	0.728723
258.978	0.730897
259.027	0.744396
259.077	0.723164
259.125	0.749472
259.175	0.726257
259.224	0.738961
259.274	0.731623
259.323	0.738514
259.373	0.724445
259.423	0.73125
259.471	0.74579
259.521	0.728857
259.57	0.73252
259.62	0.734022
259.669	0.73818
259.718	0.733576
259.768	0.724653
259.817	0.727906
259.867	0.722098
259.916	0.725496
259.965	0.727642
260.015	0.728529
260.064	0.722477
260.114	0.727953
260.163	0.725649
260.212	0.724826
260.262	0.729464
260.31	0.73491
260.36	0.722364
260.41	0.721724
260.459	0.731084
260.508	0.732666
260.558	0.726284
260.608	0.725789
260.658	0.729434
260.706	0.742298
260.756	0.732783
260.805	0.732107
260.854	0.734403
260.904	0.731553
260.954	0.726594
261.003	0.734252
261.053	0.738954
261.101	0.754418
261.151	0.738819
261.2	0.73907
261.249	0.748017
261.298	0.756721
261.348	0.742847
261.396	0.767307
261.446	0.748201
261.495	0.757316
261.545	0.753441
261.594	0.760811
261.643	0.749618
261.692	0.757731
261.742	0.753663
261.79	0.76549
261.84	0.753699
261.889	0.759135
261.937	0.775661
261.986	0.756147
262.035	0.766483
262.085	0.744105
262.134	0.762372
262.183	0.758843
262.231	0.770173
262.281	0.745178
262.329	0.766989
262.379	0.750203
262.427	0.771213
262.476	0.754095
262.526	0.751822
262.574	0.760322
262.624	0.753402
262.672	0.771446
262.721	0.748547
262.77	0.760695
262.819	0.761281
262.868	0.758659
262.917	0.757781
262.965	0.757871
263.014	0.76559
263.063	0.747598
263.112	0.755574
263.161	0.754201
263.21	0.749032
263.259	0.758085
263.308	0.75037
263.357	0.756752
263.406	0.751637
263.455	0.754218
263.504	0.750299
263.553	0.758139
263.602	0.75061
263.651	0.749775
263.7	0.753086
263.749	0.747236
263.797	0.759625
263.847	0.745765
263.896	0.746196
263.945	0.743129
263.993	0.768173
264.043	0.739407
264.091	0.75789
264.14	0.743826
264.19	0.738148
264.239	0.749053
264.289	0.742144
264.337	0.758242
264.387	0.742748
264.436	0.754917
264.485	0.751368
264.533	0.757042
264.583	0.740702
264.631	0.757191
264.681	0.738754
264.73	0.745074
264.779	0.740196
264.828	0.751504
264.877	0.748197
264.927	0.743138
264.975	0.75422
265.025	0.740581
265.074	0.751498
265.122	0.753226
265.172	0.734265
265.221	0.747678
265.27	0.742603
265.32	0.742399
265.369	0.741275
265.418	0.74431
265.467	0.746451
265.517	0.740818
265.566	0.739075
265.615	0.74792
265.664	0.753791
265.713	0.750014
265.763	0.745447
265.812	0.753835
265.861	0.74523
265.91	0.746784
265.959	0.752153
266.008	0.751846
266.057	0.749154
266.106	0.751042
266.157	0.734867
266.206	0.753806
266.254	0.759646
266.303	0.749342
266.353	0.751876
266.401	0.762205
266.451	0.744518
266.5	0.758896
266.549	0.758177
266.598	0.744432
266.647	0.766504
266.696	0.752395
266.745	0.758578
266.794	0.758796
266.843	0.761521
266.893	0.744842
266.941	0.771042
266.99	0.748293
267.039	0.763321
267.088	0.756692
267.137	0.757773
267.186	0.754238
267.235	0.756285
267.284	0.757764
267.333	0.771116
267.383	0.745778
267.431	0.767759
267.481	0.750114
267.529	0.764542
267.579	0.749585
267.628	0.759422
267.676	0.767439
267.726	0.749828
267.775	0.759853
267.824	0.749879
267.873	0.759538
267.922	0.761927
267.971	0.760325
268.02	0.753473
268.069	0.76853
268.117	0.774526
268.166	0.750194
268.215	0.763083
268.265	0.7514
268.315	0.744588
268.362	0.774689
268.411	0.762351
268.461	0.747492
268.51	0.757704
268.559	0.757481
268.607	0.766607
268.657	0.750844
268.706	0.765318
268.755	0.762781
268.803	0.764001
268.853	0.755541
268.902	0.756635
268.951	0.765485
269	0.756672
269.049	0.762507
269.099	0.748083
269.147	0.764204
269.197	0.757722
269.245	0.766425
269.294	0.762032
269.343	0.762716
269.393	0.748386
269.442	0.767698
269.492	0.745344
269.541	0.761973
269.589	0.765343
269.639	0.749266
269.688	0.757589
269.737	0.75764
269.786	0.761144
269.835	0.763938
269.885	0.748257
269.934	0.77198
269.982	0.765559
270.033	0.746953
270.082	0.76314
270.13	0.766968
270.179	0.766161
270.229	0.749804
270.278	0.772391
270.328	0.749547
270.377	0.768061
270.426	0.764074
270.475	0.764067
270.524	0.766718
270.574	0.762411
270.624	0.756664
270.672	0.774991
270.722	0.759516
270.771	0.772509
270.821	0.750865
270.87	0.772905
270.918	0.770429
270.968	0.759828
271.017	0.764629
271.066	0.772535
271.116	0.760966
271.165	0.766645
271.214	0.775633
271.263	0.774807
271.312	0.766557
271.361	0.769328
271.411	0.758517
271.459	0.786885
271.509	0.761377
271.558	0.771149
271.607	0.759716
271.656	0.772573
271.706	0.762247
271.754	0.774873
271.804	0.763554
271.853	0.764492
271.902	0.773767
271.951	0.771758
272	0.775753
272.05	0.768165
272.099	0.771397
272.149	0.750391
272.197	0.776047
272.247	0.758595
272.296	0.768664
272.345	0.761598
272.394	0.76568
272.443	0.772053
272.493	0.766045
272.542	0.758701
272.591	0.783901
272.641	0.756313
272.69	0.763998
272.739	0.766408
272.789	0.766452
272.837	0.770251
272.887	0.761347
272.935	0.773218
272.985	0.756289
273.034	0.764512
273.083	0.770348
273.132	0.76822
273.182	0.760371
273.231	0.765543
273.28	0.761597
273.33	0.762095
273.379	0.763639
273.429	0.763006
273.477	0.773847
273.528	0.742752
273.576	0.776407
273.626	0.752441
273.675	0.763017
273.725	0.762658
273.774	0.759218
273.824	0.758989
273.873	0.772062
273.922	0.775761
273.971	0.761056
274.021	0.763369
274.07	0.758776
274.119	0.76929
274.168	0.766333
274.218	0.755696
274.267	0.7711
274.317	0.762724
274.366	0.773875
274.416	0.763637
274.464	0.788488
274.514	0.760491
274.563	0.774618
274.613	0.773615
274.663	0.758733
274.712	0.776596
274.761	0.763956
274.81	0.773071
274.86	0.768345
274.909	0.766435
274.958	0.77403
275.008	0.770039
275.057	0.777226
275.107	0.767881
275.156	0.780617
275.205	0.774707
275.254	0.778914
275.303	0.779909
275.353	0.775588
275.402	0.779177
275.451	0.771693
275.501	0.772097
275.55	0.782763
275.599	0.779455
275.649	0.772266
275.698	0.781749
275.747	0.78624
275.796	0.784071
275.844	0.788785
275.894	0.781384
275.943	0.78661
275.992	0.77965
276.041	0.774899
276.091	0.776214
276.14	0.777967
276.189	0.787848
276.238	0.775519
276.287	0.7844
276.336	0.790908
276.385	0.782707
276.435	0.782744
276.483	0.78972
276.533	0.771332
276.582	0.787772
276.631	0.783022
276.68	0.773584
276.73	0.767155
276.779	0.774123
276.828	0.785637
276.877	0.778823
276.927	0.775982
276.976	0.775223
277.026	0.778555
277.075	0.782311
277.124	0.784572
277.173	0.789587
277.222	0.772262
277.271	0.777884
277.321	0.775018
277.37	0.77568
277.419	0.774892
277.468	0.770018
277.517	0.784386
277.567	0.76833
277.616	0.778085
277.665	0.779037
277.714	0.782983
277.763	0.784971
277.813	0.771956
277.861	0.782489
277.911	0.767316
277.96	0.773184
278.009	0.780266
278.059	0.768037
278.108	0.770436
278.157	0.775425
278.207	0.778423
278.256	0.776733
278.305	0.786339
278.355	0.76857
278.404	0.778656
278.453	0.776173
278.502	0.779613
278.552	0.763478
278.601	0.77091
278.65	0.783689
278.699	0.767653
278.749	0.76876
278.798	0.781863
278.848	0.773459
278.896	0.782548
278.945	0.783188
278.995	0.769337
279.045	0.776975
279.094	0.770165
279.144	0.77051
279.193	0.781345
279.242	0.77894
279.291	0.769129
279.34	0.78458
279.39	0.762495
279.439	0.778954
279.489	0.775482
279.538	0.782176
279.587	0.77945
279.637	0.780336
279.685	0.787455
279.736	0.762182
279.785	0.789424
279.834	0.780905
279.883	0.777575
279.933	0.770721
279.982	0.779161
280.031	0.784318
280.081	0.78823
280.13	0.78244
280.179	0.796379
280.228	0.776984
280.278	0.777266
280.327	0.787415
280.376	0.7847
280.426	0.772726
280.476	0.773858
280.525	0.785393
280.574	0.782925
280.623	0.775643
280.673	0.782724
280.722	0.783917
280.771	0.782197
280.82	0.789937
280.87	0.782312
280.919	0.789068
280.968	0.775587
281.017	0.783221
281.068	0.767373
281.116	0.785019
281.166	0.778694
281.215	0.781707
281.264	0.785556
281.314	0.76389
281.363	0.778425
281.412	0.791779
281.461	0.781977
281.511	0.775484
281.56	0.789804
281.609	0.781161
281.659	0.774265
281.708	0.790761
281.757	0.77419
281.807	0.778296
281.856	0.778774
281.906	0.765426
281.955	0.780683
282.004	0.783859
282.053	0.790003
282.102	0.780759
282.152	0.775049
282.202	0.776987
282.251	0.784693
282.3	0.779606
282.349	0.786272
282.4	0.760522
282.448	0.789115
282.498	0.765008
282.547	0.790835
282.596	0.779507
282.646	0.773992
282.695	0.782682
282.745	0.770806
282.794	0.781238
282.843	0.793545
282.893	0.779259
282.942	0.778469
282.992	0.783316
283.041	0.782544
283.09	0.785031
283.139	0.78559
283.189	0.783997
283.238	0.790215
283.288	0.776016
283.337	0.792496
283.386	0.785747
283.436	0.790874
283.485	0.787367
283.534	0.797862
283.584	0.789511
283.633	0.796305
283.682	0.792126
283.732	0.783623
283.78	0.80323
283.829	0.80053
283.879	0.782297
283.929	0.795522
283.978	0.799982
284.027	0.80503
284.076	0.799577
284.125	0.807241
284.175	0.791525
284.223	0.804935
284.273	0.790739
284.323	0.790401
284.372	0.800968
284.42	0.80929
284.469	0.800614
284.518	0.807494
284.568	0.787186
284.616	0.814607
284.665	0.80682
284.715	0.797377
284.764	0.799009
284.814	0.799629
284.862	0.80717
284.912	0.79358
284.961	0.794911
285.011	0.797542