85.0098	0.115121
85.0291	0.113715
85.0478	0.1225
85.0669	0.122855
85.086	0.125117
85.1054	0.123531
85.1249	0.12169
85.1441	0.124305
85.1641	0.120808
85.1844	0.119949
85.2039	0.125797
85.2237	0.125172
85.2437	0.12524
85.2642	0.123616
85.2844	0.125726
85.3052	0.123948
85.3263	0.123297
85.3466	0.128338
85.3673	0.127773
85.3884	0.127259
85.4093	0.128768
85.4305	0.128929
85.4513	0.132744
85.4728	0.12974
85.4944	0.130229
85.5162	0.130213
85.5375	0.134505
85.5594	0.132212
85.5812	0.133136
85.6036	0.130636
85.6254	0.136975
85.6478	0.135833
85.6698	0.13891
85.6922	0.135732
85.7146	0.135404
85.7372	0.133661
85.7602	0.132666
85.7827	0.135364
85.8056	0.132714
85.8282	0.13418
85.8522	0.126922
85.8749	0.137754
85.898	0.136884
85.9216	0.137415
85.9455	0.137637
85.9692	0.140791
85.9925	0.14305
86.0162	0.14029
86.0404	0.137116
86.064	0.141132
86.088	0.140045
86.1123	0.138634
86.136	0.143101
86.1603	0.140928
86.1849	0.139701
86.2096	0.140667
86.2346	0.139364
86.2588	0.14383
86.2839	0.139632
86.3092	0.139104
86.3339	0.142633
86.3587	0.143721
86.3837	0.142832
86.4092	0.140177
86.4345	0.14296
86.4598	0.143863
86.4857	0.14123
86.5114	0.143717
86.5367	0.146647
86.5629	0.142117
86.5885	0.147053
86.6146	0.145167
86.6408	0.145618
86.6671	0.146358
86.6931	0.14956
86.7198	0.146139
86.746	0.148631
86.7723	0.14754
86.7985	0.148444
86.8252	0.146077
86.8522	0.143626
86.8795	0.142452
86.9061	0.146956
86.9334	0.145286
86.9603	0.148983
86.9867	0.152729
87.0143	0.147665
87.0418	0.150344
87.0693	0.151436
87.0965	0.153552
87.1236	0.15424
87.1522	0.145864
87.1797	0.151034
87.2072	0.151102
87.2352	0.149678
87.2629	0.15143
87.2912	0.14867
87.3194	0.148926
87.3478	0.146766
87.3761	0.148084
87.4042	0.151455
87.432	0.155364
87.4611	0.152167
87.4899	0.152952
87.5182	0.156081
87.5478	0.148926
87.5763	0.15517
87.605	0.153159
87.6341	0.151704
87.6628	0.15454
87.6921	0.152027
87.7208	0.155879
87.7504	0.152105
87.7802	0.151719
87.8094	0.155392
87.8388	0.157401
87.8682	0.157688
87.8976	0.157111
87.9276	0.151415
87.957	0.154621
87.9871	0.152272
88.0173	0.153352
88.0468	0.158062
88.0768	0.155821
88.1071	0.15576
88.1374	0.156251
88.1673	0.158792
88.1974	0.158405
88.2273	0.160483
88.2584	0.154485
88.2884	0.161512
88.3196	0.156811
88.3499	0.162292
88.3806	0.160707
88.4105	0.165213
88.4419	0.156075
88.4729	0.156968
88.5039	0.156295
88.5351	0.155129
88.566	0.157495
88.597	0.157635
88.6287	0.156162
88.6594	0.162141
88.6905	0.160866
88.722	0.159919
88.7534	0.161226
88.7849	0.161159
88.8166	0.160353
88.8479	0.163832
88.8799	0.16152
88.9112	0.165378
88.943	0.163178
88.975	0.162249
89.0067	0.162761
89.0386	0.162139
89.0712	0.159495
89.1029	0.164095
89.1348	0.163853
89.1672	0.160165
89.1991	0.162802
89.2321	0.158206
89.2643	0.162787
89.2967	0.16347
89.3288	0.166211
89.3614	0.164213
89.3938	0.16675
89.4263	0.166923
89.459	0.166583
89.4922	0.164195
89.5249	0.166356
89.5576	0.166466
89.5909	0.16391
89.6237	0.166551
89.6563	0.168218
89.6898	0.163635
89.7231	0.165343
89.7567	0.164316
89.7894	0.168721
89.8228	0.164421
89.8559	0.165587
89.8896	0.164209
89.9233	0.166384
89.9565	0.169783
89.9899	0.169802
90.0238	0.166632
90.0572	0.169762
90.0908	0.168526
90.1244	0.169072
90.158	0.169746
90.192	0.167762
90.2259	0.168157
90.2604	0.166472
90.294	0.170745
90.3284	0.167107
90.3626	0.168994
90.397	0.169119
90.4314	0.170008
90.4656	0.171004
90.4991	0.173373
90.5339	0.165725
90.5682	0.166927
90.6028	0.16669
90.6374	0.168328
90.6714	0.172197
90.7068	0.166161
90.7417	0.169167
90.7766	0.169867
90.8113	0.171493
90.8456	0.174316
90.8804	0.172064
90.9154	0.172247
90.9503	0.17327
90.9852	0.173561
91.0204	0.172016
91.0548	0.175873
91.0904	0.170447
91.1257	0.171851
91.1608	0.173354
91.1961	0.171839
91.2314	0.171634
91.2665	0.172223
91.3019	0.170789
91.3367	0.175939
91.373	0.170613
91.4082	0.177301
91.4439	0.174988
91.4792	0.17699
91.5152	0.173303
91.5507	0.175602
91.5862	0.176031
91.6221	0.174159
91.6573	0.178147
91.6937	0.17229
91.7296	0.17552
91.7655	0.175878
91.8013	0.176994
91.8374	0.177534
91.8736	0.177966
91.9093	0.180846
91.9453	0.17852
91.9814	0.176884
92.0175	0.175289
92.0542	0.172394
92.0908	0.172905
92.1269	0.175662
92.1634	0.175795
92.1994	0.178996
92.2362	0.176112
92.2725	0.179048
92.3093	0.177281
92.3454	0.181447
92.3818	0.181851
92.4181	0.182621
92.4547	0.18128
92.4922	0.175891
92.5283	0.183342
92.5651	0.179531
92.6017	0.181027
92.6388	0.179114
92.6759	0.179034
92.7133	0.177743
92.75	0.181396
92.7868	0.181637
92.8243	0.177473
92.8604	0.183601
92.8976	0.179432
92.9344	0.182026
92.9718	0.180202
93.0098	0.177861
93.0461	0.18605
93.0832	0.182412
93.1211	0.179171
93.1583	0.182234
93.1956	0.182286
93.2328	0.183275
93.2702	0.182303
93.3083	0.179472
93.3459	0.182439
93.3838	0.181185
93.4208	0.186695
93.4584	0.184689
93.4962	0.183979
93.5343	0.182709
93.572	0.184386
93.6097	0.184294
93.6473	0.184603
93.6855	0.181316
93.7237	0.181061
93.7611	0.185036
93.7991	0.183548
93.8374	0.18307
93.8751	0.186728
93.9126	0.188346
93.9515	0.182512
93.9893	0.188358
94.0274	0.1879
94.066	0.185533
94.1041	0.187635
94.1424	0.186399
94.1807	0.186858
94.2188	0.187679
94.2575	0.18458
94.2957	0.188066
94.334	0.18759
94.3726	0.186155
94.4108	0.188836
94.4493	0.188049
94.4874	0.190267
94.5261	0.187975
94.5649	0.187209
94.6031	0.189652
94.642	0.186556
94.6804	0.18894
94.7192	0.187928
94.7576	0.190362
94.7968	0.186577
94.8356	0.189307
94.8746	0.188561
94.913	0.19185
94.9518	0.190188
94.9912	0.187803
95.0294	0.194716
95.0688	0.189551
95.1079	0.19087
95.1466	0.19328
95.1855	0.19141
95.2253	0.187126
95.2641	0.191742
95.3028	0.191622
95.3424	0.186665
95.3813	0.189614
95.4207	0.188928
95.4595	0.192289
95.4986	0.192344
95.5382	0.190653
95.5775	0.193109
95.617	0.192983
95.6571	0.189872
95.696	0.19531
95.7355	0.192696
95.7748	0.193267
95.8144	0.191693
95.8536	0.194036
95.8938	0.189424
95.9333	0.193255
95.9727	0.194404
96.0123	0.193815
96.0517	0.195733
96.0913	0.194762
96.131	0.194491
96.171	0.192917
96.2107	0.194136
96.25	0.195848
96.2906	0.190227
96.3303	0.194516
96.3707	0.191777
96.4096	0.19997
96.4499	0.192957
96.4898	0.195719
96.53	0.19433
96.5691	0.19961
96.6097	0.192995
96.6502	0.193633
96.6902	0.197605
96.73	0.199422
96.7701	0.198193
96.8103	0.197473
96.8502	0.198445
96.8912	0.192731
96.9309	0.19818
96.9713	0.194257
97.0114	0.19551
97.0519	0.194085
97.0922	0.195561
97.1322	0.198519
97.1728	0.196367
97.213	0.198393
97.253	0.19974
97.2939	0.195703
97.3342	0.199664
97.3754	0.195891
97.4158	0.200342
97.4558	0.201748
97.496	0.200386
97.5365	0.19922
97.5771	0.199049
97.6178	0.19919
97.6587	0.198181
97.6992	0.200203
97.7397	0.200979
97.7801	0.201602
97.8213	0.197727
97.8613	0.20299
97.9025	0.197038
97.943	0.201508
97.9839	0.200645
98.0248	0.201701
98.0654	0.203208
98.1065	0.200995
98.1474	0.201703
98.1876	0.205033
98.2289	0.199979
98.2698	0.201877
98.3107	0.202129
98.3515	0.202612
98.3925	0.200803
98.4335	0.200098
98.4739	0.202954
98.5149	0.20035
98.5558	0.201757
98.5972	0.200074
98.6378	0.203977
98.679	0.201168
98.7203	0.200678
98.7612	0.203152
98.8026	0.202095
98.8435	0.205918
98.8852	0.203042
98.9265	0.205669
98.9675	0.207781
99.0082	0.209274
99.0499	0.204907
99.0908	0.209635
99.1324	0.206536
99.1734	0.210122
99.215	0.207526
99.2561	0.209635
99.2975	0.207449
99.3386	0.208801
99.3801	0.207327
99.4216	0.206963
99.4626	0.209744
99.5043	0.206747
99.5461	0.205845
99.5882	0.204543
99.6291	0.209591
99.6707	0.206682
99.7123	0.208817
99.7534	0.212067
99.7951	0.209897
99.8366	0.209562
99.8784	0.20839
99.9202	0.208416
99.9615	0.210499
100.003	0.211104
100.045	0.206788
100.087	0.209595
100.128	0.20986
100.17	0.209501
100.212	0.210073
100.253	0.211965
100.295	0.211555
100.337	0.211315
100.378	0.215708
100.421	0.205913
100.463	0.211651
100.504	0.211538
100.546	0.210712
100.588	0.207687
100.63	0.21067
100.672	0.210731
100.714	0.209228
100.756	0.212629
100.798	0.213124
100.84	0.21143
100.882	0.213774
100.923	0.214639
100.966	0.212693
101.007	0.216123
101.049	0.214242
101.092	0.209974
101.134	0.215272
101.176	0.215218
101.218	0.212031
101.261	0.21091
101.302	0.217358
101.345	0.211703
101.387	0.212834
101.429	0.213112
101.472	0.21236
101.513	0.216258
101.556	0.212345
101.599	0.215145
101.64	0.218474
101.683	0.217993
101.725	0.21545
101.767	0.219331
101.809	0.218545
101.852	0.214851
101.894	0.219714
101.936	0.215215
101.979	0.214535
102.021	0.219754
102.063	0.217162
102.106	0.217382
102.148	0.217799
102.191	0.216014
102.233	0.220564
102.275	0.221331
102.319	0.212849
102.361	0.219131
102.403	0.220463
102.446	0.217786
102.489	0.219469
102.531	0.219525
102.574	0.220769
102.617	0.21633
102.66	0.21886
102.702	0.21972
102.745	0.219101
102.787	0.220791
102.83	0.218057
102.872	0.223413
102.915	0.219567
102.958	0.218385
103.001	0.220067
103.044	0.221314
103.087	0.219536
103.13	0.222194
103.172	0.222062
103.215	0.220154
103.258	0.221468
103.301	0.218537
103.344	0.218829
103.386	0.222939
103.429	0.218597
103.471	0.22524
103.515	0.220217
103.558	0.221599
103.601	0.221449
103.644	0.220215
103.687	0.224683
103.73	0.224276
103.773	0.22386
103.815	0.228049
103.859	0.222836
103.902	0.22294
103.945	0.224943
103.988	0.226055
104.031	0.221318
104.074	0.225213
104.117	0.223031
104.16	0.225281
104.203	0.22866
104.246	0.22344
104.29	0.221828
104.333	0.224916
104.375	0.228585
104.418	0.228194
104.462	0.225713
104.505	0.228607
104.548	0.226641
104.591	0.226213
104.635	0.225904
104.678	0.226938
104.721	0.229614
104.765	0.224764
104.808	0.229211
104.851	0.225529
104.894	0.230959
104.937	0.232524
104.98	0.229546
105.024	0.227442
105.067	0.228668
105.111	0.228089
105.155	0.228578
105.198	0.227944
105.241	0.228262
105.285	0.226625
105.328	0.228011
105.371	0.230795
105.415	0.228564
105.459	0.226761
105.502	0.232255
105.546	0.230081
105.589	0.232909
105.633	0.231436
105.677	0.230269
105.72	0.233352
105.763	0.232025
105.807	0.230239
105.851	0.229658
105.895	0.231636
105.938	0.231456
105.982	0.233708
106.026	0.230659
106.069	0.234178
106.113	0.229279
106.157	0.23538
106.2	0.235807
106.244	0.233342
106.288	0.230586
106.331	0.232853
106.375	0.233305
106.419	0.230758
106.463	0.231025
106.506	0.238159
106.55	0.231407
106.594	0.23549
106.637	0.238644
106.681	0.231109
106.725	0.238607
106.769	0.23176
106.813	0.238991
106.856	0.237659
106.9	0.237707
106.944	0.237445
106.988	0.236064
107.031	0.237286
107.075	0.23582
107.12	0.235039
107.163	0.238478
107.207	0.238762
107.251	0.233415
107.295	0.237832
107.339	0.236281
107.382	0.240656
107.426	0.236662
107.47	0.239062
107.515	0.237116
107.558	0.243539
107.602	0.236956
107.647	0.236495
107.691	0.237445
107.734	0.242902
107.779	0.236614
107.822	0.241655
107.866	0.240779
107.91	0.241329
107.954	0.240226
107.998	0.238849
108.042	0.243046
108.087	0.24091
108.131	0.241135
108.174	0.242785
108.219	0.237191
108.264	0.237068
108.307	0.243351
108.352	0.23722
108.396	0.241789
108.44	0.240977
108.485	0.237858
108.529	0.241384
108.573	0.2406
108.617	0.244451
108.662	0.241795
108.706	0.242916
108.75	0.2458
108.795	0.238743
108.838	0.245581
108.883	0.243804
108.927	0.244529
108.972	0.239247
109.016	0.243053
109.06	0.244922
109.104	0.244551
109.149	0.242393
109.193	0.245292
109.237	0.245894
109.281	0.246904
109.327	0.240042
109.37	0.249707
109.415	0.243963
109.459	0.24445
109.504	0.247295
109.548	0.243756
109.593	0.246486
109.637	0.24693
109.681	0.248446
109.726	0.247071
109.771	0.244242
109.814	0.251675
109.859	0.245466
109.903	0.252264
109.948	0.246721
109.993	0.247702
110.038	0.246463
110.082	0.250108
110.126	0.253408
110.171	0.245278
110.215	0.250865
110.26	0.246547
110.304	0.252175
110.349	0.246748
110.393	0.250267
110.437	0.248014
110.482	0.247438
110.527	0.249452
110.571	0.250126
110.616	0.250186
110.66	0.254488
110.705	0.251412
110.75	0.251952
110.794	0.252694
110.839	0.249004
110.883	0.25261
110.928	0.250635
110.973	0.252268
111.018	0.250175
111.063	0.250202
111.107	0.253747
111.152	0.249158
111.196	0.255543
111.241	0.253853
111.286	0.252083
111.332	0.250777
111.376	0.257167
111.421	0.253986
111.465	0.253819
111.51	0.249569
111.555	0.252565
111.6	0.250372
111.645	0.252251
111.69	0.254026
111.735	0.254628
111.779	0.256458
111.824	0.254878
111.869	0.25566
111.914	0.252729
111.959	0.260771
112.004	0.253932
112.048	0.260095
112.094	0.252808
112.138	0.254944
112.184	0.254126
112.229	0.256038
112.274	0.253596
112.318	0.260154
112.363	0.255211
112.408	0.256062
112.453	0.261335
112.498	0.257388
112.543	0.255223
112.588	0.255326
112.633	0.260108
112.677	0.260924
112.723	0.252806
112.768	0.258888
112.813	0.256194
112.858	0.25846
112.903	0.255966
112.948	0.256742
112.993	0.255481
113.038	0.253265
113.083	0.259407
113.128	0.255297
113.173	0.260337
113.218	0.259035
113.263	0.256616
113.309	0.255492
113.354	0.259401
113.399	0.258291
113.444	0.259597
113.49	0.255273
113.534	0.262208
113.58	0.256686
113.624	0.266259
113.669	0.25951
113.714	0.263525
113.76	0.259309
113.805	0.266781
113.849	0.265666
113.895	0.262046
113.939	0.269677
113.985	0.261762
114.03	0.263849
114.075	0.265452
114.12	0.262417
114.166	0.263245
114.211	0.262703
114.256	0.266052
114.301	0.266123
114.346	0.262495
114.391	0.263783
114.437	0.263194
114.482	0.264968
114.527	0.265434
114.572	0.265358
114.618	0.26418
114.663	0.265078
114.708	0.265266
114.753	0.26645
114.799	0.263902
114.844	0.262862
114.89	0.263439
114.934	0.267605
114.98	0.262016
115.025	0.265339
115.071	0.265293
115.116	0.266669
115.162	0.2665
115.207	0.268561
115.252	0.265053
115.297	0.268295
115.343	0.264801
115.388	0.266916
115.433	0.266984
115.478	0.268106
115.524	0.268715
115.569	0.265605
115.615	0.26906
115.66	0.267841
115.705	0.271712
115.751	0.268628
115.796	0.27229
115.841	0.271874
115.886	0.271098
115.932	0.268456
115.978	0.268675
116.023	0.269344
116.068	0.274085
116.114	0.268426
116.159	0.270839
116.204	0.268827
116.25	0.270578
116.295	0.274337
116.34	0.27218
116.386	0.270936
116.431	0.274196
116.477	0.270427
116.523	0.272647
116.568	0.273296
116.613	0.274668
116.659	0.270074
116.704	0.274291
116.75	0.271416
116.795	0.273358
116.841	0.272388
116.886	0.273274
116.931	0.277449
116.977	0.272331
117.023	0.268537
117.068	0.27754
117.114	0.274082
117.159	0.27298
117.205	0.2762
117.251	0.270679
117.296	0.276451
117.342	0.274137
117.387	0.275962
117.432	0.275489
117.479	0.272207
117.524	0.273182
117.57	0.278174
117.615	0.275571
117.661	0.277165
117.707	0.277866
117.752	0.276316
117.798	0.276885
117.844	0.274435
117.89	0.276233
117.935	0.278206
117.98	0.277046
118.026	0.274455
118.072	0.276924
118.118	0.272293
118.163	0.278655
118.209	0.275402
118.255	0.277916
118.3	0.279419
118.346	0.278
118.392	0.278638
118.437	0.281498
118.483	0.278328
118.529	0.275052
118.574	0.281991
118.62	0.277683
118.666	0.27563
118.711	0.281931
118.757	0.275578
118.803	0.277515
118.848	0.279646
118.894	0.27657
118.94	0.277551
118.986	0.276202
119.031	0.281871
119.077	0.280934
119.123	0.282502
119.169	0.278057
119.214	0.283797
119.261	0.277678
119.305	0.28758
119.351	0.281224
119.397	0.28109
119.443	0.282141
119.488	0.283844
119.535	0.279886
119.58	0.284734
119.626	0.280495
119.671	0.282813
119.717	0.281313
119.763	0.282554
119.808	0.287773
119.854	0.28705
119.9	0.282398
119.945	0.289027
119.991	0.283526
120.036	0.285073
120.083	0.281898
120.128	0.286549
120.174	0.28473
120.22	0.283892
120.265	0.287759
120.311	0.287833
120.357	0.284896
120.403	0.287425
120.449	0.28498
120.495	0.286117
120.541	0.284591
120.587	0.284469
120.633	0.286452
120.678	0.288652
120.725	0.284082
120.77	0.290975
120.816	0.286294
120.862	0.286089
120.907	0.29129
120.953	0.290812
120.999	0.287034
121.045	0.289742
121.091	0.286726
121.136	0.293159
121.182	0.29019
121.228	0.285876
121.275	0.287414
121.321	0.288949
121.366	0.289124
121.412	0.288965
121.458	0.292206
121.504	0.286127
121.55	0.290734
121.596	0.288976
121.641	0.294493
121.687	0.290249
121.733	0.291138
121.779	0.290323
121.825	0.292236
121.871	0.286675
121.917	0.293236
121.962	0.29487
122.008	0.290684
122.055	0.288423
122.1	0.291482
122.147	0.286963
122.192	0.295412
122.238	0.290864
122.284	0.29204
122.331	0.289262
122.377	0.291361
122.422	0.294947
122.468	0.293266
122.514	0.289091
122.56	0.29526
122.606	0.292452
122.652	0.29054
122.698	0.294567
122.744	0.296381
122.79	0.291207
122.836	0.295012
122.882	0.293958
122.928	0.298981
122.974	0.292895
123.02	0.293644
123.067	0.290337
123.112	0.29791
123.158	0.294441
123.204	0.291363
123.25	0.296291
123.296	0.293833
123.342	0.296699
123.389	0.293791
123.435	0.296702
123.481	0.295652
123.527	0.29198
123.574	0.294558
123.619	0.298909
123.666	0.295549
123.712	0.294699
123.758	0.295315
123.804	0.296152
123.85	0.298322
123.897	0.293567
123.943	0.298137
123.988	0.301276
124.035	0.295448
124.081	0.299677
124.128	0.296044
124.173	0.300842
124.22	0.29638
124.266	0.301622
124.312	0.301734
124.358	0.299079
124.405	0.298603
124.451	0.300383
124.497	0.300459
124.543	0.298993
124.589	0.301916
124.636	0.2998
124.682	0.300333
124.728	0.303019
124.774	0.303951
124.82	0.302867
124.867	0.298753
124.913	0.299533
124.959	0.303795
125.006	0.301634
125.052	0.299756
125.098	0.302573
125.145	0.299301
125.191	0.303683
125.237	0.299308
125.283	0.311495
125.33	0.298292
125.376	0.305758
125.423	0.299872
125.469	0.305539
125.515	0.306505
125.562	0.30301
125.607	0.309769
125.654	0.305912
125.7	0.303798
125.747	0.303524
125.793	0.301938
125.839	0.307479
125.886	0.3001
125.932	0.305667
125.978	0.308142
126.025	0.30571
126.07	0.30915
126.117	0.304259
126.163	0.307282
126.21	0.30662
126.257	0.303371
126.303	0.312165
126.349	0.304927
126.396	0.306369
126.442	0.30614
126.489	0.302877
126.535	0.30815
126.582	0.305349
126.628	0.308855
126.674	0.31143
126.721	0.306881
126.767	0.308046
126.814	0.308065
126.86	0.31101
126.907	0.307211
126.953	0.310393
126.999	0.309287
127.045	0.310827
127.093	0.299677
127.139	0.31493
127.186	0.308378
127.232	0.311309
127.278	0.309461
127.325	0.309348
127.371	0.316017
127.418	0.30706
127.464	0.311226
127.51	0.31509
127.557	0.308772
127.604	0.309258
127.65	0.313157
127.697	0.310418
127.743	0.312747
127.79	0.311087
127.836	0.313609
127.883	0.313386
127.929	0.30992
127.976	0.311283
128.022	0.313712
128.068	0.314386
128.116	0.307913
128.162	0.314192
128.209	0.311572
128.255	0.319802
128.301	0.311019
128.348	0.313483
128.394	0.314308
128.441	0.312174
128.487	0.314762
128.535	0.308877
128.581	0.315026
128.627	0.313658
128.674	0.312824
128.72	0.314843
128.768	0.308683
128.814	0.314528
128.86	0.316455
128.907	0.315703
128.953	0.318149
129	0.314577
129.046	0.314787
129.093	0.312515
129.141	0.310414
129.187	0.318857
129.233	0.313759
129.28	0.314373
129.327	0.316204
129.372	0.319629
129.42	0.311556
129.466	0.316557
129.513	0.308819
129.56	0.318365
129.608	0.308832
129.653	0.323546
129.701	0.312298
129.748	0.314274
129.794	0.317959
129.841	0.316566
129.888	0.316033
129.934	0.317747
129.981	0.317466
130.028	0.3192
130.075	0.314298
130.121	0.317882
130.168	0.319256
130.215	0.317715
130.261	0.321817
130.308	0.316706
130.354	0.324304
130.401	0.31575
130.448	0.318786
130.495	0.321217
130.542	0.315368
130.589	0.318906
130.635	0.323004
130.682	0.317785
130.729	0.319226
130.776	0.319687
130.823	0.320779
130.869	0.324989
130.917	0.320032
130.963	0.324849
131.01	0.324328
131.057	0.32348
131.104	0.320306
131.151	0.321212
131.197	0.327027
131.244	0.321813
131.291	0.3239
131.338	0.323787
131.385	0.319686
131.432	0.326207
131.478	0.323346
131.525	0.324517
131.572	0.326515
131.619	0.325142
131.666	0.323622
131.712	0.330106
131.759	0.326154
131.806	0.325282
131.854	0.324437
131.9	0.329369
131.947	0.325675
131.994	0.324579
132.04	0.335291
132.087	0.32914
132.135	0.32088
132.182	0.328812
132.228	0.331115
132.276	0.324798
132.322	0.328187
132.369	0.332547
132.415	0.329247
132.464	0.321568
132.51	0.335214
132.556	0.33225
132.604	0.327214
132.65	0.334248
132.698	0.329156
132.744	0.333916
132.791	0.333495
132.838	0.333991
132.885	0.330249
132.932	0.331757
132.979	0.332215
133.026	0.331339
133.072	0.338038
133.12	0.328536
133.167	0.332072
133.213	0.337543
133.26	0.335629
133.307	0.331591
133.354	0.337315
133.401	0.333524
133.448	0.33516
133.495	0.33241
133.542	0.338359
133.588	0.336062
133.635	0.332441
133.682	0.335469
133.729	0.333157
133.776	0.333062
133.823	0.336344
133.87	0.332578
133.916	0.342937
133.964	0.33104
134.011	0.33438
134.058	0.336433
134.104	0.340844
134.151	0.336281
134.198	0.338851
134.245	0.335802
134.292	0.336039
134.34	0.336279
134.386	0.339116
134.433	0.341916
134.48	0.334779
134.528	0.332257
134.575	0.336434
134.621	0.340256
134.669	0.334248
134.715	0.344507
134.762	0.338115
134.809	0.338457
134.856	0.342321
134.904	0.338436
134.951	0.342197
134.998	0.340749
135.045	0.341902
135.091	0.343637
135.139	0.337069
135.186	0.339675
135.233	0.342093
135.28	0.339444
135.327	0.343139
135.374	0.341297
135.422	0.339608
135.469	0.340734
135.516	0.33994
135.563	0.346881
135.611	0.338626
135.658	0.341699
135.705	0.339029
135.753	0.342959
135.8	0.340483
135.847	0.340838
135.894	0.345795
135.942	0.337118
135.988	0.35094
136.036	0.336249
136.083	0.344753
136.13	0.344756
136.177	0.347857
136.225	0.342138
136.272	0.34552
136.319	0.345243
136.366	0.344666
136.413	0.345103
136.461	0.345196
136.508	0.34108
136.556	0.343375
136.602	0.351423
136.649	0.345983
136.697	0.342649
136.745	0.346381
136.792	0.349472
136.839	0.347415
136.886	0.347673
136.934	0.344188
136.98	0.352192
137.028	0.34621
137.076	0.343187
137.122	0.354365
137.17	0.345774
137.218	0.342206
137.264	0.351371
137.312	0.346206
137.359	0.350267
137.406	0.353436
137.454	0.344702
137.501	0.348707
137.549	0.346527
137.595	0.353233
137.643	0.348315
137.69	0.347405
137.738	0.347924
137.785	0.348376
137.832	0.350376
137.88	0.345303
137.927	0.352839
137.974	0.351834
138.021	0.352318
138.069	0.351207
138.116	0.3566
138.163	0.349036
138.211	0.348696
138.258	0.353402
138.306	0.349481
138.353	0.355842
138.401	0.347569
138.448	0.349332
138.496	0.350852
138.543	0.353542
138.59	0.35322
138.638	0.350921
138.685	0.354285
138.733	0.352175
138.78	0.354943
138.828	0.347337
138.876	0.353239
138.923	0.353337
138.97	0.357528
139.018	0.351007
139.065	0.351513
139.113	0.352113
139.16	0.352715
139.208	0.352586
139.255	0.357321
139.302	0.353263
139.35	0.355634
139.397	0.355582
139.445	0.352375
139.492	0.354422
139.54	0.355066
139.587	0.354379
139.635	0.35658
139.682	0.352841
139.73	0.354397
139.777	0.35779
139.825	0.352876
139.872	0.356204
139.919	0.357279
139.967	0.355225
140.015	0.355962
140.062	0.358653
140.109	0.360629
140.157	0.357599
140.205	0.355556
140.252	0.358166
140.3	0.356565
140.347	0.357218
140.394	0.361965
140.442	0.360061
140.489	0.36024
140.537	0.358242
140.584	0.36027
140.631	0.361751
140.679	0.360514
140.727	0.356112
140.774	0.363418
140.821	0.361569
140.869	0.358715
140.916	0.362509
140.963	0.364386
141.01	0.361878
141.058	0.364172
141.105	0.359234
141.153	0.365374
141.201	0.358155
141.248	0.365573
141.295	0.362698
141.343	0.361247
141.39	0.366333
141.438	0.361514
141.485	0.362094
141.533	0.363548
141.58	0.366414
141.628	0.360478
141.675	0.367825
141.722	0.362387
141.77	0.363901
141.817	0.364642
141.865	0.35956
141.912	0.368544
141.96	0.365209
142.007	0.365528
142.055	0.361353
142.103	0.361617
142.15	0.367767
142.197	0.367852
142.245	0.358947
142.292	0.369131
142.34	0.362363
142.387	0.367587
142.435	0.367098
142.482	0.36301
142.53	0.366161
142.578	0.365189
142.625	0.366399
142.673	0.367663
142.72	0.367449
142.768	0.36626
142.816	0.363429
142.863	0.368884
142.911	0.365826
142.958	0.367182
143.006	0.364048
143.053	0.373447
143.1	0.369351
143.148	0.367538
143.196	0.36794
143.244	0.36794
143.291	0.367961
143.339	0.369105
143.387	0.364294
143.434	0.369028
143.482	0.367228
143.529	0.368919
143.577	0.367301
143.625	0.367241
143.673	0.368225
143.72	0.374138
143.768	0.370507
143.816	0.367579
143.864	0.369501
143.911	0.373068
143.959	0.372182
144.006	0.374401
144.054	0.371587
144.102	0.368494
144.149	0.371775
144.197	0.374622
144.244	0.373557
144.292	0.369428
144.34	0.373249
144.388	0.371419
144.435	0.379102
144.483	0.373505
144.531	0.370529
144.578	0.375903
144.626	0.372779
144.674	0.376468
144.722	0.371224
144.77	0.373095
144.818	0.371627
144.866	0.374395
144.914	0.369992
144.961	0.381337
145.008	0.376212
145.057	0.369865
145.105	0.376333
145.152	0.378519
145.2	0.372965
145.247	0.383011
145.295	0.373711
145.344	0.374655
145.391	0.379261
145.439	0.374032
145.487	0.379105
145.535	0.373012
145.583	0.37571
145.63	0.378141
145.678	0.38154
145.725	0.378783
145.774	0.376575
145.822	0.374551
145.869	0.384607
145.918	0.373372
145.965	0.384074
146.012	0.386048
146.061	0.371555
146.108	0.38472
146.156	0.381882
146.203	0.382711
146.251	0.376071
146.299	0.381169
146.347	0.382348
146.394	0.383565
146.442	0.379764
146.489	0.389733
146.537	0.381219
146.584	0.383887
146.633	0.37595
146.68	0.38952
146.728	0.382559
146.775	0.383523
146.823	0.380592
146.871	0.384099
146.919	0.382418
146.967	0.384805
147.014	0.386051
147.062	0.382364
147.11	0.386405
147.157	0.385385
147.205	0.386002
147.253	0.386583
147.3	0.385171
147.348	0.381663
147.396	0.384716
147.443	0.3883
147.492	0.378215
147.539	0.385418
147.587	0.386011
147.635	0.387106
147.683	0.380341
147.73	0.388214
147.779	0.380006
147.827	0.385189
147.875	0.380739
147.922	0.390314
147.97	0.388319
148.018	0.388851
148.066	0.385532
148.114	0.384332
148.162	0.387434
148.209	0.392267
148.257	0.385061
148.305	0.386296
148.352	0.393904
148.401	0.382495
148.449	0.390712
148.497	0.384847
148.544	0.393635
148.592	0.393229
148.641	0.381441
148.688	0.392824
148.736	0.387942
148.784	0.393839
148.831	0.393193
148.88	0.3848
148.927	0.391776
148.975	0.386941
149.023	0.388286
149.071	0.390255
149.119	0.391873
149.167	0.395668
149.215	0.384748
149.262	0.400173
149.311	0.386092
149.359	0.395214
149.407	0.394467
149.455	0.392657
149.503	0.393376
149.551	0.393953
149.598	0.396528
149.646	0.390989
149.694	0.395003
149.743	0.390459
149.79	0.396925
149.838	0.394344
149.886	0.395742
149.934	0.397439
149.983	0.387673
150.031	0.396026
150.079	0.395758
150.126	0.397073
150.175	0.39364
150.222	0.399276
150.271	0.390892
150.317	0.404361
150.366	0.389373
150.414	0.39448
150.463	0.394103
150.51	0.396851
150.558	0.396399
150.607	0.392257
150.656	0.392137
150.703	0.396825
150.751	0.403197
150.799	0.391101
150.847	0.398876
150.895	0.397245
150.944	0.392451
150.992	0.398497
151.04	0.402005
151.088	0.398072
151.136	0.397425
151.184	0.397267
151.232	0.399083
151.281	0.395492
151.328	0.402166
151.376	0.400198
151.425	0.396672
151.473	0.396837
151.521	0.404736
151.569	0.396768
151.617	0.402568
151.665	0.401089
151.713	0.399853
151.762	0.395675
151.81	0.40551
151.858	0.403943
151.906	0.39999
151.954	0.403313
152.002	0.404304
152.05	0.403428
152.099	0.398008
152.147	0.40255
152.195	0.400729
152.243	0.405918
152.291	0.400848
152.339	0.406495
152.388	0.400416
152.436	0.402853
152.483	0.406916
152.532	0.400266
152.58	0.40283
152.628	0.406678
152.676	0.400635
152.724	0.406518
152.772	0.404727
152.82	0.409767
152.869	0.398859
152.916	0.410892
152.965	0.398832
153.013	0.40582
153.061	0.406897
153.109	0.407372
153.158	0.404003
153.205	0.410065
153.254	0.40212
153.302	0.407986
153.35	0.406831
153.399	0.405412
153.447	0.405702
153.495	0.405564
153.543	0.409203
153.591	0.411967
153.639	0.401652
153.687	0.409117
153.737	0.39903
153.784	0.41376
153.832	0.409622
153.881	0.408209
153.929	0.406636
153.978	0.407552
154.026	0.408441
154.074	0.414578
154.123	0.40332
154.171	0.411754
154.219	0.408702
154.267	0.411418
154.316	0.403741
154.364	0.410589
154.412	0.411123
154.46	0.411554
154.509	0.407371
154.557	0.41032
154.605	0.416379
154.653	0.413566
154.702	0.407126
154.75	0.414177
154.798	0.413721
154.847	0.40821
154.895	0.41122
154.943	0.413275
154.991	0.411832
155.04	0.41161
155.088	0.410934
155.137	0.413553
155.185	0.410906
155.234	0.412801
155.282	0.417436
155.33	0.415062
155.377	0.420375
155.427	0.40297
155.475	0.415743
155.524	0.410881
155.572	0.416686
155.62	0.410005
155.669	0.413978
155.716	0.422456
155.765	0.407424
155.813	0.420319
155.862	0.41311
155.91	0.419268
155.958	0.415083
156.007	0.407367
156.055	0.419829
156.104	0.4118
156.152	0.418091
156.2	0.41603
156.248	0.415996
156.297	0.41273
156.345	0.421828
156.394	0.409896
156.442	0.422116
156.49	0.420485
156.538	0.420795
156.587	0.412293
156.636	0.416581
156.684	0.418344
156.732	0.419435
156.781	0.416667
156.83	0.414005
156.877	0.421332
156.926	0.417524
156.974	0.414526
157.023	0.417276
157.071	0.421986
157.12	0.413972
157.168	0.42153
157.217	0.414494
157.265	0.42373
157.314	0.410021
157.362	0.420288
157.411	0.415703
157.459	0.421346
157.507	0.424256
157.555	0.419053
157.604	0.421515
157.653	0.416389
157.701	0.422974
157.749	0.421853
157.798	0.420877
157.847	0.418041
157.895	0.423805
157.943	0.427697
157.991	0.418816
158.04	0.42264
158.088	0.421981
158.136	0.422977
158.185	0.42064
158.233	0.425744
158.282	0.421314
158.33	0.426071
158.378	0.427539
158.427	0.41868
158.475	0.428865
158.523	0.429491
158.572	0.421692
158.621	0.424187
158.669	0.423388
158.718	0.425921
158.766	0.425476
158.814	0.425631
158.863	0.423474
158.911	0.425025
158.96	0.42476
159.008	0.426108
159.056	0.427354
159.104	0.427825
159.153	0.426072
159.201	0.429393
159.25	0.424965
159.298	0.424088
159.346	0.432469
159.395	0.426039
159.443	0.431981
159.491	0.426699
159.54	0.423662
159.589	0.42377
159.637	0.430643
159.686	0.42185
159.734	0.432663
159.783	0.424985
159.831	0.427731
159.879	0.431025
159.928	0.427984
159.976	0.431523
160.025	0.426265
160.074	0.426446
160.122	0.42888
160.171	0.425325
160.219	0.433095
160.268	0.425728
160.316	0.430773
160.364	0.432152
160.413	0.431546
160.461	0.426238
160.509	0.435757
160.558	0.427182
160.606	0.435858
160.655	0.428903
160.703	0.438431
160.752	0.425355
160.8	0.430423
160.849	0.429405
160.898	0.431505
160.946	0.431341
160.994	0.434659
161.043	0.428145
161.091	0.434988
161.14	0.433524
161.188	0.431901
161.237	0.433814
161.285	0.430785
161.334	0.433
161.382	0.435061
161.431	0.433664
161.479	0.438065
161.527	0.43208
161.576	0.431149
161.624	0.437822
161.673	0.429952
161.722	0.433387
161.77	0.440516
161.818	0.431642
161.866	0.442744
161.915	0.435471
161.963	0.432691
162.012	0.435567
162.06	0.435864
162.109	0.440461
162.157	0.432671
162.206	0.434243
162.255	0.437888
162.303	0.440655
162.351	0.435018
162.399	0.440725
162.448	0.433959
162.496	0.438712
162.545	0.437084
162.593	0.439479
162.641	0.44641
162.69	0.43445
162.739	0.435396
162.787	0.43748
162.836	0.43796
162.884	0.44075
162.933	0.435277
162.981	0.444158
163.029	0.440328
163.078	0.435052
163.126	0.442337
163.175	0.440294
163.224	0.437212
163.272	0.442304
163.321	0.438666
163.369	0.439459
163.418	0.441302
163.466	0.444824
163.515	0.434035
163.563	0.440528
163.612	0.442972
163.66	0.439105
163.709	0.443319
163.757	0.443836
163.806	0.440703
163.854	0.445324
163.903	0.438621
163.952	0.43968
164	0.447562
164.048	0.441589
164.097	0.443578
164.146	0.438975
164.194	0.448126
164.242	0.446426
164.29	0.44437
164.339	0.442262
164.388	0.438796
164.436	0.449063
164.485	0.439883
164.533	0.447473
164.581	0.448988
164.631	0.438857
164.679	0.446783
164.728	0.443609
164.776	0.449919
164.824	0.449407
164.872	0.445814
164.921	0.443984
164.969	0.448542
165.018	0.447815
165.066	0.451033
165.115	0.442935
165.163	0.449139
165.212	0.446138
165.26	0.450544
165.309	0.443394
165.356	0.452679
165.405	0.448626
165.454	0.445952
165.502	0.450021
165.55	0.450601
165.599	0.444572
165.646	0.460183
165.695	0.446646
165.743	0.453127
165.792	0.447002
165.84	0.45273
165.889	0.450135
165.937	0.447722
165.985	0.454223
166.034	0.4476
166.083	0.448059
166.131	0.450956
166.179	0.450537
166.228	0.45431
166.276	0.449425
166.325	0.452255
166.373	0.45202
166.421	0.458052
166.47	0.44465
166.518	0.454414
166.567	0.452037
166.615	0.456445
166.664	0.449176
166.712	0.454611
166.76	0.454597
166.809	0.451589
166.857	0.453756
166.905	0.456831
166.954	0.449415
167.003	0.454279
167.051	0.457263
167.099	0.45208
167.147	0.458775
167.196	0.448006
167.245	0.453593
167.293	0.458514
167.341	0.450738
167.39	0.453156
167.438	0.45466
167.487	0.451333
167.535	0.453337
167.584	0.454782
167.632	0.457064
167.68	0.456059
167.729	0.453911
167.778	0.450571
167.826	0.460622
167.875	0.453369
167.923	0.451589
167.971	0.458369
168.02	0.45194
168.069	0.454302
168.117	0.457434
168.166	0.455465
168.215	0.45049
168.263	0.457998
168.311	0.459215
168.36	0.453253
168.409	0.456293
168.457	0.455597
168.506	0.455522
168.554	0.458318
168.603	0.456867
168.652	0.453726
168.7	0.455302
168.748	0.459708
168.797	0.454601
168.845	0.460592
168.894	0.457546
168.943	0.456516
168.992	0.456346
169.04	0.458348
169.089	0.456271
169.137	0.465085
169.186	0.455976
169.235	0.456092
169.283	0.45779
169.332	0.45941
169.381	0.456444
169.429	0.460354
169.478	0.458004
169.527	0.458704
169.576	0.453705
169.624	0.461201
169.673	0.464031
169.721	0.463038
169.77	0.453936
169.819	0.461801
169.867	0.459252
169.916	0.458272
169.965	0.458234
170.014	0.462702
170.062	0.459968
170.111	0.462595
170.159	0.461481
170.208	0.45764
170.257	0.463329
170.305	0.465687
170.354	0.464331
170.403	0.460864
170.452	0.453614
170.501	0.466912
170.549	0.461871
170.598	0.460992
170.646	0.46842
170.696	0.453476
170.744	0.46619
170.793	0.45929
170.842	0.466563
170.89	0.461697
170.939	0.464002
170.988	0.467216
171.036	0.466717
171.085	0.46428
171.134	0.464613
171.182	0.466659
171.231	0.462664
171.28	0.463324
171.329	0.463307
171.377	0.465743
171.426	0.471747
171.475	0.46257
171.523	0.465567
171.571	0.472135
171.621	0.457876
171.669	0.475829
171.718	0.461575
171.767	0.469443
171.815	0.469283
171.864	0.464874
171.913	0.470097
171.961	0.473116
172.01	0.463568
172.058	0.471435
172.107	0.469148
172.156	0.465779
172.204	0.471149
172.253	0.467794
172.301	0.471613
172.35	0.467068
172.399	0.466384
172.447	0.477532
172.496	0.466867
172.545	0.4678
172.594	0.475349
172.643	0.466685
172.691	0.475075
172.739	0.475565
172.788	0.471248
172.836	0.470544
172.885	0.47132
172.934	0.474582
172.982	0.476509
173.031	0.470189
173.079	0.475479
173.128	0.474451
173.177	0.469499
173.225	0.478928
173.273	0.473631
173.322	0.477465
173.37	0.476671
173.418	0.476662
173.467	0.471469
173.516	0.470246
173.564	0.479348
173.613	0.471232
173.662	0.476326
173.71	0.476723
173.759	0.473484
173.807	0.476903
173.856	0.474795
173.905	0.476217
173.952	0.482642
174.001	0.472421
174.05	0.478867
174.098	0.474549
174.147	0.473482
174.195	0.482445
174.244	0.474066
174.292	0.479777
174.341	0.476068
174.389	0.480299
174.438	0.474582
174.487	0.470507
174.536	0.480921
174.584	0.480187
174.632	0.48123
174.681	0.474043
174.73	0.474846
174.778	0.480946
174.827	0.473264
174.876	0.479234
174.924	0.477781
174.973	0.476327
175.021	0.484457
175.07	0.475008
175.119	0.480623
175.167	0.476309
175.216	0.481202
175.265	0.471553
175.313	0.487801
175.362	0.478603
175.411	0.474812
175.459	0.477106
175.507	0.487162
175.557	0.466952
175.606	0.478024
175.655	0.478297
175.703	0.477738
175.752	0.481273
175.801	0.480178
175.849	0.479184
175.898	0.484337
175.946	0.479773
175.995	0.478204
176.044	0.478217
176.093	0.47451
176.142	0.483997
176.191	0.479471
176.238	0.489064
176.288	0.474628
176.337	0.48143
176.385	0.481557
176.434	0.481794
176.483	0.478954
176.532	0.479861
176.581	0.485956
176.63	0.475569
176.679	0.483215
176.727	0.483039
176.776	0.483035
176.825	0.484041
176.874	0.475022
176.923	0.48271
176.972	0.483977
177.02	0.488436
177.069	0.47879
177.118	0.487165
177.167	0.48074
177.216	0.485278
177.265	0.482525
177.314	0.480692
177.362	0.488895
177.411	0.483231
177.46	0.482881
177.509	0.484624
177.558	0.481276
177.607	0.487914
177.655	0.488832
177.705	0.481247
177.753	0.492187
177.802	0.48618
177.85	0.488494
177.899	0.48385
177.948	0.489015
177.996	0.49056
178.046	0.482755
178.094	0.488183
178.143	0.488766
178.192	0.486401
178.241	0.487232
178.29	0.489886
178.338	0.487039
178.388	0.486047
178.436	0.488866
178.485	0.490701
178.534	0.488324
178.582	0.490743
178.631	0.486981
178.68	0.490389
178.729	0.487761
178.777	0.495922
178.826	0.494025
178.875	0.486872
178.923	0.496911
178.972	0.49095
179.021	0.490589
179.07	0.493463
179.119	0.48956
179.167	0.496494
179.216	0.48664
179.265	0.494037
179.314	0.49053
179.362	0.498906
179.411	0.490463
179.46	0.486536
179.508	0.50124
179.557	0.492814
179.606	0.493944
179.655	0.493422
179.703	0.499922
179.752	0.494805
179.8	0.499108
179.849	0.488359
179.899	0.488931
179.946	0.504317
179.995	0.496932
180.044	0.492389
180.093	0.496063
180.141	0.494914
180.19	0.499435
180.239	0.492559
180.288	0.490652
180.337	0.493971
180.385	0.499211
180.434	0.497287
180.483	0.495301
180.531	0.496435
180.581	0.492195
180.629	0.494586
180.679	0.492784
180.727	0.502779
180.776	0.491426
180.824	0.498952
180.873	0.497265
180.922	0.49541
180.971	0.498096
181.02	0.490624
181.068	0.501414
181.117	0.499944
181.166	0.496014
181.215	0.499612
181.264	0.493872
181.312	0.508711
181.361	0.488179
181.41	0.49684
181.46	0.49358
181.508	0.507507
181.557	0.491728
181.606	0.500582
181.655	0.494481
181.703	0.505794
181.752	0.50207
181.802	0.486862
181.851	0.499078
181.9	0.495011
181.948	0.504442
181.997	0.49812
182.046	0.502448
182.095	0.497705
182.144	0.496367
182.193	0.499177
182.242	0.49759
182.291	0.499436
182.34	0.499333
182.389	0.498659
182.438	0.504161
182.487	0.495275
182.536	0.508026
182.585	0.497038
182.634	0.504699
182.683	0.499966
182.732	0.496212
182.781	0.50101
182.83	0.501259
182.879	0.503326
182.928	0.497702
182.977	0.498863
183.026	0.498948
183.074	0.511862
183.124	0.494551
183.173	0.507789
183.222	0.499888
183.271	0.503271
183.32	0.499674
183.369	0.504784
183.418	0.495495
183.467	0.508006
183.515	0.508293
183.565	0.49904
183.614	0.502814
183.663	0.505727
183.711	0.507
183.76	0.500329
183.81	0.502497
183.858	0.504938
183.908	0.498921
183.956	0.512647
184.005	0.508934
184.054	0.502076
184.103	0.507866
184.151	0.513466
184.201	0.494124
184.25	0.513627
184.299	0.503631
184.347	0.516363
184.396	0.501849
184.445	0.509621
184.494	0.503323
184.543	0.509077
184.592	0.503132
184.641	0.509973
184.691	0.499029
184.739	0.510468
184.788	0.51276
184.836	0.517031
184.885	0.506188
184.934	0.511221
184.983	0.502882
185.033	0.506188
185.081	0.510629
185.13	0.50967
185.179	0.509301
185.228	0.511558
185.276	0.513343
185.326	0.504525
185.374	0.516638
185.423	0.505118
185.473	0.509073
185.521	0.517437
185.57	0.508649
185.618	0.512899
185.668	0.50682
185.716	0.512076
185.765	0.509944
185.815	0.508123
185.864	0.510833
185.912	0.517228
185.96	0.51403
186.01	0.508095
186.059	0.511491
186.107	0.517393
186.157	0.502087
186.205	0.516083
186.254	0.507747
186.302	0.521459
186.352	0.504149
186.401	0.509884
186.45	0.507712
186.499	0.513549
186.548	0.514847
186.597	0.513458
186.646	0.511204
186.694	0.515744
186.743	0.510454
186.792	0.514457
186.842	0.509431
186.89	0.51718
186.939	0.510204
186.988	0.512219
187.037	0.513017
187.086	0.517869
187.135	0.514989
187.184	0.507783
187.233	0.520763
187.282	0.51179
187.331	0.510716
187.38	0.520801
187.429	0.509882
187.477	0.52584
187.526	0.513877
187.575	0.512242
187.625	0.513314
187.674	0.510506
187.723	0.513537
187.772	0.515031
187.821	0.516688
187.87	0.521892
187.919	0.516056
187.968	0.514448
188.016	0.520516
188.066	0.508112
188.116	0.512622
188.164	0.520212
188.214	0.511115
188.262	0.526594
188.312	0.506312
188.36	0.523246
188.41	0.509933
188.459	0.522173
188.508	0.512937
188.557	0.523633
188.606	0.51824
188.655	0.514252
188.704	0.520069
188.754	0.515833
188.803	0.516898
188.852	0.520061
188.901	0.518189
188.95	0.516637
188.999	0.51728
189.048	0.528171
189.097	0.51328
189.146	0.518528
189.195	0.524654
189.244	0.522103
189.293	0.51993
189.342	0.519429
189.391	0.521071
189.44	0.523378
189.489	0.520264
189.539	0.515742
189.587	0.528137
189.636	0.52162
189.685	0.526613
189.734	0.519112
189.784	0.516148
189.833	0.528678
189.881	0.524891
189.93	0.522029
189.979	0.526087
190.028	0.521899
190.077	0.525404
190.126	0.525492
190.176	0.519681
190.224	0.530369
190.273	0.524844
190.322	0.524959
190.372	0.521109
190.42	0.532843
190.469	0.522605
190.517	0.534992
190.567	0.521313
190.616	0.52633
190.665	0.527144
190.714	0.521391
190.763	0.534315
190.812	0.522852
190.861	0.528554
190.91	0.526209
190.959	0.527684
191.008	0.527576
191.057	0.5312
191.106	0.521963
191.154	0.535357
191.203	0.530367
191.253	0.522574
191.301	0.529012
191.35	0.527749
191.399	0.531939
191.448	0.529931
191.497	0.528276
191.546	0.524903
191.595	0.530749
191.644	0.528505
191.692	0.536972
191.742	0.52659
191.791	0.530245
191.839	0.531514
191.889	0.525019
191.937	0.532879
191.987	0.526652
192.035	0.532206
192.085	0.526677
192.134	0.527484
192.182	0.538442
192.232	0.525711
192.281	0.529587
192.329	0.531629
192.378	0.530901
192.427	0.536394
192.476	0.526071
192.525	0.531845
192.574	0.533447
192.623	0.538173
192.672	0.527537
192.721	0.529273
192.77	0.529645
192.818	0.542265
192.867	0.534725
192.917	0.525093
192.966	0.535523
193.015	0.528001
193.063	0.544424
193.112	0.533899
193.161	0.529823
193.209	0.545275
193.258	0.534111
193.308	0.524575
193.357	0.534386
193.405	0.539538
193.454	0.537856
193.503	0.532183
193.552	0.531515
193.601	0.536406
193.65	0.533706
193.698	0.54089
193.746	0.545727
193.795	0.533649
193.844	0.541011
193.893	0.534839
193.942	0.535705
193.991	0.538821
194.039	0.536536
194.088	0.537672
194.137	0.535521
194.185	0.544117
194.235	0.5327
194.283	0.537989
194.332	0.540442
194.381	0.535113
194.43	0.541629
194.478	0.541187
194.527	0.542367
194.576	0.54036
194.625	0.533802
194.674	0.542257
194.722	0.537984
194.771	0.53861
194.82	0.540919
194.869	0.532669
194.918	0.540192
194.967	0.537471
195.016	0.539589
195.065	0.541673
195.113	0.541498
195.163	0.529059
195.211	0.547987
195.26	0.541844
195.308	0.546514
195.357	0.53643
195.406	0.538911
195.455	0.538609
195.504	0.536868
195.554	0.536212
195.601	0.556607
195.651	0.53113
195.7	0.543077
195.748	0.542615
195.798	0.538342
195.846	0.546236
195.895	0.541024
195.945	0.532707
195.993	0.551679
196.042	0.535531
196.09	0.546343
196.139	0.540154
196.189	0.535228
196.238	0.539276
196.286	0.546596
196.335	0.541935
196.384	0.547573
196.433	0.540355
196.482	0.535145
196.531	0.547404
196.58	0.542054
196.628	0.546429
196.677	0.549033
196.726	0.540417
196.775	0.542595
196.824	0.54366
196.872	0.549272
196.922	0.536196
196.971	0.542071
197.019	0.544733
197.068	0.545719
197.117	0.545697
197.166	0.543337
197.214	0.550725
197.263	0.551907
197.312	0.539129
197.361	0.548143
197.409	0.546146
197.458	0.550776
197.508	0.535589
197.556	0.550627
197.605	0.542279
197.654	0.545698
197.702	0.556713
197.751	0.542137
197.8	0.548583
197.849	0.54663
197.898	0.548322
197.946	0.554203
197.995	0.540381
198.044	0.550706
198.092	0.551172
198.141	0.550905
198.19	0.548185
198.239	0.545662
198.287	0.556164
198.336	0.547169
198.384	0.553153
198.432	0.558614
198.482	0.543716
198.53	0.551081
198.579	0.54793
198.628	0.547261
198.677	0.55199
198.725	0.557505
198.774	0.550856
198.823	0.551921
198.871	0.555938
198.92	0.551412
198.969	0.550512
199.017	0.554773
199.066	0.554855
199.115	0.548429
199.164	0.554277
199.212	0.55737
199.26	0.556182
199.31	0.542178
199.359	0.556845
199.407	0.553346
199.456	0.551602
199.505	0.55685
199.554	0.550223
199.603	0.552084
199.651	0.554184
199.7	0.553276
199.748	0.558345
199.797	0.550886
199.846	0.552219
199.895	0.557742
199.944	0.549396
199.992	0.564107
200.041	0.549666
200.09	0.550025
200.139	0.557349
200.188	0.553371
200.237	0.550993
200.285	0.5545
200.334	0.553546
200.383	0.557406
200.432	0.548358
200.481	0.55465
200.53	0.555734
200.579	0.552747
200.628	0.554103
200.677	0.549852
200.725	0.558326
200.774	0.555713
200.823	0.552314
200.872	0.561158
200.921	0.546245
200.97	0.552653
201.019	0.562742
201.068	0.553236
201.116	0.555118
201.166	0.55229
201.215	0.551143
201.263	0.56317
201.313	0.547093
201.361	0.563908
201.41	0.551314
201.459	0.556526
201.508	0.555052
201.557	0.563854
201.606	0.548854
201.655	0.55774
201.704	0.551581
201.753	0.556973
201.802	0.554306
201.851	0.555239
201.9	0.561238
201.949	0.553246
201.999	0.554737
202.047	0.563495
202.096	0.555104
202.144	0.565039
202.194	0.550788
202.243	0.561726
202.291	0.560628
202.34	0.557534
202.389	0.562056
202.439	0.547292
202.487	0.563009
202.536	0.55408
202.585	0.566448
202.634	0.556191
202.683	0.552221
202.732	0.560493
202.781	0.561593
202.83	0.551226
202.879	0.562066
202.927	0.564232
202.977	0.554546
203.025	0.564605
203.075	0.556602
203.123	0.560087
203.172	0.564389
203.221	0.553739
203.27	0.558999
203.32	0.556927
203.368	0.562223
203.417	0.561516
203.466	0.561635
203.515	0.553288
203.564	0.560481
203.613	0.568219
203.662	0.558187
203.711	0.55789
203.76	0.555056
203.809	0.559668
203.858	0.563233
203.908	0.552889
203.956	0.570373
204.005	0.56143
204.054	0.560449
204.103	0.563186
204.152	0.556584
204.201	0.569337
204.25	0.559919
204.299	0.56054
204.348	0.566643
204.397	0.56058
204.446	0.565538
204.495	0.566056
204.544	0.559663
204.594	0.556864
204.643	0.5683
204.692	0.561587
204.74	0.570218
204.79	0.561757
204.839	0.565084
204.888	0.561101
204.937	0.565177
204.986	0.566775
205.035	0.565402
205.084	0.565983
205.132	0.572434
205.182	0.562608
205.231	0.565157
205.28	0.565358
205.329	0.567391
205.378	0.562951
205.427	0.568295
205.475	0.570583
205.524	0.570965
205.573	0.567447
205.622	0.566815
205.671	0.565881
205.72	0.566244
205.769	0.56874
205.818	0.571664
205.868	0.554553
205.916	0.573451
205.965	0.569982
206.014	0.572755
206.063	0.56157
206.112	0.56554
206.161	0.569202
206.211	0.565017
206.259	0.568965
206.308	0.576547
206.357	0.565054
206.406	0.566735
206.456	0.565784
206.504	0.574756
206.553	0.571093
206.602	0.567731
206.651	0.567426
206.701	0.564609
206.749	0.573418
206.798	0.572053
206.847	0.566474
206.897	0.565633
206.946	0.570551
206.995	0.572882
207.044	0.571024
207.092	0.577844
207.142	0.563235
207.191	0.570678
207.24	0.572288
207.289	0.568409
207.339	0.566008
207.387	0.574716
207.437	0.567515
207.485	0.57563
207.535	0.569497
207.583	0.578778
207.632	0.572278
207.682	0.570323
207.731	0.571124
207.78	0.57166
207.829	0.578733
207.878	0.569247
207.927	0.574291
207.977	0.566225
208.025	0.575729
208.075	0.571143
208.124	0.568387
208.173	0.572689
208.222	0.577279
208.271	0.57891
208.32	0.572177
208.369	0.579344
208.418	0.57342
208.467	0.57485
208.516	0.575258
208.565	0.576183
208.614	0.573837
208.664	0.573147
208.712	0.579161
208.761	0.578402
208.809	0.587028
208.859	0.57071
208.908	0.574406
208.957	0.578349
209.006	0.582565
209.055	0.574785
209.104	0.581195
209.153	0.575942
209.202	0.575461
209.251	0.580174
209.299	0.587833
209.348	0.574698
209.398	0.576657
209.446	0.588504
209.496	0.572133
209.544	0.589349
209.593	0.582889
209.642	0.580146
209.691	0.575357
209.74	0.581654
209.789	0.577803
209.838	0.582538
209.886	0.59108
209.935	0.576422
209.984	0.582499
210.033	0.584607
210.082	0.583646
210.131	0.579955
210.18	0.585944
210.228	0.584781
210.277	0.584226
210.326	0.589989
210.375	0.583368
210.424	0.582155
210.472	0.585293
210.521	0.58526
210.57	0.582715
210.619	0.582812
210.668	0.587985
210.717	0.587719
210.765	0.586518
210.814	0.586914
210.864	0.577347
210.912	0.586387
210.961	0.589571
211.01	0.589261
211.059	0.584055
211.108	0.579858
211.157	0.589923
211.206	0.585473
211.254	0.593023
211.303	0.579335
211.352	0.593619
211.401	0.586478
211.45	0.587437
211.499	0.586026
211.547	0.591473
211.596	0.587213
211.645	0.586089
211.695	0.578811
211.743	0.592377
211.791	0.592599
211.84	0.587816
211.889	0.58792
211.939	0.576105
211.987	0.602398
212.036	0.580509
212.085	0.582367
212.134	0.589448
212.183	0.588432
212.232	0.581889
212.281	0.589249
212.33	0.584466
212.379	0.589171
212.428	0.586496
212.477	0.582951
212.526	0.583071
212.575	0.58201
212.623	0.602988
212.672	0.581416
212.721	0.586206
212.77	0.59354
212.82	0.570848
212.869	0.588013
212.918	0.586522
212.967	0.589692
213.016	0.585903
213.064	0.58625
213.114	0.582971
213.163	0.587251
213.212	0.584609
213.261	0.586348
213.31	0.582559
213.359	0.590662
213.408	0.583461
213.457	0.586293
213.506	0.588189
213.555	0.584778
213.604	0.589519
213.653	0.581465
213.702	0.595647
213.751	0.58148
213.8	0.584628
213.849	0.58618
213.898	0.588066
213.947	0.587614
213.996	0.588818
214.046	0.586151
214.095	0.589417
214.143	0.594178
214.193	0.584152
214.241	0.593214
214.291	0.585053
214.339	0.603227
214.388	0.583474
214.437	0.58992
214.486	0.589699
214.535	0.589934
214.584	0.594395
214.633	0.586379
214.682	0.595237
214.731	0.588206
214.781	0.588662
214.83	0.590977
214.878	0.604326
214.927	0.582912
214.976	0.601262
215.025	0.591827
215.074	0.584601
215.124	0.590316
215.172	0.604779
215.221	0.588104
215.27	0.592665
215.318	0.597808
215.368	0.589333
215.417	0.591622
215.466	0.592822
215.514	0.599551
215.563	0.594833
215.612	0.592094
215.661	0.601236
215.71	0.592355
215.759	0.597584
215.807	0.598486
215.857	0.591315
215.906	0.593763
215.955	0.594741
216.004	0.591116
216.052	0.605846
216.102	0.585784
216.15	0.601924
216.199	0.599147
216.248	0.594128
216.297	0.597568
216.345	0.600173
216.395	0.590289
216.444	0.597435
216.493	0.586986
216.542	0.60432
216.59	0.602116
216.639	0.594021
216.689	0.590661
216.737	0.602318
216.786	0.590495
216.836	0.594688
216.885	0.595944
216.933	0.604537
216.982	0.598026
217.031	0.59072
217.08	0.593242
217.129	0.603565
217.178	0.593432
217.227	0.596188
217.276	0.592019
217.325	0.601072
217.373	0.600432
217.423	0.592448
217.472	0.591995
217.521	0.599609
217.57	0.592516
217.619	0.59484
217.668	0.603824
217.716	0.598776
217.765	0.597799
217.814	0.599368
217.863	0.597443
217.913	0.595974
217.962	0.591299
218.011	0.596861
218.061	0.593381
218.109	0.605876
218.158	0.597799
218.206	0.603688
218.256	0.591617
218.305	0.600661
218.354	0.601275
218.403	0.596266
218.452	0.603749
218.502	0.583453
218.551	0.601499
218.6	0.600458
218.649	0.600739
218.698	0.597046
218.747	0.599893
218.795	0.605481
218.844	0.600741
218.894	0.588095
218.943	0.599949
218.992	0.600865
219.041	0.597724
219.091	0.591055
219.14	0.600344
219.188	0.607605
219.238	0.597089
219.287	0.601796
219.336	0.605322
219.385	0.596949
219.433	0.611545
219.483	0.593171
219.532	0.607249
219.581	0.602283
219.63	0.60085
219.679	0.598655
219.728	0.608361
219.777	0.601468
219.826	0.605024
219.875	0.604514
219.924	0.602429
219.973	0.610926
220.022	0.600166
220.072	0.598957
220.12	0.614497
220.169	0.606488
220.218	0.604156
220.267	0.609123
220.316	0.60945
220.365	0.608602
220.414	0.603027
220.463	0.604941
220.511	0.61917
220.56	0.606937
220.61	0.605001
220.658	0.612078
220.707	0.604901
220.757	0.607556
220.806	0.605059
220.854	0.612081
220.904	0.605254
220.952	0.617907
221.001	0.600255
221.051	0.603045
221.099	0.617132
221.149	0.604071
221.197	0.613901
221.247	0.607026
221.295	0.616459
221.344	0.610421
221.393	0.607228
221.442	0.611846
221.491	0.61313
221.54	0.604671
221.589	0.613511
221.639	0.603661
221.687	0.615489
221.736	0.607574
221.785	0.612453
221.835	0.609205
221.883	0.61716
221.933	0.606552
221.981	0.616281
222.031	0.604174
222.079	0.619731
222.129	0.600388
222.178	0.62129
222.227	0.602286
222.276	0.61178
222.325	0.612696
222.374	0.607379
222.424	0.609223
222.472	0.612764
222.521	0.615202
222.571	0.603469
222.62	0.607674
222.668	0.62211
222.719	0.597881
222.768	0.609001
222.817	0.606407
222.866	0.614972
222.915	0.61613
222.964	0.60543
223.013	0.614442
223.062	0.607451
223.112	0.607677
223.16	0.617391
223.21	0.606477
223.259	0.61663
223.308	0.61424
223.357	0.61135
223.406	0.612928
223.455	0.614232
223.504	0.610825
223.553	0.612431
223.602	0.613936
223.651	0.615837
223.7	0.615325
223.75	0.604332
223.798	0.616749
223.847	0.613876
223.897	0.606667
223.946	0.617097
223.995	0.61724
224.043	0.618369
224.092	0.614828
224.141	0.613321
224.191	0.613496
224.24	0.615293
224.288	0.620258
224.338	0.609003
224.386	0.624284
224.435	0.620623
224.485	0.605271
224.533	0.617496
224.582	0.623436
224.631	0.614772
224.68	0.618008
224.729	0.613147
224.778	0.62102
224.828	0.610611
224.876	0.624314
224.925	0.617541
224.974	0.619621
225.023	0.616053
225.072	0.619875
225.121	0.619809
225.17	0.619615
225.219	0.612044
225.268	0.620802
225.317	0.622226
225.366	0.618694
225.415	0.61931
225.463	0.625706
225.513	0.614797
225.562	0.615959
225.61	0.62816
225.659	0.619928
225.708	0.617041
225.758	0.615014
225.806	0.628212
225.855	0.612325
225.905	0.614969
225.954	0.623316
226.003	0.619622
226.052	0.617681
226.1	0.628142
226.149	0.617323
226.198	0.621822
226.248	0.61009
226.297	0.624065
226.346	0.621856
226.395	0.616732
226.444	0.623703
226.493	0.613647
226.542	0.626966
226.591	0.622296
226.639	0.623454
226.688	0.621267
226.739	0.605723
226.787	0.626152
226.836	0.623701
226.885	0.620205
226.935	0.617501
226.983	0.623233
227.032	0.625902
227.081	0.619837
227.131	0.618358
227.18	0.621165
227.228	0.637011
227.278	0.60638
227.327	0.622039
227.376	0.626649
227.425	0.615051
227.474	0.622714
227.523	0.625509
227.573	0.611851
227.621	0.63094
227.67	0.625538
227.719	0.617926
227.769	0.618559
227.818	0.624312
227.867	0.619481
227.916	0.624233
227.965	0.615465
228.014	0.625259
228.063	0.621636
228.112	0.626171
228.161	0.62406
228.21	0.617286
228.259	0.622921
228.309	0.621832
228.358	0.619941
228.407	0.625715
228.456	0.620904
228.505	0.62119
228.554	0.625589
228.604	0.617763
228.652	0.628473
228.701	0.62771
228.751	0.617724
228.8	0.6215
228.849	0.622608
228.898	0.626145
228.947	0.631278
228.996	0.623334
229.045	0.616442
229.095	0.618547
229.144	0.622532
229.192	0.637138
229.242	0.619433
229.291	0.619937
229.34	0.627373
229.389	0.627788
229.439	0.61883
229.487	0.633221
229.537	0.616841
229.585	0.634014
229.635	0.621855
229.683	0.632858
229.733	0.620719
229.782	0.626516
229.831	0.622187
229.879	0.634099
229.928	0.62728
229.977	0.626012
230.027	0.626934
230.076	0.628068
230.125	0.626068
230.174	0.624892
230.223	0.622385
230.271	0.639777
230.321	0.624084
230.37	0.62766
230.418	0.629582
230.468	0.624317
230.517	0.629738
230.565	0.635137
230.614	0.633532
230.663	0.627124
230.712	0.630646
230.762	0.630083
230.81	0.637324
230.859	0.626807
230.908	0.631249
230.957	0.634841
231.006	0.635951
231.055	0.626221
231.104	0.634367
231.153	0.630749
231.203	0.632127
231.252	0.633327
231.301	0.632702
231.349	0.638039
231.398	0.641229
231.448	0.619405
231.497	0.637183
231.545	0.635685
231.594	0.633426
231.643	0.635804
231.693	0.629475
231.741	0.636439
231.79	0.632685
231.84	0.632796
231.889	0.629055
231.938	0.633164
231.987	0.636386
232.036	0.637583
232.085	0.63229
232.134	0.632203
232.183	0.639399
232.232	0.625259
232.281	0.63498
232.33	0.639474
232.38	0.625492
232.428	0.639133
232.478	0.629544
232.527	0.635546
232.576	0.63153
232.625	0.635361
232.674	0.633056
232.723	0.634387
232.772	0.639157
232.821	0.62857
232.871	0.628278
232.92	0.640304
232.969	0.628997
233.019	0.626754
233.067	0.638443
233.116	0.637354
233.165	0.637152
233.215	0.626603
233.264	0.629778
233.312	0.640911
233.362	0.626617
233.411	0.637719
233.461	0.629646
233.509	0.642991
233.559	0.629126
233.607	0.642414
233.656	0.635336
233.706	0.62737
233.755	0.63676
233.804	0.631303
233.854	0.635148
233.903	0.633208
233.952	0.639922
234.001	0.627933
234.051	0.63513
234.099	0.64026
234.148	0.640661
234.197	0.637581
234.247	0.630275
234.296	0.64023
234.345	0.629692
234.395	0.6316
234.444	0.633449
234.493	0.645538
234.542	0.641708
234.591	0.631405
234.641	0.633388
234.69	0.64067
234.739	0.636624
234.788	0.639458
234.837	0.637309
234.886	0.636944
234.936	0.63241
234.985	0.641353
235.034	0.639445
235.083	0.644444
235.132	0.634612
235.182	0.628241
235.231	0.641957
235.28	0.641896
235.329	0.642893
235.378	0.637713
235.428	0.634144
235.478	0.632105
235.527	0.637272
235.576	0.639172
235.625	0.649755
235.674	0.641636
235.724	0.636892
235.773	0.643994
235.822	0.646301
235.871	0.633512
235.921	0.642921
235.969	0.64767
236.019	0.635015
236.068	0.64378
236.117	0.649062
236.167	0.638907
236.216	0.643046
236.265	0.643297
236.314	0.640641
236.363	0.649343
236.413	0.639273
236.462	0.642385
236.511	0.646062
236.56	0.644365
236.609	0.644668
236.659	0.640869
236.708	0.636279
236.757	0.647439
236.806	0.64566
236.856	0.63671
236.905	0.64207
236.954	0.647262
237.004	0.636526
237.053	0.645149
237.102	0.641485
237.151	0.650154
237.2	0.644938
237.25	0.638874
237.298	0.651401
237.347	0.647255
237.397	0.637543
237.446	0.645117
237.496	0.637563
237.545	0.646835
237.594	0.647544
237.643	0.648308
237.693	0.639635
237.742	0.649357
237.791	0.6377
237.84	0.652142
237.89	0.638812
237.938	0.66024
237.987	0.646532
238.037	0.640616
238.087	0.640702
238.136	0.642841
238.185	0.647538
238.235	0.647035
238.284	0.637871
238.333	0.655921
238.382	0.651641
238.432	0.63888
238.481	0.650503
238.531	0.646422
238.58	0.642917
238.63	0.6434
238.678	0.664551
238.728	0.641114
238.777	0.650263
238.827	0.641658
238.876	0.651625
238.925	0.648374
238.975	0.643509
239.024	0.649935
239.073	0.648195
239.123	0.648336
239.172	0.65043
239.222	0.644386
239.271	0.648258
239.32	0.651068
239.37	0.647778
239.419	0.659448
239.468	0.653202
239.517	0.648372
239.567	0.647968
239.616	0.647969
239.665	0.649536
239.715	0.648526
239.764	0.6468
239.813	0.656455
239.862	0.653206
239.912	0.648201
239.96	0.659002
240.01	0.647265
240.059	0.658938
240.108	0.645926
240.158	0.644931
240.206	0.662479
240.256	0.649453
240.305	0.647348
240.354	0.658738
240.404	0.647755
240.453	0.64854
240.502	0.653546
240.55	0.666654
240.6	0.647851
240.649	0.653622
240.699	0.648288
240.747	0.668444
240.796	0.647944
240.845	0.657761
240.895	0.650082
240.944	0.65956
240.993	0.655229
241.041	0.66266
241.09	0.65882
241.139	0.657348
241.188	0.655368
241.238	0.648276
241.287	0.652759
241.337	0.655308
241.385	0.670049
241.435	0.641026
241.484	0.657933
241.533	0.658023
241.581	0.662826
241.63	0.659974
241.68	0.652458
241.728	0.664782
241.778	0.653235
241.827	0.652411
241.876	0.657809
241.925	0.656146
241.974	0.660443
242.023	0.659685
242.072	0.651294
242.121	0.659306
242.17	0.659261
242.219	0.659032
242.268	0.658511
242.318	0.647687
242.366	0.671574
242.415	0.653328
242.465	0.654451
242.513	0.667296
242.563	0.64911
242.612	0.662438
242.661	0.654092
242.71	0.658447
242.759	0.665201
242.808	0.653374
242.857	0.661167
242.907	0.652379
242.955	0.667151
243.004	0.659442
243.053	0.661189
243.103	0.653559
243.151	0.66527
243.2	0.659849
243.25	0.658809
243.298	0.667208
243.348	0.649858
243.397	0.663875
243.446	0.65727
243.495	0.655038
243.544	0.662839
243.594	0.653348
243.642	0.669182
243.692	0.648802
243.74	0.668863
243.79	0.649883
243.839	0.66726
243.888	0.659154
243.937	0.662803
243.986	0.657992
244.035	0.658526
244.084	0.661682
244.134	0.652342
244.183	0.666938
244.233	0.651682
244.281	0.672646
244.33	0.662147
244.379	0.656978
244.429	0.653067
244.478	0.657694
244.527	0.665483
244.576	0.657827
244.625	0.666173
244.674	0.660589
244.724	0.653098
244.773	0.669323
244.822	0.655587
244.872	0.65829
244.921	0.654263
244.97	0.665688
245.02	0.660213
245.069	0.663799
245.118	0.660418
245.167	0.657894
245.216	0.666908
245.265	0.66752
245.314	0.667338
245.364	0.647395
245.413	0.667994
245.462	0.673823
245.512	0.653692
245.561	0.660003
245.61	0.671362
245.659	0.665298
245.708	0.660508
245.758	0.661594
245.807	0.661665
245.856	0.667613
245.905	0.671423
245.954	0.665132
246.003	0.666586
246.052	0.661157
246.101	0.667683
246.15	0.663092
246.2	0.66056
246.249	0.668666
246.298	0.666092
246.347	0.658494
246.396	0.670398
246.445	0.667607
246.494	0.663838
246.543	0.668993
246.592	0.660175
246.642	0.657178
246.691	0.67021
246.74	0.666862
246.789	0.668231
246.838	0.667959
246.887	0.665138
246.936	0.671642
246.985	0.668749
247.035	0.66599
247.083	0.669873
247.133	0.668748
247.182	0.665965
247.23	0.680108
247.28	0.662659
247.329	0.672013
247.378	0.669691
247.427	0.669327
247.476	0.666262
247.524	0.680199
247.574	0.666277
247.622	0.674623
247.672	0.663672
247.721	0.676098
247.77	0.662179
247.819	0.677262
247.868	0.665376
247.917	0.669989
247.966	0.680437
248.015	0.662334
248.063	0.680445
248.113	0.661643
248.163	0.665121
248.212	0.664191
248.261	0.670613
248.309	0.67958
248.359	0.657548
248.408	0.673808
248.458	0.669313
248.506	0.676422
248.555	0.669003
248.605	0.668201
248.654	0.673044
248.703	0.672578
248.752	0.670134
248.801	0.678799
248.85	0.672386
248.899	0.664182
248.948	0.670755
248.997	0.674029
249.046	0.673769
249.096	0.664892
249.144	0.681504
249.194	0.667692
249.243	0.668642
249.292	0.685369
249.341	0.666893
249.391	0.670261
249.439	0.676027
249.489	0.670562
249.538	0.676281
249.587	0.673326
249.636	0.673051
249.685	0.679331
249.734	0.664671
249.784	0.669733
249.832	0.678921
249.882	0.667762
249.931	0.678419
249.98	0.671297
250.029	0.679604
250.078	0.669436
250.127	0.674544
250.176	0.677986
250.226	0.666061
250.275	0.678119
250.324	0.67557
250.373	0.672738
250.422	0.680069
250.472	0.661981
250.522	0.671196
250.57	0.682856
250.619	0.675609
250.669	0.673743
250.717	0.679234
250.766	0.680593
250.816	0.66966
250.865	0.673572
250.915	0.669316
250.963	0.685308
251.013	0.672978
251.062	0.675538
251.112	0.663981
251.161	0.678798
251.21	0.670965
251.26	0.676437
251.309	0.673473
251.358	0.677487
251.408	0.669751
251.457	0.672384
251.505	0.690549
251.555	0.668438
251.604	0.678822
251.653	0.675691
251.703	0.677752
251.752	0.676354
251.801	0.677356
251.85	0.683777
251.899	0.670526
251.949	0.679044
251.998	0.681157
252.047	0.669191
252.096	0.681236
252.146	0.676255
252.195	0.681782
252.244	0.674085
252.294	0.67307
252.342	0.692204
252.392	0.664734
252.441	0.681403
252.491	0.665964
252.54	0.67895
252.589	0.6867
252.639	0.669767
252.688	0.682316
252.736	0.684777
252.786	0.675785
252.835	0.682308
252.884	0.678623
252.933	0.675056
252.982	0.686478
253.032	0.670037
253.081	0.687157
253.13	0.675229
253.179	0.680868
253.228	0.6814
253.277	0.681974
253.326	0.68219
253.376	0.678395
253.425	0.68402
253.474	0.683595
253.523	0.682197
253.572	0.676645
253.621	0.682636
253.671	0.682113
253.72	0.677565
253.769	0.692916
253.818	0.677614
253.867	0.681524
253.916	0.697232
253.965	0.676311
254.015	0.677855
254.064	0.680121
254.113	0.684372
254.163	0.674663
254.211	0.691701
254.261	0.677167
254.31	0.691521
254.359	0.677968
254.408	0.682205
254.458	0.674375
254.507	0.690335
254.556	0.680605
254.605	0.696092
254.654	0.681895
254.703	0.68203
254.753	0.681961
254.802	0.689532
254.851	0.680206
254.9	0.685279
254.95	0.682541
255	0.675095
255.048	0.6936
255.097	0.683946
255.146	0.693305
255.196	0.672111
255.245	0.694125
255.295	0.674781
255.343	0.692735
255.393	0.68527
255.442	0.682133
255.491	0.681916
255.54	0.693041
255.589	0.680832
255.639	0.680458
255.688	0.682784
255.738	0.680229
255.787	0.685326
255.836	0.684935
255.885	0.683335
255.935	0.682707
255.984	0.686788
256.032	0.691573
256.082	0.678594
256.131	0.683291
256.181	0.683217
256.23	0.688975
256.28	0.675559
256.329	0.686157
256.378	0.683116
256.428	0.682276
256.477	0.681737
256.526	0.690201
256.576	0.678901
256.624	0.693545
256.674	0.673189
256.723	0.687187
256.773	0.676029
256.822	0.690635
256.872	0.683969
256.921	0.68148
256.97	0.693673
257.02	0.680488
257.069	0.691214
257.118	0.690128
257.167	0.684646
257.217	0.680166
257.266	0.685231
257.316	0.68255
257.365	0.688603
257.414	0.686587
257.463	0.688054
257.512	0.694072
257.562	0.67582
257.612	0.685995
257.661	0.689225
257.71	0.67994
257.76	0.689699
257.809	0.688293
257.858	0.688349
257.907	0.690072
257.956	0.693285
258.006	0.680409
258.055	0.690197
258.104	0.686308
258.154	0.685336
258.204	0.681304
258.252	0.701828
258.302	0.686658
258.351	0.693462
258.4	0.683171
258.45	0.688307
258.499	0.696432
258.548	0.686903
258.597	0.698269
258.647	0.681114
258.696	0.69221
258.745	0.693086
258.794	0.694507
258.844	0.686185
258.893	0.693311
258.942	0.69611
258.992	0.687286
259.041	0.695185
259.09	0.693965
259.139	0.696408
259.188	0.692592
259.237	0.700422
259.287	0.683432
259.336	0.690325
259.386	0.692442
259.435	0.690463
259.484	0.701076
259.533	0.684883
259.583	0.690497
259.632	0.691563
259.681	0.694055
259.731	0.6854
259.78	0.706011
259.829	0.690251
259.879	0.688802
259.928	0.693372
259.977	0.703476
260.026	0.690048
260.076	0.687807
260.126	0.688542
260.175	0.690685
260.224	0.703734
260.273	0.687447
260.322	0.704031
260.371	0.694141
260.421	0.692528
260.47	0.691047
260.519	0.698338
260.569	0.694066
260.618	0.691124
260.668	0.688213
260.717	0.695094
260.767	0.691983
260.816	0.695055
260.865	0.697264
260.914	0.698865
260.965	0.677751
261.014	0.691881
261.063	0.701578
261.113	0.696484
261.162	0.690085
261.212	0.69252
261.261	0.698456
261.31	0.698803
261.36	0.691965
261.409	0.699641
261.459	0.693437
261.508	0.693071
261.557	0.705462
261.607	0.691914
261.656	0.699793
261.705	0.691871
261.755	0.69251
261.805	0.697412
261.853	0.705982
261.904	0.686124
261.952	0.712856
262.002	0.682721
262.051	0.703294
262.1	0.704021
262.149	0.700406
262.199	0.696617
262.248	0.69988
262.298	0.690598
262.347	0.703374
262.396	0.702929
262.446	0.696821
262.495	0.697605
262.545	0.691985
262.594	0.703201
262.643	0.70335
262.693	0.694057
262.742	0.699368
262.791	0.709302
262.841	0.690473
262.89	0.7099
262.939	0.70628
262.988	0.694555
263.038	0.701006
263.088	0.691478
263.137	0.701807
263.186	0.701519
263.236	0.699516
263.285	0.702286
263.334	0.698795
263.384	0.698937
263.433	0.708586
263.482	0.699317
263.53	0.716134
263.581	0.69041
263.63	0.70345
263.679	0.700349
263.729	0.695563
263.778	0.702469
263.827	0.704121
263.877	0.701503
263.926	0.702126
263.976	0.69846
264.025	0.699788
264.075	0.69725
264.124	0.706115
264.174	0.699812
264.224	0.698728
264.273	0.703733
264.323	0.696203
264.372	0.704871
264.421	0.705754
264.47	0.704098
264.52	0.702515
264.57	0.694532
264.619	0.700223
264.669	0.702412
264.717	0.712308
264.767	0.704306
264.816	0.703145
264.866	0.705713
264.916	0.696284
264.965	0.701545
265.014	0.71005
265.064	0.695738
265.113	0.715332
265.162	0.70876
265.213	0.683727
265.261	0.710814
265.311	0.702112
265.36	0.712558
265.41	0.692944
265.459	0.71199
265.51	0.690572
265.558	0.718539
265.608	0.697788
265.657	0.710513
265.707	0.703816
265.756	0.703408
265.807	0.692399
265.856	0.709383
265.905	0.711906
265.953	0.714106
266.003	0.705041
266.053	0.699696
266.102	0.71711
266.151	0.704294
266.201	0.696742
266.25	0.71318
266.3	0.702812
266.35	0.694911
266.399	0.714361
266.448	0.710175
266.498	0.703536
266.548	0.700821
266.597	0.712792
266.646	0.706422
266.695	0.705441
266.745	0.699411
266.794	0.711772
266.844	0.701449
266.893	0.712502
266.943	0.702816
266.993	0.704128
267.042	0.702718
267.092	0.707679
267.141	0.708055
267.19	0.707018
267.24	0.705761
267.29	0.703477
267.34	0.701502
267.389	0.707113
267.439	0.702832
267.488	0.712845
267.537	0.711655
267.587	0.703374
267.637	0.702647
267.686	0.706329
267.736	0.700434
267.786	0.710335
267.835	0.712038
267.885	0.701734
267.934	0.711255
267.983	0.714389
268.033	0.704176
268.082	0.714944
268.132	0.705869
268.181	0.707826
268.231	0.709087
268.28	0.711532
268.33	0.706658
268.379	0.714465
268.43	0.692361
268.478	0.720607
268.528	0.706381
268.578	0.708585
268.627	0.712838
268.677	0.702132
268.726	0.714978
268.776	0.70558
268.826	0.714259
268.875	0.715187
268.924	0.71383
268.974	0.702654
269.024	0.711449
269.072	0.729139
269.122	0.695389
269.172	0.710378
269.221	0.718366
269.271	0.708896
269.32	0.713627
269.369	0.716174
269.42	0.698365
269.469	0.71819
269.518	0.707321
269.568	0.714025
269.617	0.719719
269.666	0.723322
269.715	0.708363
269.765	0.70784
269.815	0.713648
269.864	0.720094
269.913	0.716467
269.962	0.7133
270.012	0.712045
270.061	0.7159
270.11	0.718448
270.16	0.711007
270.208	0.728663
270.258	0.711961
270.308	0.713296
270.356	0.725375
270.406	0.716431
270.455	0.714415
270.505	0.713555
270.554	0.712926
270.604	0.715728
270.653	0.716224
270.702	0.723069
270.751	0.713388
270.801	0.714228
270.85	0.715216
270.899	0.72451
270.948	0.720514
270.998	0.721061
271.047	0.716996
271.097	0.712706
271.145	0.725301
271.195	0.71801
271.244	0.716238
271.293	0.720225
271.342	0.718817
271.392	0.708769
271.442	0.716215
271.491	0.722718
271.54	0.721934
271.589	0.716811
271.639	0.709732
271.689	0.717305
271.738	0.720759
271.787	0.718094
271.837	0.712795
271.886	0.71406
271.935	0.726439
271.984	0.719249
272.034	0.715423
272.083	0.719082
272.133	0.711446
272.182	0.723665
272.231	0.724351
272.28	0.719675
272.33	0.704015
272.379	0.727945
272.428	0.72055
272.478	0.710627
272.527	0.715976
272.576	0.719569
272.625	0.729692
272.675	0.703587
272.725	0.714113
272.774	0.716923
272.824	0.717437
272.873	0.715618
272.922	0.724605
272.971	0.71574
273.021	0.715175
273.07	0.723774
273.12	0.707071
273.169	0.728213
273.218	0.715662
273.268	0.705043
273.317	0.732421
273.367	0.705669
273.417	0.717536
273.466	0.713919
273.515	0.722334
273.564	0.733622
273.614	0.712392
273.664	0.71328
273.713	0.725066
273.762	0.713182
273.812	0.725029
273.861	0.713312
273.91	0.724629
273.96	0.722833
274.009	0.720698
274.059	0.70876
274.109	0.719691
274.158	0.714873
274.207	0.729399
274.257	0.710116
274.307	0.724343
274.356	0.722441
274.405	0.72952
274.454	0.727406
274.504	0.715181
274.553	0.719919
274.603	0.716969
274.652	0.728995
274.701	0.723236
274.751	0.7175
274.799	0.735783
274.85	0.711517
274.899	0.718794
274.948	0.73063
274.997	0.723584
275.046	0.727871
275.096	0.721348
275.145	0.731042
275.194	0.726652
275.244	0.721337
275.293	0.725481
275.343	0.716195
275.392	0.73276
275.441	0.720062
275.491	0.722459
275.539	0.732604
275.589	0.724249
275.638	0.72428
275.688	0.722019
275.736	0.73246
275.786	0.72628
275.835	0.720227
275.884	0.731233
275.934	0.727939
275.983	0.726362
276.032	0.725895
276.081	0.732277
276.13	0.733744
276.179	0.729675
276.229	0.720725
276.278	0.731535
276.328	0.719674
276.376	0.745106
276.425	0.722005
276.475	0.727112
276.524	0.728174
276.573	0.725045
276.622	0.734603
276.671	0.728831
276.72	0.73509
276.769	0.728377
276.818	0.737195
276.868	0.720325
276.917	0.737766
276.966	0.72847
277.016	0.71696
277.064	0.742029
277.113	0.734826
277.163	0.71769
277.212	0.734965
277.261	0.724513
277.31	0.736861
277.359	0.727863
277.409	0.732739
277.458	0.728005
277.507	0.736975
277.556	0.720829
277.605	0.737877
277.654	0.732138
277.704	0.719038
277.753	0.735393
277.802	0.733102
277.851	0.731272
277.901	0.719881
277.949	0.735692
277.998	0.735916
278.048	0.728298
278.097	0.724309
278.147	0.724788
278.196	0.73622
278.245	0.725166
278.294	0.735737
278.343	0.725355
278.392	0.732568
278.441	0.734436
278.491	0.728297
278.539	0.737322
278.589	0.72935
278.638	0.726643
278.687	0.737365
278.736	0.731481
278.785	0.736582
278.835	0.72615
278.883	0.739772
278.933	0.72931
278.982	0.726236
279.031	0.735432
279.08	0.733945
279.129	0.733804
279.179	0.720372
279.228	0.741804
279.276	0.742426
279.326	0.728386
279.375	0.729436
279.425	0.727362
279.474	0.742843
279.523	0.733728
279.572	0.73568
279.621	0.737
279.67	0.736827
279.719	0.735522
279.768	0.728934
279.818	0.735704
279.867	0.733168
279.916	0.738579
279.965	0.731659
280.014	0.740009
280.063	0.726237
280.113	0.734136
280.161	0.741364
280.211	0.731214
280.26	0.728625
280.309	0.741966
280.358	0.730286
280.407	0.737651
280.457	0.733769
280.505	0.747947
280.555	0.724107
280.604	0.732243
280.653	0.738561
280.703	0.732465
280.751	0.736976
280.801	0.735721
280.85	0.730347
280.9	0.725057
280.949	0.743151
280.997	0.739697
281.047	0.731581
281.097	0.723285
281.145	0.74456
281.195	0.735997
281.243	0.742008
281.293	0.73007
281.342	0.738289
281.391	0.729475
281.441	0.723733
281.49	0.739578
281.539	0.73827
281.588	0.73611
281.637	0.738657
281.687	0.72804
281.737	0.727912
281.785	0.741344
281.835	0.734028
281.884	0.729541
281.934	0.733802
281.982	0.744642
282.031	0.740368
282.081	0.724408
282.13	0.741785
282.179	0.737277
282.229	0.731713
282.278	0.737184
282.327	0.741625
282.376	0.732938
282.425	0.739882
282.474	0.738312
282.524	0.733662
282.573	0.744067
282.622	0.730359
282.671	0.752818
282.721	0.725915
282.77	0.743558
282.819	0.732422
282.868	0.749405
282.917	0.73818
282.966	0.73994
283.015	0.741368
283.064	0.737299
283.113	0.746953
283.163	0.730108
283.211	0.751556
283.26	0.741043
283.309	0.745027
283.358	0.741836
283.408	0.735136
283.457	0.745313
283.506	0.738624
283.555	0.748468
283.605	0.730146
283.652	0.761612
283.702	0.741844
283.751	0.739648
283.8	0.748819
283.848	0.75448
283.898	0.732946
283.946	0.749629
283.995	0.743304
284.044	0.746383
284.093	0.744118
284.142	0.751453
284.191	0.74095
284.24	0.741974
284.289	0.758248
284.337	0.747736
284.387	0.740439
284.436	0.740694
284.484	0.758334
284.534	0.739875
284.582	0.747723
284.631	0.748806
284.68	0.743503
284.729	0.750211
284.778	0.752134
284.827	0.745234
284.875	0.757427
284.923	0.752296
284.973	0.739766
285.022	0.739364