90.0059	0.167533
90.0431	0.163434
90.0796	0.166969
90.117	0.163972
90.1538	0.166491
90.1909	0.165836
90.2275	0.16762
90.2652	0.163235
90.3021	0.167174
90.34	0.163714
90.3766	0.170199
90.4138	0.169131
90.4512	0.168012
90.4884	0.168401
90.5259	0.165794
90.5633	0.163961
90.6005	0.162887
90.6383	0.159769
90.675	0.1647
90.7133	0.159985
90.7513	0.164199
90.7889	0.167382
90.8268	0.168324
90.864	0.172916
90.9016	0.173001
90.9392	0.171795
90.9774	0.168212
91.0149	0.169704
91.0525	0.168246
91.0903	0.167102
91.1287	0.165
91.1663	0.168303
91.2042	0.167492
91.2419	0.168401
91.2802	0.165895
91.3183	0.167966
91.3567	0.170778
91.3951	0.170472
91.4325	0.172229
91.4705	0.166738
91.5089	0.162249
91.5473	0.162932
91.5849	0.168769
91.6232	0.167426
91.6614	0.168242
91.7003	0.166164
91.7387	0.168603
91.7771	0.169102
91.8156	0.168661
91.8536	0.171638
91.8923	0.169225
91.9313	0.170607
91.9692	0.176693
92.0083	0.170759
92.0464	0.172909
92.085	0.171339
92.124	0.16884
92.1624	0.171777
92.2019	0.166883
92.234	0.171357
92.2788	0.166618
92.3176	0.165574
92.3565	0.166067
92.3955	0.166821
92.4338	0.171873
92.4726	0.173041
92.5117	0.173334
92.5508	0.174451
92.5898	0.172885
92.6287	0.172907
92.6677	0.171667
92.7071	0.170081
92.7459	0.171681
92.7849	0.171421
92.8245	0.169026
92.8636	0.171768
92.9026	0.172262
92.942	0.171314
92.981	0.173435
93.02	0.173644
93.0594	0.170833
93.0987	0.170662
93.1384	0.168291
93.1778	0.169382
93.2172	0.170693
93.2567	0.171605
93.2963	0.172616
93.3357	0.174231
93.3751	0.175055
93.415	0.173046
93.4549	0.173722
93.4941	0.177353
93.5337	0.175869
93.5732	0.177637
93.6133	0.176177
93.6529	0.179665
93.6927	0.178344
93.7324	0.177376
93.7726	0.172491
93.8117	0.175621
93.8518	0.169791
93.8918	0.170647
93.9314	0.172782
93.9714	0.172886
94.0115	0.174618
94.0519	0.174283
94.092	0.176384
94.132	0.178239
94.1715	0.181532
94.2118	0.178711
94.2519	0.179385
94.2921	0.179356
94.3323	0.177622
94.3722	0.178453
94.4122	0.178016
94.4525	0.176418
94.4925	0.176415
94.5334	0.172241
94.5726	0.17935
94.6127	0.175831
94.6538	0.17202
94.6936	0.180399
94.7338	0.182159
94.7745	0.180979
94.8146	0.183741
94.8554	0.178858
94.8959	0.179162
94.9358	0.181836
94.9765	0.178372
95.0169	0.179323
95.0576	0.179117
95.0978	0.18193
95.1387	0.178647
95.1797	0.17731
95.2198	0.180236
95.2604	0.179376
95.3007	0.18242
95.3417	0.179366
95.3821	0.181993
95.4227	0.181843
95.4635	0.180061
95.5039	0.181459
95.5449	0.178784
95.5856	0.180283
95.626	0.182197
95.6673	0.179999
95.7082	0.181751
95.7489	0.183342
95.7898	0.183323
95.8317	0.179707
95.8715	0.189289
95.9128	0.179073
95.9532	0.180814
95.9938	0.179305
96.0345	0.180146
96.0757	0.179671
96.117	0.179962
96.1578	0.183081
96.199	0.181739
96.24	0.182636
96.2813	0.181303
96.322	0.184386
96.364	0.17979
96.4045	0.187771
96.4455	0.18846
96.4867	0.187157
96.5282	0.184598
96.5691	0.186157
96.6108	0.179687
96.6523	0.178709
96.6938	0.177152
96.7348	0.180217
96.7759	0.182296
96.8174	0.182442
96.8581	0.187186
96.8999	0.182958
96.9413	0.185329
96.9826	0.185876
97.0241	0.184947
97.0657	0.185943
97.107	0.18869
97.1483	0.188187
97.1901	0.185113
97.2309	0.188636
97.2726	0.184681
97.3138	0.187109
97.3555	0.184537
97.3966	0.186038
97.4389	0.179483
97.4803	0.182959
97.5225	0.180317
97.5639	0.186229
97.6056	0.186125
97.6471	0.189017
97.6887	0.189327
97.7302	0.190951
97.7719	0.190899
97.8137	0.189509
97.8552	0.190638
97.8969	0.187437
97.9388	0.187049
97.9808	0.186373
98.0216	0.192129
98.0638	0.186801
98.1057	0.188381
98.1475	0.188538
98.1901	0.18369
98.2317	0.187131
98.2736	0.186253
98.3153	0.189841
98.3566	0.193619
98.3998	0.187004
98.4411	0.196177
98.4833	0.191086
98.5242	0.197439
98.5666	0.19093
98.6088	0.190713
98.651	0.190944
98.6934	0.190102
98.7347	0.195245
98.7763	0.19385
98.8186	0.190254
98.861	0.191192
98.9024	0.195208
98.9447	0.19148
98.9866	0.193064
99.0291	0.189158
99.0711	0.189543
99.1133	0.188631
99.1557	0.189157
99.1979	0.191255
99.2403	0.190836
99.2823	0.193272
99.3253	0.18936
99.3673	0.193873
99.4091	0.195096
99.4519	0.19148
99.4942	0.195952
99.5365	0.196763
99.5799	0.190967
99.6215	0.197022
99.6636	0.192609
99.7066	0.186868
99.7483	0.192209
99.7913	0.187837
99.8334	0.192945
99.8763	0.190804
99.9186	0.194882
99.961	0.194575
100.003	0.195667
100.046	0.197041
100.089	0.193153
100.13	0.203025
100.173	0.194864
100.216	0.196079
100.258	0.19591
100.301	0.194695
100.344	0.193036
100.386	0.192848
100.428	0.190435
100.471	0.189583
100.514	0.193562
100.556	0.192845
100.599	0.192957
100.643	0.192501
100.685	0.199221
100.727	0.198445
100.77	0.197415
100.813	0.200704
100.855	0.20005
100.898	0.197511
100.941	0.196428
100.984	0.196758
101.026	0.197927
101.069	0.193602
101.112	0.195913
101.155	0.193685
101.198	0.193448
101.241	0.193183
101.284	0.194585
101.327	0.196315
101.369	0.201414
101.412	0.201465
101.455	0.20068
101.498	0.204436
101.54	0.206851
101.583	0.202467
101.626	0.201116
101.669	0.199823
101.712	0.200273
101.754	0.203804
101.797	0.202249
101.84	0.19953
101.882	0.204914
101.926	0.1978
101.968	0.204723
102.011	0.19698
102.054	0.198608
102.098	0.198974
102.141	0.200772
102.184	0.2031
102.227	0.20587
102.27	0.207682
102.314	0.203465
102.356	0.208791
102.399	0.204931
102.442	0.202062
102.486	0.201297
102.528	0.206235
102.572	0.201753
102.615	0.203317
102.658	0.20464
102.701	0.199683
102.745	0.200396
102.787	0.203773
102.831	0.195892
102.874	0.204044
102.917	0.204698
102.961	0.205035
103.004	0.209804
103.047	0.204524
103.09	0.205457
103.134	0.203337
103.176	0.206599
103.22	0.204235
103.263	0.202512
103.307	0.205179
103.351	0.201082
103.394	0.208311
103.437	0.20255
103.48	0.206997
103.523	0.205878
103.568	0.200615
103.611	0.207082
103.654	0.208296
103.698	0.206564
103.741	0.204325
103.785	0.20791
103.828	0.207189
103.872	0.206167
103.915	0.209492
103.959	0.206735
104.002	0.207327
104.045	0.208985
104.089	0.206341
104.133	0.206396
104.176	0.209388
104.22	0.207519
104.264	0.204881
104.307	0.207982
104.351	0.205782
104.394	0.20774
104.438	0.210092
104.481	0.20819
104.526	0.204036
104.569	0.211919
104.612	0.208722
104.656	0.206459
104.7	0.209092
104.743	0.210963
104.787	0.209199
104.831	0.211303
104.875	0.209262
104.918	0.207155
104.962	0.207965
105.005	0.207946
105.05	0.204317
105.094	0.205469
105.137	0.208367
105.181	0.209728
105.225	0.207848
105.269	0.21016
105.312	0.216498
105.356	0.211495
105.4	0.212513
105.445	0.212792
105.488	0.216208
105.532	0.213486
105.576	0.212472
105.62	0.209986
105.664	0.20981
105.708	0.208801
105.752	0.205771
105.795	0.211856
105.84	0.205644
105.883	0.212525
105.928	0.208499
105.972	0.212841
106.016	0.215985
106.06	0.217889
106.104	0.216526
106.147	0.214476
106.192	0.213909
106.236	0.213436
106.28	0.213935
106.324	0.213594
106.368	0.211815
106.412	0.214643
106.455	0.216992
106.5	0.209894
106.543	0.21307
106.587	0.211209
106.631	0.214378
106.676	0.216453
106.719	0.220307
106.764	0.21714
106.808	0.217575
106.852	0.218389
106.896	0.217232
106.94	0.217347
106.985	0.215957
107.029	0.214161
107.073	0.220742
107.117	0.2161
107.161	0.218405
107.205	0.218777
107.25	0.216087
107.294	0.220316
107.338	0.21669
107.382	0.219758
107.426	0.216485
107.471	0.218688
107.515	0.219273
107.56	0.216301
107.604	0.219361
107.648	0.222027
107.691	0.221405
107.736	0.216695
107.781	0.219675
107.825	0.223104
107.869	0.220686
107.913	0.227159
107.957	0.223691
108.001	0.221237
108.046	0.215947
108.091	0.215677
108.135	0.218504
108.18	0.217244
108.224	0.221059
108.269	0.215921
108.314	0.221137
108.357	0.227598
108.402	0.218421
108.447	0.221771
108.491	0.225383
108.535	0.222545
108.581	0.220551
108.625	0.226235
108.669	0.223847
108.713	0.222767
108.758	0.217966
108.803	0.215559
108.847	0.222638
108.892	0.220326
108.936	0.223982
108.981	0.218521
109.026	0.22279
109.07	0.223262
109.114	0.226642
109.159	0.222282
109.204	0.224538
109.248	0.225807
109.293	0.226966
109.337	0.226245
109.383	0.221338
109.426	0.226173
109.471	0.218332
109.516	0.218659
109.561	0.221066
109.605	0.222054
109.65	0.22069
109.695	0.226032
109.739	0.225233
109.784	0.224974
109.829	0.225184
109.874	0.22824
109.918	0.229342
109.964	0.222811
110.008	0.227564
110.053	0.228208
110.097	0.227266
110.142	0.227964
110.186	0.227845
110.231	0.226116
110.276	0.225218
110.321	0.223678
110.365	0.226967
110.409	0.229025
110.455	0.224696
110.499	0.228824
110.544	0.230394
110.589	0.234605
110.633	0.231737
110.678	0.23001
110.723	0.228572
110.768	0.230873
110.812	0.235193
110.858	0.223683
110.902	0.231747
110.947	0.226969
110.991	0.232941
111.037	0.226051
111.082	0.229599
111.127	0.229847
111.171	0.229776
111.216	0.2335
111.261	0.2309
111.306	0.234271
111.35	0.234012
111.396	0.229982
111.441	0.231448
111.486	0.230729
111.531	0.229562
111.576	0.230305
111.621	0.234059
111.666	0.230155
111.711	0.234443
111.756	0.231708
111.801	0.233761
111.845	0.235062
111.891	0.22922
111.935	0.23296
111.98	0.228739
112.026	0.226764
112.071	0.229421
112.115	0.235091
112.161	0.230342
112.206	0.232567
112.251	0.234231
112.296	0.231745
112.341	0.238151
112.386	0.235499
112.431	0.240632
112.476	0.234214
112.521	0.236569
112.566	0.239074
112.611	0.23036
112.656	0.230904
112.701	0.235361
112.747	0.225914
112.792	0.231934
112.837	0.234125
112.882	0.234694
112.927	0.234473
112.972	0.239315
113.017	0.234712
113.062	0.238995
113.108	0.239462
113.153	0.238219
113.198	0.236406
113.243	0.235083
113.289	0.233177
113.333	0.236261
113.379	0.229906
113.424	0.234074
113.47	0.232265
113.515	0.23593
113.56	0.235402
113.606	0.234807
113.651	0.238145
113.696	0.242545
113.741	0.240964
113.786	0.2394
113.831	0.243403
113.877	0.239613
113.922	0.240767
113.967	0.237043
114.012	0.238649
114.058	0.232734
114.103	0.23641
114.149	0.234366
114.194	0.235549
114.24	0.237395
114.285	0.241154
114.33	0.241126
114.376	0.241557
114.421	0.243765
114.466	0.243445
114.512	0.239494
114.558	0.239783
114.603	0.24175
114.649	0.236699
114.694	0.241703
114.739	0.242027
114.784	0.23832
114.83	0.236805
114.876	0.234913
114.921	0.237275
114.967	0.237572
115.013	0.239582
115.057	0.247966
115.103	0.246174
115.148	0.24188
115.194	0.242219
115.239	0.242129
115.285	0.238853
115.33	0.244797
115.376	0.242162
115.421	0.241662
115.466	0.246336
115.513	0.238477
115.558	0.241377
115.604	0.243722
115.65	0.240325
115.695	0.243171
115.74	0.245484
115.786	0.243517
115.831	0.244712
115.876	0.247137
115.922	0.242333
115.968	0.245227
116.013	0.245027
116.059	0.243402
116.105	0.245059
116.15	0.248315
116.196	0.246801
116.242	0.246319
116.287	0.250705
116.333	0.242915
116.378	0.247785
116.424	0.245002
116.47	0.243292
116.515	0.243965
116.561	0.247807
116.606	0.247282
116.652	0.247463
116.698	0.246992
116.743	0.253905
116.789	0.244859
116.834	0.250886
116.88	0.249467
116.926	0.253202
116.972	0.252476
117.018	0.246209
117.064	0.246462
117.109	0.245437
117.155	0.245413
117.201	0.247709
117.246	0.251128
117.292	0.249086
117.338	0.248127
117.384	0.250267
117.43	0.251256
117.476	0.250214
117.522	0.250475
117.568	0.257368
117.614	0.254935
117.659	0.257525
117.705	0.253607
117.751	0.251436
117.797	0.249327
117.842	0.250375
117.888	0.247873
117.934	0.252488
117.98	0.251012
118.026	0.25007
118.072	0.253126
118.117	0.253127
118.163	0.252153
118.209	0.254323
118.254	0.257341
118.3	0.254371
118.346	0.2569
118.392	0.254935
118.438	0.255409
118.483	0.256336
118.529	0.254355
118.575	0.251599
118.621	0.254257
118.667	0.247208
118.712	0.256215
118.758	0.250338
118.804	0.252676
118.85	0.256507
118.896	0.255742
118.941	0.259641
118.988	0.254957
119.033	0.256382
119.079	0.257292
119.125	0.256684
119.171	0.255021
119.217	0.25555
119.263	0.255645
119.309	0.253358
119.354	0.256693
119.401	0.252836
119.446	0.255611
119.492	0.253124
119.538	0.253607
119.584	0.255272
119.63	0.258487
119.676	0.256762
119.722	0.256375
119.768	0.260278
119.814	0.258122
119.86	0.257643
119.906	0.253657
119.952	0.257379
119.998	0.258479
120.044	0.253044
120.09	0.259663
120.136	0.256037
120.182	0.258478
120.228	0.259816
120.274	0.259186
120.32	0.257796
120.366	0.263622
120.412	0.260257
120.458	0.262122
120.504	0.264421
120.55	0.259698
120.596	0.26252
120.642	0.261177
120.688	0.267909
120.734	0.25824
120.78	0.263564
120.827	0.259137
120.873	0.265347
120.919	0.264402
120.965	0.261584
121.011	0.261508
121.057	0.260831
121.104	0.257448
121.15	0.263289
121.196	0.261258
121.242	0.26335
121.288	0.261373
121.334	0.266389
121.38	0.263519
121.426	0.263624
121.472	0.266239
121.519	0.265917
121.565	0.265688
121.611	0.266995
121.658	0.262768
121.704	0.263748
121.75	0.263366
121.796	0.264638
121.842	0.261442
121.888	0.265858
121.935	0.262497
121.981	0.266233
122.027	0.266348
122.073	0.268127
122.12	0.266134
122.166	0.268767
122.212	0.268617
122.258	0.265546
122.305	0.266519
122.351	0.265049
122.397	0.267072
122.443	0.263418
122.49	0.261813
122.536	0.26312
122.582	0.267036
122.628	0.271086
122.675	0.263631
122.721	0.26794
122.768	0.269045
122.813	0.27373
122.86	0.269046
122.907	0.270061
122.953	0.272751
122.999	0.267061
123.046	0.270849
123.092	0.268381
123.138	0.268516
123.185	0.261906
123.232	0.267538
123.278	0.265747
123.324	0.271099
123.371	0.271039
123.417	0.273488
123.464	0.269114
123.51	0.272196
123.557	0.270998
123.603	0.275203
123.65	0.27518
123.696	0.273262
123.743	0.270637
123.789	0.274632
123.836	0.26918
123.882	0.272288
123.928	0.27072
123.976	0.265703
124.021	0.27323
124.068	0.270449
124.115	0.271856
124.161	0.273094
124.207	0.276843
124.254	0.277799
124.3	0.27734
124.347	0.275214
124.393	0.277489
124.44	0.27798
124.486	0.277976
124.533	0.273266
124.579	0.277132
124.626	0.274595
124.673	0.274169
124.719	0.280266
124.765	0.273843
124.811	0.278607
124.859	0.274981
124.905	0.282693
124.951	0.279978
124.997	0.285793
125.044	0.276127
125.091	0.279095
125.138	0.279126
125.184	0.279158
125.23	0.282265
125.277	0.276629
125.323	0.280081
125.37	0.275455
125.417	0.278689
125.464	0.275827
125.51	0.282815
125.556	0.277263
125.603	0.278449
125.65	0.280422
125.697	0.279201
125.742	0.285641
125.79	0.276971
125.836	0.28204
125.882	0.285461
125.93	0.27984
125.975	0.288571
126.022	0.279422
126.069	0.280406
126.116	0.283967
126.162	0.285456
126.209	0.286295
126.256	0.283837
126.303	0.282366
126.349	0.285129
126.396	0.284953
126.443	0.283231
126.49	0.282702
126.536	0.287392
126.583	0.285415
126.63	0.286948
126.676	0.289248
126.723	0.285432
126.769	0.292418
126.817	0.284594
126.863	0.288475
126.91	0.286713
126.957	0.284002
127.003	0.284055
127.051	0.282308
127.097	0.287089
127.144	0.288184
127.19	0.287705
127.237	0.289416
127.284	0.2896
127.33	0.292214
127.377	0.291051
127.424	0.288643
127.471	0.291776
127.518	0.290387
127.565	0.287209
127.612	0.286092
127.658	0.294198
127.706	0.285056
127.752	0.287694
127.799	0.285769
127.846	0.289213
127.892	0.290147
127.939	0.287864
127.986	0.289406
128.033	0.290039
128.08	0.289532
128.127	0.291407
128.173	0.292704
128.22	0.290305
128.267	0.290636
128.314	0.288383
128.361	0.290158
128.407	0.2872
128.455	0.285927
128.501	0.286612
128.548	0.288411
128.594	0.284149
128.642	0.281361
128.688	0.289266
128.735	0.285866
128.781	0.289089
128.829	0.285951
128.875	0.297001
128.922	0.284529
128.969	0.291046
129.015	0.294277
129.062	0.289252
129.109	0.286802
129.156	0.288133
129.204	0.284819
129.251	0.287241
129.296	0.293536
129.344	0.279248
129.391	0.286509
129.438	0.286415
129.485	0.284033
129.531	0.29139
129.579	0.28737
129.625	0.290834
129.672	0.290316
129.719	0.285837
129.766	0.290469
129.813	0.288885
129.86	0.288593
129.906	0.288671
129.953	0.289045
130	0.289715
130.048	0.284529
130.095	0.28803
130.141	0.290176
130.188	0.288904
130.235	0.290302
130.282	0.287963
130.329	0.288519
130.376	0.290296
130.423	0.289702
130.47	0.287013
130.517	0.292172
130.564	0.289977
130.611	0.287804
130.658	0.292915
130.704	0.291799
130.752	0.290404
130.799	0.290409
130.846	0.292704
130.893	0.291585
130.94	0.296141
130.987	0.286123
131.034	0.297058
131.081	0.291435
131.128	0.291535
131.175	0.29216
131.222	0.289659
131.269	0.295433
131.316	0.294777
131.364	0.289753
131.41	0.300665
131.457	0.293637
131.505	0.294007
131.552	0.29516
131.599	0.29199
131.646	0.291976
131.693	0.297444
131.74	0.294069
131.788	0.29348
131.834	0.300065
131.882	0.292339
131.929	0.296039
131.976	0.296299
132.022	0.299488
132.07	0.298758
132.117	0.298198
132.164	0.298836
132.211	0.294679
132.259	0.295433
132.306	0.29591
132.353	0.296719
132.4	0.299294
132.447	0.296123
132.495	0.297622
132.541	0.302246
132.589	0.295508
132.636	0.302784
132.684	0.298813
132.731	0.302696
132.778	0.305982
132.825	0.298797
132.873	0.299638
132.92	0.300356
132.967	0.29778
133.014	0.297728
133.061	0.295603
133.109	0.295532
133.156	0.294333
133.203	0.300954
133.25	0.296512
133.298	0.297024
133.345	0.304794
133.393	0.29859
133.44	0.30658
133.487	0.302207
133.534	0.302002
133.581	0.302297
133.628	0.302313
133.676	0.299064
133.723	0.29606
133.77	0.29895
133.817	0.298757
133.865	0.294933
133.912	0.300527
133.959	0.300092
134.006	0.303104
134.054	0.299263
134.101	0.302706
134.148	0.305211
134.196	0.300232
134.243	0.30638
134.291	0.304442
134.338	0.304113
134.385	0.306836
134.432	0.304875
134.479	0.304721
134.527	0.30029
134.575	0.301583
134.622	0.302397
134.669	0.309431
134.717	0.298558
134.764	0.310634
134.811	0.312706
134.858	0.309566
134.905	0.310212
134.953	0.30896
135	0.30734
135.047	0.314098
135.094	0.309619
135.142	0.306544
135.189	0.311062
135.236	0.313569
135.284	0.304267
135.331	0.309157
135.379	0.307544
135.426	0.305446
135.474	0.310841
135.521	0.309595
135.568	0.311678
135.616	0.309073
135.664	0.308778
135.711	0.312539
135.758	0.31653
135.806	0.310412
135.853	0.312755
135.9	0.311871
135.948	0.312648
135.995	0.314999
136.043	0.309621
136.089	0.32058
136.137	0.313729
136.185	0.311327
136.232	0.314708
136.279	0.312332
136.327	0.313114
136.374	0.316166
136.42	0.31945
136.468	0.309408
136.516	0.313091
136.563	0.313069
136.61	0.320541
136.658	0.31576
136.705	0.317243
136.752	0.315536
136.799	0.323086
136.846	0.3174
136.894	0.312519
136.942	0.312891
136.99	0.310652
137.036	0.319895
137.084	0.311741
137.132	0.314952
137.179	0.313114
137.226	0.318487
137.274	0.319297
137.321	0.320105
137.368	0.315798
137.416	0.317768
137.463	0.316332
137.511	0.316006
137.558	0.319912
137.605	0.313308
137.652	0.317569
137.701	0.310795
137.748	0.317151
137.795	0.316675
137.843	0.311212
137.89	0.318869
137.938	0.316604
137.986	0.320132
138.032	0.325748
138.079	0.322244
138.127	0.319128
138.175	0.318389
138.222	0.319201
138.27	0.313429
138.317	0.321681
138.365	0.316452
138.413	0.317449
138.46	0.318647
138.507	0.316415
138.555	0.31569
138.603	0.312897
138.651	0.315625
138.698	0.323539
138.745	0.320631
138.794	0.317057
138.841	0.318294
138.889	0.320565
138.936	0.316985
138.984	0.320318
139.031	0.321538
139.079	0.3165
139.126	0.318371
139.174	0.314815
139.222	0.316919
139.269	0.321076
139.317	0.316137
139.364	0.323387
139.412	0.321407
139.46	0.316272
139.507	0.321043
139.555	0.318122
139.602	0.319211
139.65	0.32093
139.697	0.316771
139.745	0.317603
139.793	0.318836
139.841	0.31516
139.888	0.318631
139.936	0.320706
139.983	0.31879
140.031	0.31973
140.079	0.317034
140.126	0.326236
140.174	0.320131
140.222	0.318537
140.269	0.323878
140.317	0.317772
140.364	0.325269
140.412	0.320299
140.459	0.325003
140.507	0.320871
140.555	0.323633
140.602	0.32488
140.65	0.326169
140.698	0.317569
140.746	0.322828
140.793	0.324698
140.84	0.325934
140.887	0.32494
140.935	0.322698
140.983	0.323587
141.031	0.325078
141.078	0.327962
141.126	0.327357
141.173	0.328502
141.221	0.327622
141.268	0.32664
141.316	0.328025
141.364	0.32729
141.411	0.328892
141.459	0.330209
141.506	0.326438
141.554	0.326232
141.601	0.325918
141.649	0.327377
141.697	0.322866
141.745	0.327011
141.793	0.327215
141.84	0.330505
141.888	0.331505
141.936	0.329988
141.983	0.333932
142.03	0.333525
142.078	0.329691
142.126	0.331625
142.173	0.330619
142.221	0.329418
142.269	0.328531
142.316	0.329856
142.364	0.330094
142.412	0.321882
142.46	0.330491
142.507	0.330318
142.555	0.333777
142.602	0.336844
142.65	0.330812
142.698	0.329917
142.745	0.334499
142.793	0.332399
142.84	0.334103
142.888	0.330694
142.936	0.331458
142.984	0.332625
143.032	0.329434
143.079	0.331615
143.126	0.333567
143.174	0.328755
143.222	0.331379
143.27	0.335399
143.317	0.333024
143.365	0.333846
143.413	0.334523
143.46	0.335832
143.508	0.330809
143.556	0.335108
143.604	0.328766
143.651	0.335245
143.699	0.332337
143.747	0.330666
143.796	0.327282
143.843	0.337267
143.891	0.336904
143.938	0.338361
143.987	0.331987
144.034	0.339405
144.082	0.340179
144.129	0.342103
144.177	0.331129
144.225	0.341877
144.272	0.339179
144.32	0.336912
144.368	0.336096
144.416	0.333672
144.465	0.333188
144.512	0.34162
144.56	0.338578
144.608	0.337836
144.656	0.338068
144.703	0.345148
144.752	0.33838
144.8	0.337447
144.847	0.345207
144.895	0.337065
144.943	0.339079
144.991	0.339275
145.039	0.342543
145.087	0.342423
145.135	0.339695
145.182	0.344268
145.23	0.340993
145.279	0.33452
145.327	0.338868
145.375	0.339318
145.422	0.343643
145.47	0.337801
145.518	0.343658
145.566	0.341102
145.614	0.34098
145.661	0.345133
145.709	0.343856
145.757	0.343678
145.806	0.338336
145.854	0.341419
145.901	0.342665
145.949	0.343139
145.997	0.3435
146.045	0.336804
146.093	0.34334
146.141	0.343304
146.188	0.345686
146.236	0.341205
146.284	0.346073
146.332	0.343302
146.38	0.345319
146.429	0.345489
146.477	0.346741
146.524	0.351414
146.572	0.343525
146.62	0.345659
146.668	0.344415
146.716	0.341733
146.764	0.344639
146.812	0.34487
146.86	0.341725
146.907	0.350135
146.956	0.34114
147.003	0.350774
147.051	0.352221
147.099	0.348361
147.147	0.346948
147.195	0.346839
147.243	0.343017
147.29	0.353843
147.339	0.343416
147.387	0.345552
147.435	0.343957
147.482	0.347773
147.53	0.349157
147.578	0.345764
147.626	0.346652
147.674	0.353542
147.722	0.349296
147.77	0.355775
147.818	0.353704
147.866	0.351098
147.914	0.350667
147.962	0.353354
148.01	0.350508
148.058	0.348929
148.106	0.353675
148.154	0.348605
148.202	0.35501
148.25	0.348036
148.297	0.357719
148.346	0.348793
148.394	0.352964
148.441	0.360005
148.489	0.360078
148.537	0.352784
148.585	0.359806
148.633	0.356448
148.681	0.354959
148.729	0.357264
148.777	0.356588
148.824	0.35748
148.872	0.356627
148.92	0.354259
148.968	0.355766
149.016	0.35899
149.064	0.35429
149.112	0.353562
149.16	0.35833
149.208	0.362102
149.256	0.361487
149.303	0.360135
149.352	0.357643
149.399	0.361379
149.447	0.359822
149.496	0.355798
149.543	0.364414
149.591	0.360087
149.639	0.364392
149.687	0.359618
149.735	0.364537
149.783	0.355949
149.831	0.367028
149.88	0.355186
149.927	0.363323
149.975	0.362571
150.023	0.357801
150.071	0.361053
150.119	0.359618
150.168	0.359436
150.215	0.363764
150.263	0.361442
150.311	0.364678
150.359	0.365113
150.407	0.361242
150.455	0.358872
150.503	0.359415
150.552	0.356695
150.599	0.363256
150.648	0.356039
150.696	0.360904
150.743	0.36571
150.792	0.357613
150.84	0.362671
150.888	0.364423
150.936	0.365673
150.985	0.357139
151.033	0.366478
151.08	0.365733
151.129	0.357798
151.177	0.364494
151.225	0.362257
151.274	0.361672
151.322	0.362444
151.37	0.364284
151.417	0.370094
151.466	0.360524
151.514	0.365501
151.563	0.362753
151.61	0.370239
151.659	0.366419
151.707	0.367136
151.755	0.369409
151.803	0.367248
151.851	0.370239
151.899	0.362241
151.948	0.363255
151.996	0.364773
152.044	0.362171
152.093	0.367593
152.14	0.369346
152.188	0.36752
152.237	0.367518
152.284	0.372096
152.333	0.36845
152.381	0.369991
152.43	0.365937
152.478	0.371279
152.526	0.368169
152.574	0.367586
152.622	0.365671
152.67	0.364965
152.718	0.369362
152.767	0.360123
152.815	0.36983
152.863	0.370866
152.911	0.371564
152.96	0.365448
153.007	0.379585
153.056	0.370118
153.104	0.373226
153.152	0.373655
153.2	0.373547
153.248	0.37236
153.297	0.371471
153.345	0.371973
153.393	0.373038
153.441	0.369192
153.489	0.370385
153.538	0.367099
153.586	0.371626
153.634	0.374754
153.682	0.373886
153.73	0.370215
153.778	0.376127
153.827	0.37095
153.874	0.378834
153.922	0.376111
153.971	0.37044
154.02	0.370504
154.067	0.379583
154.116	0.375595
154.164	0.374942
154.212	0.375859
154.26	0.374833
154.308	0.369569
154.356	0.376181
154.405	0.370666
154.452	0.378861
154.501	0.369974
154.549	0.379054
154.597	0.378266
154.645	0.375834
154.693	0.376485
154.74	0.380058
154.79	0.368513
154.837	0.378701
154.886	0.372024
154.934	0.378455
154.981	0.383343
155.029	0.36841
155.077	0.375828
155.126	0.37701
155.174	0.375412
155.222	0.378311
155.27	0.376887
155.318	0.382093
155.366	0.374407
155.414	0.379019
155.462	0.377339
155.51	0.375535
155.559	0.370814
155.606	0.38472
155.655	0.370121
155.704	0.375152
155.751	0.38002
155.799	0.379319
155.848	0.371405
155.895	0.380112
155.943	0.376795
155.992	0.372128
156.04	0.374706
156.087	0.381555
156.136	0.372127
156.184	0.377235
156.232	0.37799
156.279	0.382593
156.328	0.374018
156.376	0.379984
156.424	0.380709
156.472	0.381656
156.521	0.375972
156.569	0.385541
156.618	0.374521
156.665	0.385102
156.714	0.37635
156.762	0.381447
156.81	0.380441
156.858	0.3856
156.907	0.37714
156.955	0.378219
157.003	0.383931
157.051	0.381776
157.099	0.377928
157.148	0.375445
157.196	0.383327
157.244	0.37757
157.292	0.377296
157.34	0.377819
157.388	0.380273
157.437	0.375278
157.486	0.377495
157.533	0.383406
157.582	0.37309
157.631	0.378485
157.679	0.385189
157.727	0.384413
157.775	0.376104
157.823	0.380843
157.872	0.374986
157.92	0.382486
157.968	0.374298
158.016	0.380446
158.064	0.381791
158.113	0.371084
158.162	0.376849
158.21	0.378377
158.258	0.382634
158.307	0.378421
158.355	0.381725
158.403	0.377204
158.451	0.384178
158.499	0.382583
158.548	0.380078
158.596	0.383017
158.645	0.376526
158.693	0.386249
158.741	0.377637
158.789	0.385527
158.838	0.377918
158.886	0.382675
158.935	0.378881
158.982	0.387389
159.031	0.379553
159.08	0.381622
159.128	0.381772
159.176	0.391382
159.225	0.378595
159.273	0.383382
159.321	0.385391
159.369	0.384449
159.418	0.379952
159.467	0.381475
159.515	0.386347
159.563	0.387659
159.611	0.387615
159.659	0.383783
159.708	0.383082
159.756	0.386905
159.805	0.387554
159.853	0.389096
159.902	0.383977
159.95	0.391009
159.998	0.391767
160.046	0.389799
160.095	0.387097
160.143	0.385018
160.192	0.387766
160.24	0.388288
160.288	0.388149
160.337	0.385843
160.385	0.391056
160.434	0.388131
160.483	0.387801
160.531	0.389502
160.578	0.398298
160.627	0.387023
160.676	0.389744
160.724	0.396829
160.773	0.384913
160.821	0.389525
160.87	0.383204
160.918	0.399246
160.966	0.392621
161.014	0.391728
161.063	0.389767
161.111	0.401787
161.16	0.388705
161.208	0.39799
161.256	0.394981
161.305	0.394142
161.353	0.390599
161.402	0.39456
161.45	0.394537
161.498	0.393409
161.546	0.391316
161.595	0.395005
161.643	0.392491
161.692	0.39364
161.74	0.395633
161.789	0.395841
161.837	0.397725
161.886	0.390786
161.934	0.399136
161.982	0.401927
162.03	0.398844
162.079	0.394287
162.128	0.39974
162.176	0.402934
162.224	0.397262
162.273	0.39601
162.321	0.400301
162.37	0.396124
162.418	0.400774
162.466	0.40237
162.515	0.40234
162.562	0.40779
162.611	0.397547
162.659	0.403741
162.708	0.400589
162.756	0.39822
162.805	0.399656
162.853	0.403115
162.901	0.401172
162.95	0.402783
162.998	0.403177
163.046	0.403904
163.095	0.398148
163.144	0.397311
163.191	0.408437
163.24	0.401317
163.288	0.402633
163.337	0.401624
163.386	0.401116
163.434	0.405387
163.482	0.403999
163.53	0.409908
163.579	0.401061
163.627	0.40437
163.676	0.407871
163.723	0.409881
163.772	0.404854
163.821	0.404187
163.868	0.413107
163.917	0.401986
163.966	0.402924
164.014	0.407015
164.063	0.408423
164.111	0.407496
164.159	0.408589
164.207	0.411096
164.255	0.412153
164.304	0.401229
164.353	0.403204
164.401	0.415433
164.45	0.407324
164.498	0.411861
164.546	0.410126
164.594	0.405395
164.643	0.404901
164.69	0.415571
164.739	0.407374
164.787	0.410077
164.836	0.405694
164.884	0.413189
164.933	0.408254
164.981	0.414151
165.029	0.412072
165.078	0.413015
165.126	0.412375
165.175	0.407327
165.222	0.41662
165.271	0.405569
165.32	0.410253
165.369	0.405327
165.416	0.416421
165.465	0.409659
165.513	0.410041
165.562	0.409821
165.61	0.4131
165.658	0.413916
165.707	0.413348
165.755	0.413419
165.804	0.411133
165.852	0.413607
165.901	0.411439
165.949	0.415424
165.997	0.411979
166.046	0.406425
166.095	0.407108
166.144	0.411247
166.192	0.414887
166.241	0.409461
166.289	0.410739
166.338	0.414561
166.386	0.415032
166.435	0.410123
166.484	0.416137
166.532	0.414573
166.581	0.409571
166.629	0.415857
166.677	0.418617
166.726	0.406174
166.775	0.409206
166.823	0.412773
166.872	0.414377
166.921	0.410239
166.969	0.418627
167.017	0.420651
167.066	0.414491
167.115	0.411099
167.164	0.419629
167.212	0.415436
167.261	0.418825
167.31	0.413116
167.358	0.41526
167.407	0.414742
167.456	0.412871
167.504	0.414149
167.553	0.417742
167.602	0.410377
167.65	0.421754
167.698	0.42253
167.747	0.417509
167.795	0.417875
167.845	0.411564
167.893	0.420846
167.941	0.421265
167.99	0.41367
168.039	0.423284
168.087	0.416993
168.136	0.41912
168.184	0.41938
168.232	0.425447
168.282	0.409056
168.33	0.425727
168.378	0.420146
168.427	0.418304
168.476	0.420969
168.524	0.424983
168.573	0.420712
168.621	0.42469
168.671	0.417349
168.719	0.423552
168.768	0.423158
168.815	0.429542
168.864	0.416541
168.913	0.419754
168.961	0.425206
169.01	0.416313
169.059	0.426669
169.107	0.421696
169.156	0.420951
169.205	0.425351
169.253	0.423192
169.301	0.429874
169.351	0.417668
169.399	0.424493
169.448	0.423134
169.496	0.424315
169.545	0.422357
169.594	0.42094
169.642	0.424527
169.691	0.42297
169.74	0.419939
169.789	0.428304
169.837	0.429555
169.886	0.423121
169.935	0.422709
169.983	0.429604
170.032	0.421373
170.081	0.425508
170.13	0.425525
170.178	0.424777
170.227	0.424789
170.276	0.428578
170.324	0.423433
170.373	0.425161
170.422	0.426743
170.47	0.429269
170.519	0.427375
170.568	0.421747
170.617	0.422218
170.665	0.432735
170.714	0.422977
170.762	0.431614
170.811	0.42277
170.86	0.431134
170.909	0.424658
170.958	0.427601
171.006	0.431232
171.055	0.422879
171.104	0.431101
171.152	0.427535
171.202	0.424419
171.25	0.429948
171.298	0.433449
171.347	0.428798
171.396	0.421917
171.445	0.432025
171.493	0.430683
171.542	0.429948
171.591	0.430284
171.639	0.435697
171.688	0.435966
171.737	0.429236
171.786	0.429284
171.834	0.435224
171.883	0.427345
171.931	0.440938
171.98	0.425805
172.028	0.435748
172.077	0.426767
172.126	0.435071
172.174	0.436564
172.223	0.434396
172.272	0.435429
172.321	0.432077
172.369	0.437056
172.418	0.434484
172.467	0.433237
172.516	0.431992
172.564	0.432415
172.613	0.433774
172.661	0.435483
172.711	0.428274
172.759	0.432372
172.808	0.438481
172.856	0.434418
172.905	0.43426
172.954	0.436912
173.003	0.43831
173.051	0.439643
173.1	0.440033
173.149	0.436284
173.197	0.439045
173.246	0.43534
173.294	0.439198
173.343	0.434786
173.392	0.438839
173.44	0.434657
173.489	0.436993
173.537	0.438366
173.587	0.426986
173.635	0.445421
173.684	0.439267
173.732	0.440771
173.781	0.440421
173.83	0.438814
173.879	0.437222
173.927	0.440605
173.976	0.437571
174.024	0.439036
174.074	0.433317
174.122	0.439283
174.17	0.439876
174.22	0.432124
174.268	0.441717
174.317	0.438499
174.366	0.437105
174.414	0.448938
174.463	0.437561
174.512	0.441083
174.56	0.442492
174.609	0.439289
174.658	0.442855
174.706	0.441625
174.756	0.431892
174.804	0.443291
174.853	0.439189
174.901	0.441558
174.95	0.438526
174.999	0.439999
175.047	0.449579
175.096	0.441041
175.146	0.439577
175.195	0.44255
175.243	0.444257
175.292	0.441239
175.341	0.445431
175.39	0.432873
175.438	0.449435
175.488	0.43652
175.537	0.438291
175.585	0.444725
175.634	0.443876
175.683	0.437263
175.732	0.441772
175.78	0.450164
175.83	0.438931
175.878	0.446204
175.927	0.445586
175.976	0.448208
176.025	0.443308
176.073	0.447281
176.123	0.441551
176.171	0.4476
176.22	0.448925
176.269	0.44292
176.318	0.448957
176.367	0.443955
176.415	0.449045
176.464	0.447851
176.513	0.448321
176.562	0.44971
176.61	0.452818
176.66	0.440598
176.708	0.448784
176.757	0.449779
176.806	0.449672
176.855	0.44895
176.904	0.446396
176.953	0.451091
177.001	0.455498
177.05	0.446901
177.099	0.449058
177.148	0.453866
177.197	0.449475
177.245	0.452865
177.294	0.453681
177.343	0.451939
177.391	0.460507
177.44	0.448305
177.489	0.452308
177.537	0.461474
177.587	0.443254
177.637	0.450202
177.685	0.457076
177.734	0.456788
177.783	0.444964
177.831	0.460392
177.881	0.446553
177.929	0.462487
177.978	0.456267
178.027	0.449902
178.075	0.458401
178.124	0.451734
178.173	0.456192
178.222	0.456236
178.271	0.455008
178.319	0.460343
178.369	0.445741
178.418	0.459995
178.467	0.44992
178.515	0.461244
178.564	0.449897
178.613	0.456347
178.662	0.456974
178.711	0.455904
178.76	0.449807
178.809	0.460942
178.858	0.459109
178.906	0.458542
178.956	0.455661
179.004	0.459988
179.054	0.455695
179.102	0.458164
179.151	0.45859
179.2	0.45784
179.248	0.458466
179.297	0.457622
179.347	0.453954
179.395	0.461039
179.444	0.460139
179.493	0.462082
179.542	0.455117
179.591	0.466282
179.64	0.45557
179.688	0.467878
179.738	0.456784
179.786	0.465022
179.836	0.453504
179.885	0.461825
179.934	0.458085
179.982	0.46364
180.032	0.452437
180.08	0.47155
180.129	0.457096
180.177	0.466537
180.226	0.461896
180.275	0.463425
180.325	0.460086
180.373	0.464951
180.422	0.465313
180.471	0.466356
180.52	0.465665
180.568	0.464091
180.617	0.464415
180.666	0.464389
180.715	0.463224
180.764	0.463254
180.813	0.460167
180.861	0.46838
180.911	0.461505
180.959	0.47055
181.007	0.471215
181.057	0.460554
181.106	0.47079
181.155	0.466547
181.204	0.467193
181.252	0.471133
181.301	0.463489
181.349	0.477352
181.398	0.461886
181.447	0.46803
181.496	0.464894
181.545	0.462865
181.594	0.466509
181.642	0.473013
181.691	0.468498
181.74	0.469375
181.789	0.469319
181.838	0.470925
181.886	0.470452
181.936	0.464086
181.984	0.473515
182.034	0.462962
182.082	0.475146
182.131	0.466974
182.179	0.47027
182.229	0.462811
182.278	0.469087
182.327	0.464655
182.375	0.476388
182.424	0.46691
182.473	0.471534
182.523	0.466023
182.571	0.472401
182.619	0.478372
182.669	0.458547
182.718	0.474212
182.766	0.469929
182.815	0.47126
182.864	0.46881
182.913	0.465765
182.962	0.467255
183.011	0.471929
183.06	0.470069
183.109	0.469411
183.157	0.471269
183.206	0.465379
183.255	0.471276
183.304	0.47022
183.353	0.469791
183.402	0.468726
183.451	0.469217
183.5	0.468069
183.548	0.475448
183.598	0.466059
183.646	0.470614
183.696	0.466668
183.744	0.473353
183.793	0.466629
183.842	0.468713
183.891	0.470219
183.94	0.471586
183.989	0.471318
184.038	0.472031
184.086	0.476626
184.135	0.470304
184.184	0.472682
184.233	0.472469
184.282	0.472687
184.331	0.476606
184.38	0.475497
184.429	0.469955
184.477	0.47842
184.526	0.46851
184.576	0.469395
184.624	0.473612
184.674	0.467557
184.722	0.483446
184.771	0.473255
184.82	0.472949
184.868	0.477207
184.917	0.47677
184.966	0.470081
185.015	0.481419
185.063	0.478526
185.113	0.474739
185.161	0.479809
185.21	0.469117
185.259	0.480295
185.308	0.472456
185.356	0.477698
185.405	0.473311
185.454	0.472496
185.503	0.477385
185.552	0.476936
185.601	0.478014
185.65	0.474236
185.698	0.482302
185.746	0.480354
185.795	0.478424
185.844	0.478612
185.893	0.479442
185.941	0.480683
185.99	0.477352
186.039	0.46997
186.088	0.477875
186.137	0.477324
186.185	0.475493
186.234	0.482759
186.283	0.475857
186.331	0.478643
186.38	0.479321
186.429	0.474412
186.477	0.478888
186.527	0.47445
186.575	0.478666
186.624	0.479269
186.672	0.479835
186.721	0.474926
186.771	0.471468
186.819	0.483282
186.868	0.472449
186.916	0.48204
186.965	0.478551
187.014	0.483475
187.063	0.476994
187.111	0.480557
187.16	0.478269
187.209	0.486837
187.257	0.483782
187.307	0.476367
187.356	0.477153
187.405	0.478307
187.453	0.484287
187.502	0.481398
187.55	0.482587
187.599	0.477298
187.649	0.478456
187.698	0.477429
187.746	0.485237
187.795	0.481071
187.844	0.481739
187.893	0.486936
187.941	0.489028
187.99	0.482826
188.039	0.475143
188.088	0.484011
188.137	0.480463
188.186	0.48235
188.235	0.474587
188.284	0.483042
188.333	0.47952
188.382	0.487283
188.431	0.480104
188.48	0.48479
188.528	0.484004
188.577	0.48805
188.627	0.477166
188.675	0.486115
188.724	0.488179
188.774	0.47312
188.822	0.486442
188.871	0.482364
188.92	0.484037
188.969	0.479508
189.018	0.481757
189.067	0.489482
189.116	0.482403
189.165	0.492483
189.214	0.481764
189.263	0.486936
189.311	0.496134
189.361	0.482745
189.41	0.48619
189.458	0.489587
189.507	0.485447
189.557	0.485395
189.606	0.484791
189.655	0.486026
189.704	0.4872
189.752	0.489045
189.801	0.489727
189.85	0.491249
189.899	0.486143
189.948	0.493044
189.997	0.484794
190.046	0.486022
190.094	0.495327
190.143	0.487916
190.193	0.484632
190.241	0.491606
190.29	0.488837
190.339	0.487682
190.388	0.490513
190.437	0.488385
190.486	0.483295
190.534	0.497389
190.584	0.484048
190.633	0.485989
190.681	0.499807
190.731	0.483887
190.78	0.490484
190.828	0.491815
190.877	0.492169
190.927	0.486972
190.975	0.493958
191.025	0.488463
191.073	0.492784
191.122	0.49538
191.171	0.489134
191.22	0.497323
191.269	0.492961
191.318	0.488909
191.367	0.494146
191.416	0.490346
191.465	0.493851
191.514	0.493896
191.563	0.493512
191.612	0.493125
191.661	0.489996
191.71	0.498236
191.758	0.494487
191.807	0.494078
191.856	0.494213
191.906	0.490867
191.954	0.496195
192.004	0.489531
192.053	0.493479
192.102	0.492125
192.15	0.500856
192.2	0.491622
192.249	0.49046
192.298	0.496465
192.346	0.498786
192.396	0.488569
192.445	0.499368
192.494	0.49397
192.543	0.496253
192.591	0.498154
192.64	0.493795
192.689	0.500779
192.738	0.492467
192.788	0.493862
192.836	0.4991
192.885	0.500687
192.935	0.489915
192.983	0.501038
193.032	0.496724
193.082	0.496131
193.132	0.488162
193.18	0.50451
193.229	0.496636
193.278	0.490261
193.328	0.494085
193.376	0.500551
193.425	0.496021
193.474	0.500911
193.523	0.500116
193.573	0.489731
193.622	0.497422
193.671	0.496454
193.72	0.501919
193.769	0.495373
193.818	0.501879
193.867	0.499052
193.916	0.498625
193.965	0.498471
194.013	0.502815
194.063	0.489331
194.112	0.500034
194.161	0.498029
194.21	0.494156
194.259	0.49767
194.308	0.506501
194.357	0.494436
194.406	0.500247
194.455	0.505528
194.505	0.497096
194.554	0.501854
194.603	0.500742
194.651	0.507637
194.7	0.498605
194.749	0.502512
194.798	0.502526
194.847	0.497914
194.896	0.50386
194.945	0.498746
194.994	0.504079
195.043	0.498254
195.092	0.505963
195.14	0.505874
195.19	0.498956
195.239	0.500909
195.287	0.519508
195.336	0.497271
195.385	0.502805
195.435	0.502411
195.483	0.504964
195.532	0.509713
195.581	0.49728
195.63	0.500092
195.678	0.512981
195.728	0.500795
195.777	0.503739
195.825	0.509147
195.874	0.508028
195.924	0.49798
195.973	0.507215
196.021	0.512377
196.071	0.497167
196.119	0.511863
196.168	0.505341
196.217	0.505953
196.266	0.509368
196.314	0.505145
196.364	0.503445
196.412	0.507612
196.461	0.506022
196.51	0.509106
196.559	0.506448
196.608	0.509297
196.657	0.506866
196.706	0.506892
196.754	0.510294
196.803	0.505404
196.852	0.514169
196.901	0.506842
196.949	0.515248
196.999	0.495973
197.048	0.509845
197.097	0.502858
197.146	0.508732
197.195	0.507145
197.244	0.512758
197.293	0.509634
197.341	0.512984
197.391	0.501177
197.44	0.507892
197.489	0.511437
197.538	0.508194
197.587	0.508517
197.636	0.509073
197.686	0.50497
197.734	0.520152
197.783	0.503691
197.832	0.509799
197.881	0.509671
197.93	0.514557
197.979	0.50272
198.028	0.511464
198.077	0.512513
198.126	0.511452
198.175	0.512805
198.224	0.511889
198.273	0.504975
198.322	0.51345
198.371	0.513166
198.42	0.513249
198.469	0.514248
198.519	0.504895
198.568	0.514446
198.616	0.512791
198.665	0.512426
198.714	0.517864
198.763	0.512774
198.812	0.508549
198.861	0.51278
198.91	0.519894
198.959	0.517904
199.008	0.514727
199.057	0.512049
199.106	0.515829
199.155	0.521111
199.204	0.517481
199.253	0.516908
199.302	0.509333
199.35	0.520844
199.4	0.511692
199.448	0.517466
199.497	0.516009
199.546	0.51287
199.595	0.517823
199.644	0.514763
199.693	0.524797
199.742	0.517436
199.79	0.526196
199.84	0.51032
199.889	0.517593
199.938	0.5177
199.987	0.5226
200.035	0.522604
200.084	0.521177
200.133	0.517731
200.182	0.518381
200.231	0.511526
200.28	0.523026
200.329	0.518246
200.378	0.515261
200.427	0.525451
200.476	0.515312
200.525	0.527258
200.574	0.517295
200.623	0.513298
200.671	0.529987
200.721	0.51454
200.769	0.524638
200.819	0.514535
200.868	0.518295
200.917	0.519894
200.966	0.516488
201.015	0.520476
201.063	0.526616
201.112	0.52358
201.161	0.521327
201.21	0.518259
201.259	0.524506
201.308	0.522856
201.357	0.517877
201.407	0.518206
201.455	0.525069
201.504	0.519901
201.553	0.521668
201.602	0.518216
201.651	0.524494
201.701	0.513012
201.749	0.522899
201.799	0.517652
201.847	0.529255
201.897	0.518232
201.946	0.521861
201.995	0.523687
202.044	0.521249
202.093	0.52846
202.142	0.521496
202.191	0.523008
202.24	0.516287
202.289	0.526363
202.337	0.528093
202.387	0.517953
202.436	0.521736
202.485	0.52617
202.534	0.519688
202.583	0.527179
202.632	0.521572
202.681	0.527782
202.73	0.523408
202.779	0.520979
202.828	0.526246
202.876	0.532736
202.926	0.517447
202.975	0.524876
203.023	0.531027
203.072	0.528714
203.121	0.523906
203.17	0.524223
203.219	0.525652
203.268	0.51721
203.317	0.526441
203.367	0.517274
203.415	0.524591
203.464	0.530714
203.513	0.523632
203.562	0.528001
203.611	0.525789
203.66	0.518103
203.708	0.542742
203.757	0.524761
203.806	0.523612
203.855	0.528826
203.904	0.522311
203.953	0.531417
204.002	0.524399
204.05	0.53187
204.099	0.527162
204.148	0.525262
204.197	0.529531
204.246	0.534764
204.295	0.527881
204.344	0.531888
204.393	0.533586
204.441	0.535101
204.49	0.537765
204.539	0.52572
204.588	0.533419
204.637	0.533474
204.686	0.530843
204.734	0.535472
204.783	0.533804
204.832	0.531098
204.881	0.527573
204.93	0.536547
204.978	0.535627
205.028	0.527879
205.076	0.543664
205.125	0.529358
205.174	0.532836
205.223	0.528595
205.272	0.535392
205.32	0.539619
205.369	0.529665
205.418	0.534443
205.467	0.524922
205.516	0.535472
205.565	0.527503
205.613	0.538663
205.662	0.529072
205.712	0.531166
205.761	0.531383
205.809	0.537876
205.859	0.523809
205.908	0.535782
205.956	0.532927
206.005	0.536459
206.054	0.528331
206.103	0.530116
206.151	0.537758
206.201	0.524839
206.25	0.531192
206.298	0.538254
206.347	0.531865
206.396	0.529751
206.446	0.531298
206.494	0.53707
206.543	0.532824
206.592	0.534603
206.641	0.53924
206.69	0.528944
206.739	0.533358
206.788	0.532196
206.838	0.530334
206.886	0.535287
206.936	0.529362
206.985	0.534367
207.034	0.534477
207.083	0.537469
207.132	0.537159
207.181	0.536754
207.23	0.539883
207.279	0.539846
207.327	0.542287
207.377	0.533859
207.426	0.53553
207.475	0.540564
207.524	0.539082
207.572	0.546897
207.621	0.531441
207.671	0.531985
207.72	0.537776
207.768	0.544736
207.818	0.528405
207.866	0.54504
207.916	0.530952
207.965	0.536136
208.014	0.534138
208.063	0.537298
208.111	0.540033
208.161	0.532912
208.209	0.539996
208.258	0.546108
208.307	0.531373
208.356	0.542656
208.405	0.537683
208.454	0.541829
208.503	0.537258
208.551	0.542055
208.601	0.533363
208.65	0.538957
208.699	0.534885
208.747	0.54469
208.796	0.546424
208.845	0.540745
208.894	0.541091
208.942	0.542252
208.992	0.537596
209.041	0.537883
209.089	0.549658
209.139	0.530885
209.187	0.542414
209.236	0.545611
209.285	0.530464
209.334	0.54106
209.383	0.545627
209.432	0.53505
209.481	0.546547
209.529	0.545011
209.579	0.540213
209.627	0.549164
209.676	0.547662
209.725	0.540351
209.774	0.545059
209.823	0.537443
209.872	0.539287
209.921	0.538775
209.97	0.544442
210.018	0.541002
210.068	0.535065
210.117	0.542454
210.166	0.539003
210.215	0.539425
210.264	0.546696
210.313	0.538145
210.361	0.549762
210.41	0.543663
210.46	0.541053
210.508	0.548352
210.558	0.541041
210.606	0.54867
210.655	0.545352
210.704	0.544672
210.753	0.544202
210.803	0.534417
210.851	0.549993
210.9	0.54811
210.95	0.53086
210.998	0.556904
211.047	0.538499
211.096	0.544501
211.145	0.543152
211.194	0.550041
211.243	0.548114
211.292	0.545749
211.341	0.546619
211.39	0.545068
211.439	0.549684
211.488	0.549601
211.537	0.544434
211.586	0.541949
211.635	0.551073
211.684	0.546139
211.733	0.55427
211.783	0.543881
211.831	0.562356
211.88	0.545437
211.929	0.553423
211.978	0.549262
212.027	0.54695
212.076	0.550282
212.126	0.544504
212.174	0.550116
212.223	0.548052
212.272	0.550216
212.321	0.5511
212.371	0.540153
212.42	0.554207
212.468	0.5512
212.518	0.548829
212.567	0.547729
212.616	0.552727
212.664	0.553985
212.714	0.545355
212.763	0.552725
212.812	0.550311
212.861	0.551413
212.909	0.554341
212.959	0.543489
213.008	0.554607
213.056	0.555035
213.106	0.543584
213.154	0.556271
213.204	0.543247
213.253	0.552309
213.302	0.551863
213.35	0.553646
213.399	0.550581
213.448	0.554688
213.497	0.555543
213.546	0.548974
213.595	0.552537
213.644	0.551567
213.693	0.55715
213.742	0.553622
213.79	0.559843
213.84	0.540379
213.889	0.554894
213.938	0.558309
213.986	0.556124
214.035	0.5523
214.085	0.550562
214.134	0.555736
214.182	0.56363
214.231	0.546379
214.28	0.557597
214.33	0.548493
214.378	0.564996
214.428	0.546551
214.476	0.562541
214.525	0.552396
214.574	0.55352
214.623	0.548191
214.672	0.552552
214.721	0.559355
214.769	0.558484
214.819	0.545262
214.868	0.561883
214.917	0.554179
214.966	0.560868
215.015	0.557557
215.064	0.550391
215.113	0.562062
215.161	0.559693
215.21	0.558628
215.259	0.555404
215.309	0.548513
215.357	0.56177
215.406	0.56258
215.455	0.555666
215.505	0.547652
215.553	0.564515
215.602	0.556943
215.651	0.562711
215.701	0.552905
215.749	0.566135
215.799	0.555612
215.848	0.556265
215.897	0.557505
215.945	0.562751
215.995	0.553996
216.044	0.55294
216.093	0.559468
216.142	0.55326
216.191	0.557883
216.24	0.558622
216.289	0.561236
216.338	0.564606
216.388	0.554436
216.437	0.560743
216.486	0.554623
216.535	0.564794
216.583	0.570611
216.633	0.553409
216.682	0.558485
216.73	0.562323
216.78	0.551872
216.829	0.56301
216.878	0.552324
216.927	0.566417
216.977	0.550172
217.026	0.557637
217.074	0.571056
217.123	0.558016
217.173	0.555411
217.222	0.56027
217.27	0.568712
217.319	0.558977
217.368	0.566105
217.418	0.55142
217.467	0.55924
217.516	0.561534
217.564	0.566308
217.613	0.565
217.662	0.556647
217.711	0.565554
217.76	0.561089
217.809	0.568378
217.858	0.563428
217.907	0.567437
217.956	0.5636
218.005	0.57044
218.054	0.559721
218.104	0.56017
218.152	0.574054
218.201	0.566946
218.25	0.56538
218.299	0.565833
218.347	0.569708
218.396	0.564054
218.446	0.562279
218.495	0.556765
218.544	0.571046
218.593	0.567583
218.641	0.56822
218.691	0.56321
218.739	0.567704
218.788	0.567857
218.837	0.569361
218.886	0.561532
218.935	0.575246
218.983	0.572048
219.033	0.556775
219.081	0.577384
219.131	0.559055
219.18	0.573175
219.229	0.566518
219.278	0.568329
219.327	0.567813
219.375	0.573661
219.424	0.568802
219.474	0.5645
219.523	0.569683
219.572	0.561403
219.621	0.577375
219.67	0.573179
219.719	0.57222
219.768	0.571725
219.817	0.565885
219.866	0.575569
219.915	0.563968
219.964	0.573007
220.013	0.577948
220.062	0.572994
220.111	0.566026
220.16	0.577281
220.209	0.568536
220.258	0.577702
220.307	0.571654
220.356	0.572227
220.405	0.576202
220.455	0.566624
220.504	0.574281
220.552	0.582775
220.602	0.567165
220.651	0.577915
220.7	0.56808
220.749	0.581394
220.798	0.569313
220.848	0.564894
220.897	0.572807
220.945	0.581925
220.995	0.561176
221.044	0.574708
221.093	0.57658
221.142	0.571491
221.19	0.584934
221.239	0.571562
221.289	0.572884
221.338	0.574137
221.387	0.568413
221.436	0.576915
221.485	0.567468
221.535	0.565444
221.584	0.571874
221.633	0.575549
221.682	0.573666
221.73	0.57666
221.78	0.573798
221.828	0.579571
221.878	0.571721
221.928	0.568262
221.976	0.582587
222.025	0.583789
222.073	0.583202
222.123	0.576982
222.172	0.575595
222.221	0.580116
222.27	0.5805
222.319	0.577075
222.368	0.578302
222.417	0.573435
222.466	0.575885
222.515	0.576558
222.564	0.582634
222.613	0.574703
222.662	0.582653
222.711	0.578226
222.76	0.586029
222.81	0.575488
222.858	0.588815
222.906	0.587584
222.956	0.578281
223.006	0.573764
223.054	0.589665
223.103	0.57772
223.152	0.583517
223.202	0.576643
223.25	0.588898
223.299	0.581459
223.348	0.580145
223.397	0.580693
223.446	0.580791
223.495	0.585769
223.544	0.581019
223.593	0.592398
223.642	0.58022
223.691	0.580147
223.741	0.57614
223.789	0.586205
223.838	0.593544
223.887	0.578485
223.936	0.581167
223.984	0.589897
224.034	0.580672
224.083	0.575318
224.132	0.584352
224.181	0.576558
224.23	0.580801
224.279	0.585257
224.328	0.579879
224.377	0.585894
224.426	0.580786
224.475	0.592956
224.524	0.577545
224.573	0.582868
224.622	0.579125
224.671	0.586047
224.72	0.580796
224.769	0.586384
224.818	0.581758
224.868	0.578101
224.916	0.592142
224.966	0.570695
225.014	0.58896
225.064	0.578266
225.113	0.580404
225.161	0.588684
225.211	0.576914
225.26	0.588274
225.309	0.582319
225.358	0.588695
225.407	0.584207
225.456	0.581008
225.505	0.587858
225.554	0.582128
225.603	0.576602
225.652	0.583224
225.701	0.588407
225.75	0.583781
225.8	0.576163
225.849	0.583347
225.898	0.580851
225.947	0.594227
225.996	0.586628
226.045	0.583912
226.095	0.587312
226.143	0.590314
226.192	0.587308
226.241	0.585278
226.29	0.583484
226.339	0.582857
226.389	0.581023
226.437	0.59204
226.487	0.58601
226.535	0.594455
226.585	0.580819
226.633	0.589673
226.683	0.58268
226.732	0.592571
226.781	0.584248
226.83	0.590286
226.879	0.590492
226.927	0.594926
226.977	0.588384
227.026	0.579981
227.075	0.600248
227.124	0.588072
227.173	0.591833
227.222	0.588394
227.271	0.592862
227.32	0.585245
227.369	0.592714
227.418	0.588393
227.467	0.584462
227.516	0.593122
227.565	0.585938
227.613	0.595231
227.662	0.586272
227.711	0.588508
227.76	0.591259
227.809	0.583944
227.858	0.587874
227.907	0.588837
227.957	0.585688
228.006	0.588182
228.055	0.585774
228.104	0.583851
228.153	0.592
228.202	0.583885
228.251	0.592679
228.3	0.583809
228.349	0.5881
228.398	0.592027
228.446	0.592214
228.495	0.592795
228.545	0.58531
228.594	0.586673
228.643	0.58836
228.692	0.593473
228.741	0.590958
228.79	0.583597
228.839	0.590992
228.888	0.594656
228.937	0.586047
228.986	0.585225
229.035	0.587622
229.085	0.580447
229.134	0.592288
229.183	0.583866
229.232	0.589149
229.281	0.598229
229.33	0.592885
229.379	0.596762
229.428	0.587433
229.477	0.58773
229.526	0.592842
229.576	0.58744
229.625	0.588971
229.674	0.583928
229.723	0.597243
229.772	0.585752
229.821	0.588101
229.87	0.594484
229.919	0.584191
229.969	0.588983
230.018	0.591232
230.066	0.594937
230.116	0.587874
230.165	0.585737
230.214	0.591377
230.263	0.593873
230.312	0.58931
230.362	0.582128
230.41	0.597224
230.46	0.582603
230.509	0.584941
230.558	0.595642
230.607	0.594346
230.656	0.592262
230.705	0.590608
230.755	0.585266
230.803	0.599148
230.852	0.592067
230.901	0.592999
230.951	0.5918
230.999	0.597019
231.049	0.588663
231.098	0.595981
231.147	0.599541
231.196	0.593209
231.245	0.601847
231.295	0.592333
231.344	0.595495
231.393	0.59983
231.442	0.59423
231.49	0.604241
231.54	0.589444
231.588	0.606351
231.637	0.604389
231.687	0.594482
231.736	0.593125
231.784	0.612418
231.834	0.589767
231.883	0.611406
231.932	0.591742
231.981	0.602596
232.031	0.600202
232.08	0.601497
232.128	0.602935
232.177	0.604861
232.227	0.592535
232.276	0.5936
232.325	0.598467
232.375	0.597826
232.423	0.608111
232.472	0.598495
232.521	0.603336
232.57	0.597548
232.62	0.59361
232.669	0.604212
232.718	0.604331
232.767	0.597548
232.816	0.597447
232.865	0.596466
232.915	0.597853
232.964	0.599822
233.013	0.602022
233.062	0.594883
233.11	0.60777
233.16	0.597046
233.209	0.604913
233.258	0.603221
233.307	0.606522
233.356	0.595504
233.405	0.604752
233.455	0.601345
233.504	0.603015
233.553	0.595997
233.602	0.604636
233.651	0.604781
233.7	0.600084
233.749	0.606077
233.798	0.596706
233.847	0.604781
233.897	0.594077
233.946	0.600837
233.995	0.608031
234.044	0.603996
234.093	0.602045
234.142	0.60414
234.191	0.599943
234.24	0.6043
234.29	0.599617
234.339	0.598164
234.388	0.603485
234.437	0.602588
234.486	0.597527
234.536	0.599219
234.584	0.605508
234.634	0.598167
234.683	0.604399
234.731	0.61166
234.781	0.596223
234.829	0.614584
234.879	0.593005
234.928	0.609781
234.977	0.603085
235.027	0.597813
235.075	0.611379
235.125	0.594937
235.174	0.611542
235.223	0.604664
235.272	0.609735
235.321	0.602173
235.371	0.603708
235.421	0.597939
235.469	0.612347
235.519	0.598158
235.568	0.603589
235.617	0.608407
235.666	0.606066
235.715	0.609465
235.764	0.608665
235.814	0.601361
235.862	0.613552
235.912	0.599485
235.961	0.61526
236.01	0.603752
236.059	0.615355
236.108	0.604196
236.157	0.606026
236.206	0.610564
236.255	0.606737
236.305	0.603972
236.353	0.61184
236.402	0.608724
236.451	0.612898
236.501	0.590511
236.55	0.617133
236.599	0.60369
236.648	0.612024
236.697	0.605366
236.746	0.607216
236.795	0.605671
236.844	0.609883
236.893	0.60214
236.942	0.603947
236.992	0.596334
237.041	0.607827
237.09	0.607807
237.139	0.602416
237.188	0.605644
237.237	0.615719
237.286	0.603547
237.336	0.602377
237.384	0.621157
237.433	0.604794
237.482	0.61083
237.532	0.600566
237.581	0.608696
237.63	0.610705
237.679	0.609112
237.728	0.610466
237.778	0.600963
237.827	0.615266
237.875	0.615183
237.925	0.607452
237.973	0.620993
238.022	0.615045
238.072	0.603989
238.121	0.610898
238.17	0.61073
238.219	0.609101
238.269	0.611552
238.318	0.61303
238.367	0.617171
238.416	0.608258
238.465	0.613379
238.514	0.615225
238.564	0.609454
238.613	0.605073
238.662	0.618964
238.711	0.611506
238.76	0.61725
238.809	0.61396
238.859	0.601344
238.908	0.618336
238.957	0.610999
239.006	0.61713
239.055	0.60991
239.105	0.610863
239.154	0.616299
239.203	0.609862
239.252	0.6155
239.302	0.606077
239.351	0.616859
239.4	0.617339
239.449	0.613305
239.498	0.606543
239.547	0.614173
239.596	0.617873
239.646	0.600376
239.696	0.606698
239.745	0.614405
239.794	0.612289
239.843	0.609234
239.891	0.624049
239.94	0.613544
239.99	0.609197
240.039	0.614072
240.088	0.617314
240.137	0.609243
240.186	0.617349
240.235	0.613938
240.285	0.606501
240.333	0.619523
240.383	0.607503
240.432	0.608943
240.481	0.616869
240.53	0.619355
240.579	0.609363
240.628	0.623854
240.677	0.609359
240.726	0.616731
240.775	0.625629
240.824	0.61269
240.873	0.619711
240.922	0.615779
240.971	0.617017
241.021	0.607431
241.069	0.625769
241.119	0.613395
241.167	0.620472
241.217	0.610294
241.266	0.615832
241.315	0.618426
241.364	0.610242
241.414	0.61714
241.462	0.622199
241.512	0.615701
241.561	0.610991
241.61	0.618359
241.659	0.620801
241.708	0.613593
241.757	0.622683
241.806	0.613887
241.856	0.607459
241.905	0.625133
241.954	0.612228
242.003	0.620393
242.052	0.619855
242.101	0.62106
242.15	0.621339
242.2	0.620659
242.249	0.617639
242.298	0.617608
242.347	0.61717
242.396	0.623945
242.445	0.623246
242.495	0.612347
242.543	0.626443
242.593	0.610752
242.642	0.617583
242.691	0.617375
242.74	0.62845
242.789	0.621726
242.839	0.612964
242.888	0.623222
242.937	0.617672
242.987	0.616443
243.035	0.631578
243.085	0.613372
243.134	0.625095
243.183	0.622185
243.232	0.623328
243.281	0.616616
243.33	0.625046
243.38	0.612571
243.429	0.621983
243.478	0.624625
243.527	0.62075
243.576	0.621537
243.626	0.620755
243.674	0.628248
243.724	0.618468
243.773	0.62255
243.822	0.617937
243.872	0.611414
243.921	0.632591
243.97	0.616942
244.02	0.621345
244.069	0.626939
244.117	0.626222
244.167	0.620529
244.216	0.617127
244.265	0.621502
244.314	0.62725
244.364	0.619651
244.413	0.622859
244.462	0.625077
244.511	0.618015
244.56	0.620817
244.61	0.620423
244.659	0.628113
244.708	0.616084
244.757	0.625786
244.807	0.61487
244.857	0.61572
244.906	0.623796
244.955	0.622567
245.004	0.619284
245.053	0.620045
245.103	0.621394
245.152	0.621363
245.202	0.61433
245.25	0.631739
245.3	0.61715
245.349	0.622841
245.398	0.635056
245.448	0.613789
245.497	0.630699
245.546	0.625976
245.595	0.626102
245.645	0.618337
245.694	0.627525
245.743	0.623998
245.793	0.624327
245.842	0.625876
245.891	0.622336
245.94	0.633274
245.99	0.618574
246.039	0.627538
246.088	0.619986
246.137	0.629887
246.187	0.626526
246.236	0.625516
246.285	0.624954
246.334	0.633548
246.383	0.632383
246.432	0.629371
246.482	0.622391
246.531	0.619358
246.58	0.633315
246.63	0.620698
246.679	0.627081
246.728	0.62924
246.777	0.630507
246.825	0.631821
246.875	0.617689
246.925	0.629846
246.974	0.628696
247.023	0.629879
247.073	0.616523
247.122	0.630906
247.172	0.619414
247.219	0.645301
247.269	0.620001
247.318	0.626356
247.368	0.626158
247.417	0.620435
247.466	0.636347
247.515	0.621599
247.564	0.632764
247.614	0.621211
247.663	0.627087
247.712	0.625569
247.761	0.630938
247.811	0.624804
247.861	0.617706
247.909	0.635104
247.958	0.629495
248.008	0.622842
248.057	0.623292
248.106	0.62808
248.156	0.62341
248.205	0.626883
248.254	0.625851
248.303	0.629357
248.353	0.621096
248.402	0.629291
248.452	0.621746
248.501	0.624036
248.551	0.629256
248.6	0.632001
248.649	0.633926
248.698	0.625365
248.748	0.630038
248.796	0.63588
248.846	0.629969
248.895	0.634377
248.944	0.627166
248.993	0.633217
249.043	0.622857
249.092	0.629741
249.141	0.64183
249.19	0.627453
249.24	0.629665
249.288	0.64357
249.338	0.624773
249.387	0.637857
249.436	0.64049
249.485	0.633727
249.534	0.633604
249.584	0.634186
249.633	0.633581
249.682	0.636813
249.731	0.634286
249.78	0.634764
249.829	0.636786
249.878	0.631665
249.928	0.635817
249.977	0.635856
250.026	0.642672
250.075	0.631171
250.124	0.642008
250.173	0.632842
250.223	0.631705
250.272	0.636967
250.321	0.637291
250.37	0.637732
250.419	0.636416
250.468	0.631066
250.517	0.643684
250.567	0.622022
250.616	0.640251
250.666	0.621295
250.714	0.649832
250.763	0.627451
250.813	0.632984
250.862	0.639059
250.91	0.636111
250.96	0.624149
251.009	0.638564
251.058	0.633174
251.108	0.628546
251.157	0.635784
251.206	0.631251
251.255	0.630044
251.305	0.633963
251.355	0.619901
251.403	0.641815
251.452	0.641557
251.502	0.626378
251.55	0.645935
251.599	0.633358
251.649	0.624729
251.699	0.634151
251.748	0.635363
251.797	0.634491
251.847	0.633388
251.895	0.643904
251.944	0.636613
251.994	0.62509
252.043	0.643252
252.092	0.636714
252.142	0.634708
252.191	0.633979
252.24	0.637905
252.29	0.62952
252.338	0.644616
252.388	0.627933
252.438	0.6322
252.488	0.630261
252.536	0.651027
252.585	0.638823
252.634	0.639001
252.684	0.636779
252.732	0.649743
252.782	0.633706
252.832	0.634593
252.881	0.642237
252.93	0.629936
252.979	0.645155
253.028	0.644255
253.077	0.635405
253.127	0.632141
253.176	0.643215
253.225	0.642576
253.274	0.639739
253.324	0.639196
253.373	0.640512
253.422	0.648292
253.472	0.631835
253.52	0.647899
253.57	0.636755
253.619	0.644002
253.668	0.643328
253.717	0.639218
253.767	0.638567
253.816	0.642101
253.865	0.646595
253.913	0.649713
253.963	0.633899
254.012	0.643694
254.062	0.63343
254.111	0.652575
254.16	0.637654
254.21	0.640272
254.259	0.644094
254.307	0.654194
254.356	0.639207
254.406	0.640025
254.455	0.640504
254.504	0.64516
254.554	0.636086
254.603	0.643802
254.653	0.636132
254.702	0.643054
254.75	0.654043
254.8	0.635988
254.849	0.646022
254.898	0.643596
254.947	0.643118
254.996	0.644816
255.045	0.647879
255.095	0.63845
255.144	0.650287
255.193	0.646507
255.242	0.638309
255.291	0.64872
255.341	0.639095
255.39	0.642985
255.439	0.63966
255.488	0.649063
255.537	0.653229
255.586	0.645267
255.636	0.631394
255.685	0.65437
255.734	0.645611
255.784	0.639776
255.833	0.647689
255.882	0.6484
255.931	0.646459
255.981	0.638774
256.029	0.650862
256.079	0.642347
256.128	0.64482
256.177	0.643375
256.226	0.639166
256.275	0.643386
256.325	0.641382
256.374	0.648183
256.423	0.641625
256.472	0.645023
256.521	0.647862
256.571	0.635173
256.62	0.654533
256.67	0.628036
256.718	0.657707
256.768	0.638208
256.818	0.640565
256.867	0.642601
256.916	0.642541
256.965	0.647844
257.014	0.641321
257.064	0.642167
257.113	0.649307
257.162	0.646164
257.211	0.64106
257.261	0.646029
257.31	0.642752
257.359	0.650752
257.408	0.645086
257.458	0.640769
257.506	0.651997
257.555	0.646973
257.606	0.633105
257.655	0.648375
257.704	0.648093
257.753	0.639854
257.802	0.650053
257.852	0.638698
257.901	0.650003
257.95	0.656958
258	0.63734
258.049	0.655085
258.098	0.638973
258.148	0.645761
258.197	0.649789
258.246	0.651258
258.295	0.639792
258.345	0.644032
258.394	0.645054
258.443	0.655145
258.493	0.642802
258.542	0.650375
258.591	0.643987
258.64	0.653348
258.69	0.643602
258.739	0.650933
258.789	0.649826
258.838	0.64741
258.887	0.649921
258.937	0.648455
258.986	0.648827
259.035	0.64691
259.085	0.647803
259.134	0.655121
259.182	0.663364
259.232	0.646309
259.281	0.648728
259.331	0.647251
259.38	0.652574
259.429	0.653703
259.479	0.641742
259.528	0.649591
259.577	0.644947
259.627	0.649302
259.676	0.648202
259.725	0.653683
259.775	0.645977
259.824	0.652798
259.874	0.643611
259.922	0.658245
259.972	0.643863
260.021	0.650842
260.071	0.639486
260.119	0.663301
260.169	0.647544
260.218	0.657814
260.267	0.650875
260.316	0.654336
260.366	0.649686
260.416	0.646035
260.465	0.651561
260.513	0.666759
260.563	0.647073
260.613	0.647503
260.662	0.658387
260.711	0.656411
260.76	0.654401
260.81	0.645172
260.859	0.657458
260.908	0.648985
260.957	0.655716
261.007	0.650023
261.056	0.657004
261.106	0.651587
261.154	0.662565
261.204	0.652645
261.253	0.656097
261.303	0.650528
261.351	0.663396
261.401	0.652307
261.45	0.648864
261.499	0.657829
261.548	0.662385
261.598	0.650483
261.647	0.654144
261.696	0.650859
261.745	0.660817
261.795	0.652876
261.844	0.656747
261.894	0.653955
261.943	0.656501
261.992	0.659346
262.041	0.654444
262.09	0.653288
262.14	0.648285
262.189	0.65955
262.238	0.660819
262.288	0.642262
262.336	0.669307
262.386	0.654679
262.435	0.656669
262.484	0.664813
262.534	0.648547
262.583	0.658038
262.632	0.660197
262.681	0.657441
262.73	0.658925
262.78	0.652544
262.829	0.655219
262.879	0.65505
262.928	0.657866
262.978	0.652328
263.027	0.664092
263.077	0.649189
263.126	0.658872
263.175	0.660574
263.224	0.665708
263.273	0.655799
263.323	0.65213
263.372	0.655321
263.421	0.661062
263.471	0.653907
263.519	0.673778
263.569	0.650121
263.618	0.666511
263.667	0.653394
263.717	0.658825
263.766	0.662219
263.815	0.655475
263.864	0.660237
263.914	0.654973
263.963	0.664253
264.012	0.665426
264.061	0.658118
264.111	0.651255
264.159	0.67131
264.209	0.65293
264.258	0.666568
264.307	0.659001
264.357	0.659874
264.406	0.66345
264.456	0.648485
264.505	0.660001
264.554	0.663883
264.603	0.665194
264.652	0.666208
264.702	0.649009
264.751	0.66222
264.8	0.667596
264.849	0.657756
264.898	0.668533
264.946	0.668698
264.996	0.653636
265.046	0.658311
265.095	0.6651
265.144	0.663236
265.193	0.665974
265.242	0.653889
265.292	0.662721
265.341	0.662979
265.389	0.669802
265.438	0.664637
265.488	0.656945
265.537	0.663322
265.586	0.661479
265.635	0.662516
265.684	0.664747
265.734	0.654283
265.783	0.658631
265.832	0.664717
265.882	0.658865
265.93	0.672934
265.98	0.656188
266.029	0.658851
266.078	0.667618
266.127	0.657749
266.176	0.669759
266.225	0.657671
266.275	0.654039
266.323	0.674829
266.373	0.655735
266.422	0.660794
266.471	0.667256
266.521	0.65301
266.57	0.660033
266.619	0.667751
266.668	0.661316
266.718	0.663744
266.767	0.660491
266.816	0.657767
266.866	0.660977
266.915	0.654421
266.964	0.665167
267.014	0.664152
267.063	0.664447
267.112	0.663374
267.161	0.664109
267.21	0.660549
267.259	0.667779
267.309	0.653787
267.358	0.667158
267.408	0.648154
267.457	0.670756
267.506	0.660878
267.555	0.669288
267.605	0.656832
267.654	0.664343
267.704	0.659352
267.752	0.671358
267.802	0.657688
267.851	0.662763
267.901	0.656178
267.949	0.678704
267.998	0.661797
268.048	0.660736
268.097	0.661596
268.146	0.667722
268.196	0.663072
268.245	0.665739
268.294	0.664583
268.343	0.671074
268.392	0.666938
268.441	0.670598
268.491	0.65696
268.54	0.666179
268.589	0.66597
268.639	0.662481
268.688	0.665542
268.737	0.667163
268.786	0.659249
268.835	0.674085
268.884	0.662822
268.933	0.669818
268.982	0.670347
269.032	0.661828
269.081	0.663354
269.131	0.667583
269.179	0.675035
269.229	0.661531
269.277	0.682907
269.327	0.661708
269.376	0.665353
269.424	0.678784
269.474	0.6631
269.524	0.66254
269.573	0.670206
269.621	0.676662
269.671	0.670563
269.719	0.673988
269.769	0.659317
269.818	0.678368
269.867	0.672859
269.917	0.65824
269.965	0.684085
270.015	0.666363
270.063	0.679839
270.113	0.669314
270.161	0.679418
270.211	0.669307
270.261	0.66087
270.309	0.67932
270.359	0.668639
270.407	0.676887
270.457	0.670521
270.506	0.670471
270.555	0.668222
270.604	0.672792
270.653	0.672645
270.703	0.661048
270.752	0.68157
270.801	0.672351
270.85	0.674401
270.899	0.675785
270.949	0.668803
270.998	0.672605
271.048	0.662234
271.097	0.675464
271.145	0.677278
271.195	0.666895
271.244	0.674257
271.293	0.672185
271.342	0.677763
271.391	0.669043
271.441	0.672858
271.489	0.681979
271.539	0.664153
271.588	0.676844
271.637	0.670757
271.686	0.681042
271.736	0.661029
271.785	0.680386
271.835	0.661468
271.883	0.676644
271.933	0.667409
271.983	0.666598
272.031	0.67853
272.081	0.669825
272.129	0.684464
272.179	0.669989
272.228	0.679356
272.277	0.665193
272.327	0.673233
272.376	0.673141
272.425	0.673448
272.475	0.669869
272.524	0.678622
272.573	0.670702
272.622	0.677135
272.672	0.66068
272.721	0.67927
272.77	0.676032
272.819	0.677377
272.869	0.665574
272.918	0.673985
272.966	0.686637
273.017	0.663192
273.065	0.681971
273.114	0.676343
273.164	0.676951
273.213	0.67413
273.262	0.672994
273.311	0.677791
273.36	0.687457
273.41	0.667641
273.459	0.674973
273.508	0.674794
273.558	0.674384
273.607	0.672979
273.656	0.68385
273.705	0.672484
273.755	0.677207
273.805	0.666611
273.854	0.679484
273.903	0.681208
273.952	0.68152
274.001	0.685241
274.05	0.682948
274.099	0.672988
274.148	0.689918
274.197	0.674346
274.246	0.683908
274.296	0.67312
274.345	0.678524
274.394	0.684348
274.443	0.680216
274.493	0.674275
274.542	0.681118
274.591	0.678392
274.64	0.679036
274.689	0.685978
274.738	0.682371
274.787	0.689558
274.837	0.674209
274.885	0.68709
274.935	0.671447
274.984	0.690209
275.034	0.672684
275.083	0.680557
275.132	0.68551
275.181	0.677151
275.23	0.679015
275.28	0.674149
275.329	0.688317
275.378	0.679163
275.428	0.681347
275.477	0.680969
275.525	0.695243
275.575	0.672251
275.624	0.67986
275.673	0.683831
275.723	0.681059
275.772	0.683467
275.821	0.683922
275.87	0.6869
275.919	0.678605
275.969	0.666603
276.018	0.68977
276.067	0.680424
276.117	0.684919
276.166	0.681806
276.215	0.678006
276.264	0.686549
276.314	0.675686
276.363	0.683526
276.412	0.683342
276.461	0.681431
276.51	0.686262
276.56	0.671988
276.61	0.680011
276.659	0.678961
276.708	0.688842
276.757	0.678401
276.806	0.689727
276.856	0.67397
276.905	0.687596
276.954	0.685079
277.004	0.67612
277.053	0.681195
277.102	0.684188
277.151	0.681198
277.2	0.689429
277.25	0.678735
277.299	0.68787
277.349	0.678695
277.397	0.691664
277.447	0.672109
277.496	0.697091
277.545	0.67458
277.594	0.687705
277.644	0.676011
277.692	0.694881
277.742	0.681249
277.791	0.678173
277.84	0.694535
277.889	0.685467
277.938	0.685585
277.988	0.686206
278.036	0.693585
278.086	0.681466
278.135	0.691565
278.184	0.68007
278.233	0.690869
278.282	0.683844
278.331	0.691955
278.381	0.677448
278.429	0.696794
278.479	0.671734
278.528	0.697065
278.577	0.691875
278.626	0.679867
278.675	0.692424
278.725	0.685576
278.774	0.688483
278.822	0.693117
278.872	0.680566
278.921	0.693396
278.97	0.69259
279.019	0.690375
279.068	0.691317
279.117	0.683714
279.167	0.682218
279.215	0.706304
279.265	0.685787
279.314	0.68292
279.363	0.694804
279.412	0.688086
279.461	0.690057
279.511	0.685224
279.56	0.691212
279.608	0.696096
279.657	0.690321
279.707	0.691339
279.756	0.690062
279.805	0.692934
279.854	0.692077
279.903	0.693556
279.952	0.694766
280.002	0.684712
280.051	0.691444
280.1	0.692067
280.149	0.685446
280.199	0.680873
280.248	0.684895
280.298	0.685529
280.346	0.693874
280.395	0.697292
280.445	0.6888
280.494	0.684039
280.543	0.691539
280.592	0.697173
280.641	0.69512
280.691	0.684337
280.74	0.68977
280.789	0.690657
280.838	0.689501
280.888	0.680877
280.937	0.685892
280.986	0.690806
281.035	0.692263
281.084	0.6877
281.134	0.686082
281.183	0.691144
281.232	0.692415
281.281	0.689986
281.33	0.690373
281.38	0.685902
281.429	0.687586
281.478	0.69307
281.527	0.690301
281.576	0.687713
281.625	0.696591
281.675	0.679152
281.725	0.683043
281.774	0.689704
281.822	0.700172
281.872	0.679343
281.921	0.701726
281.971	0.678888
282.02	0.698995
282.068	0.696476
282.118	0.68193
282.168	0.687996
282.217	0.690603
282.266	0.690469
282.315	0.690475
282.364	0.695912
282.414	0.685743
282.462	0.695779
282.512	0.679547
282.561	0.701758
282.61	0.687131
282.66	0.687806
282.709	0.693248
282.758	0.695844
282.807	0.698537
282.856	0.68871
282.906	0.689662
282.955	0.693351
283.004	0.691523
283.054	0.686923
283.102	0.707218
283.152	0.685246
283.202	0.687624
283.251	0.695674
283.3	0.689607
283.349	0.700533
283.399	0.686244
283.448	0.697749
283.497	0.689519
283.546	0.695414
283.595	0.698551
283.644	0.695893
283.694	0.691969
283.743	0.700251
283.792	0.691847
283.841	0.69846
283.89	0.699318
283.94	0.695879
283.99	0.684779
284.038	0.699024
284.087	0.699126
284.137	0.696408
284.186	0.694832
284.236	0.686852
284.285	0.703641
284.334	0.696005
284.383	0.701321
284.432	0.698725
284.481	0.703747
284.531	0.692035
284.579	0.703568
284.629	0.694814
284.678	0.701122
284.727	0.697313
284.777	0.688153
284.826	0.701801
284.875	0.698222
284.924	0.696972
284.973	0.703703
285.023	0.692085