90.0099	0.183835443
90.0453	0.182873114
90.08	0.18766887
90.1148	0.189283843
90.151	0.18348871
90.1865	0.187631686
90.2224	0.18611816
90.2578	0.188289137
90.2935	0.186237834
90.3292	0.186342984
90.3654	0.183399148
90.4008	0.188356611
90.4368	0.185315789
90.4724	0.186848354
90.5084	0.184947938
90.5448	0.182411097
90.5805	0.186770382
90.6163	0.186568018
90.6527	0.185597514
90.6889	0.188007424
90.7258	0.184625221
90.7612	0.193238478
90.7978	0.186024587
90.8345	0.185914709
90.8699	0.192386281
90.9068	0.18530684
90.9431	0.188387591
90.9796	0.187872936
91.0161	0.188086147
91.053	0.185477221
91.0893	0.188380969
91.1259	0.188194292
91.1627	0.188761725
91.199	0.191795515
91.2364	0.187415652
91.2728	0.191661179
91.3098	0.188401073
91.3461	0.192165711
91.384	0.18463218
91.4204	0.192060305
91.4574	0.190545153
91.4942	0.19152485
91.5313	0.19055409
91.5682	0.191084903
91.6053	0.191829313
91.6424	0.191860315
91.6801	0.190233706
91.7174	0.19238074
91.7546	0.192125466
91.7918	0.191572951
91.8289	0.193059411
91.8663	0.191519263
91.9039	0.190952248
91.9416	0.191279838
91.9785	0.195524601
92.0163	0.191271397
92.0538	0.192705543
92.0913	0.191979267
92.1291	0.191400235
92.167	0.191929512
92.2046	0.194941331
92.2422	0.195655753
92.2805	0.192331657
92.3178	0.196900595
92.3552	0.196800263
92.3932	0.194060087
92.4315	0.192345498
92.4687	0.198847479
92.5067	0.193972738
92.545	0.193597103
92.583	0.193857716
92.6207	0.195268193
92.6593	0.189815157
92.6973	0.195559361
92.7355	0.194870353
92.7742	0.194233586
92.8121	0.197620764
92.8504	0.195834597
92.8889	0.194488976
92.9273	0.195370354
92.9654	0.196188755
93.0038	0.194961269
93.0423	0.194956743
93.0803	0.198056007
93.119	0.19343793
93.1577	0.193297182
93.1964	0.193173489
93.2347	0.196926271
93.2734	0.196560002
93.3128	0.194663471
93.3513	0.199532616
93.3894	0.201367329
93.4284	0.196893127
93.4672	0.198078935
93.5063	0.197023684
93.5449	0.200056635
93.5839	0.197633512
93.6229	0.199239658
93.6617	0.198909468
93.7013	0.194964845
93.74	0.198980467
93.7784	0.202016117
93.8176	0.199426341
93.8571	0.199373011
93.8963	0.200937062
93.9352	0.202412973
93.9745	0.200121095
94.0137	0.200614402
94.0534	0.197859153
94.0917	0.206082067
94.1311	0.199684886
94.1705	0.200691054
94.2103	0.199267965
94.2496	0.2014333
94.2887	0.202448165
94.3285	0.199699186
94.3675	0.203336085
94.4069	0.203637794
94.447	0.200510818
94.4861	0.206263853
94.5259	0.2017184
94.5649	0.206196549
94.6047	0.201839625
94.6441	0.20462339
94.6838	0.202859552
94.7241	0.200080638
94.7634	0.205663056
94.8034	0.201924676
94.8427	0.205570463
94.8825	0.203322163
94.9217	0.206282694
94.9619	0.202872379
95.0016	0.205883161
95.0411	0.20650564
95.0812	0.203090194
95.121	0.205081206
95.1612	0.203355161
95.2017	0.201508267
95.2412	0.206842475
95.2813	0.203934474
95.3212	0.20573309
95.3608	0.207441616
95.4008	0.205495984
95.4413	0.203130337
95.4818	0.203411361
95.5214	0.207377819
95.5617	0.204605046
95.6018	0.206718631
95.6422	0.205023957
95.6821	0.207994501
95.7225	0.205186199
95.7624	0.208340526
95.8032	0.204532567
95.8427	0.212240556
95.8836	0.205176013
95.924	0.208484755
95.9645	0.208595428
96.0048	0.208453815
96.0453	0.208606221
96.0853	0.209504684
96.1265	0.202997193
96.1671	0.205393345
96.2076	0.206721738
96.2483	0.207044786
96.2892	0.206043812
96.3289	0.212873941
96.3705	0.203614304
96.4106	0.211071562
96.4511	0.209781519
96.4922	0.206933783
96.5328	0.209887486
96.5735	0.210865113
96.6151	0.206325307
96.6558	0.211002218
96.6965	0.209757065
96.7373	0.20847523
96.7784	0.207205524
96.8193	0.208263241
96.8609	0.206011176
96.902	0.20927975
96.9425	0.213023675
96.9836	0.210361594
97.0245	0.210964612
97.0657	0.209106306
97.1071	0.208442806
97.1481	0.210453034
97.1896	0.208600938
97.2308	0.209340642
97.2711	0.214837371
97.3131	0.206119944
97.3547	0.207948249
97.3956	0.212499921
97.4368	0.212216743
97.478	0.212861915
97.5187	0.216042226
97.5602	0.211695183
97.6014	0.213568681
97.6433	0.20993911
97.685	0.211144055
97.7258	0.216371033
97.7675	0.211943339
97.8089	0.211647361
97.8509	0.208735024
97.8917	0.21480317
97.9338	0.208635287
97.975	0.214622345
98.0165	0.21383633
98.0579	0.214510679
98.0996	0.213461506
98.1416	0.212284055
98.1834	0.213124613
98.2248	0.215863558
98.2664	0.214415579
98.3082	0.213391077
98.3495	0.215426663
98.3914	0.211801574
98.4337	0.210346663
98.4752	0.215270078
98.517	0.215683634
98.5586	0.218651349
98.6009	0.215619587
98.642	0.221364623
98.6844	0.214375032
98.7262	0.21781207
98.768	0.216838628
98.81	0.215985625
98.8519	0.216601016
98.8938	0.21687037
98.9358	0.215494883
98.9779	0.214636214
99.0194	0.217866521
99.0613	0.21725088
99.1041	0.213487087
99.146	0.220262855
99.1882	0.21852358
99.2303	0.219032892
99.273	0.215953948
99.3146	0.221030049
99.3566	0.219293875
99.3991	0.21674078
99.4409	0.220336506
99.4835	0.216202759
99.5252	0.220214719
99.5678	0.214207067
99.6108	0.212314068
99.6527	0.220975999
99.696	0.214642306
99.7381	0.221937471
99.78	0.222670361
99.8221	0.221834997
99.8653	0.215890652
99.907	0.222956105
99.95	0.216195561
99.9923	0.219896546
100.035	0.219065843
100.077	0.217340788
100.12	0.219795724
100.163	0.213868956
100.205	0.220057661
100.248	0.219495352
100.289	0.22589583
100.333	0.218884828
100.375	0.223178705
100.418	0.220608486
100.46	0.223096318
100.503	0.22032747
100.546	0.218876992
100.588	0.223877356
100.631	0.218864383
100.674	0.219995812
100.716	0.220954542
100.759	0.221306523
100.802	0.219185811
100.844	0.221943218
100.887	0.219504984
100.93	0.22473346
100.972	0.224303522
101.016	0.223247571
101.058	0.224853433
101.102	0.22151959
101.144	0.225455029
101.186	0.2261395
101.23	0.220622316
101.273	0.22168624
101.315	0.224272144
101.358	0.223005545
101.401	0.224846274
101.444	0.220197634
101.487	0.224117385
101.53	0.218875923
101.573	0.22543172
101.616	0.228360964
101.658	0.227836186
101.702	0.225254075
101.745	0.226898038
101.788	0.228578134
101.83	0.22907404
101.873	0.226230774
101.917	0.224704182
101.959	0.228971993
102.003	0.22423607
102.046	0.225167618
102.089	0.223866708
102.132	0.22593447
102.175	0.227398011
102.218	0.226331342
102.261	0.229947556
102.305	0.226316023
102.348	0.22769679
102.391	0.228071648
102.435	0.229136952
102.477	0.230982952
102.521	0.226918756
102.564	0.22895706
102.607	0.226638501
102.65	0.226471584
102.694	0.224506968
102.737	0.224405354
102.781	0.228085208
102.824	0.226247991
102.867	0.230193524
102.91	0.230138948
102.954	0.225912411
102.997	0.231998903
103.041	0.228496763
103.085	0.227645202
103.128	0.23204397
103.171	0.231054688
103.215	0.229912447
103.258	0.227351129
103.302	0.226727799
103.345	0.229198678
103.389	0.226941123
103.432	0.231618836
103.476	0.2281895
103.519	0.232762651
103.563	0.228989049
103.607	0.229701577
103.65	0.230732279
103.694	0.229048848
103.738	0.232313524
103.782	0.23246854
103.825	0.233831627
103.869	0.227637517
103.913	0.23105979
103.957	0.22781252
104	0.233268225
104.043	0.230622388
104.087	0.231846048
104.131	0.22947344
104.175	0.231792714
104.218	0.237159855
104.262	0.234126571
104.306	0.230933557
104.35	0.233189108
104.394	0.235519586
104.438	0.23248074
104.481	0.237259988
104.525	0.230610924
104.569	0.232509226
104.613	0.23130327
104.657	0.230876917
104.7	0.238820028
104.745	0.230549358
104.789	0.237076876
104.832	0.237042428
104.877	0.233980574
104.921	0.235112915
104.964	0.240970113
105.008	0.231790172
105.052	0.236418659
105.097	0.232414155
105.14	0.234622463
105.184	0.234971674
105.228	0.234871534
105.273	0.232550813
105.317	0.234300769
105.361	0.236161657
105.405	0.234319735
105.449	0.237385203
105.493	0.237235378
105.538	0.234144411
105.582	0.237946963
105.626	0.238235107
105.671	0.23507144
105.715	0.23453956
105.76	0.23562223
105.803	0.238087873
105.847	0.240590764
105.892	0.234792239
105.936	0.234787866
105.981	0.236901364
106.024	0.24144549
106.068	0.238057336
106.113	0.233567952
106.157	0.241059245
106.201	0.238286441
106.246	0.237309223
106.29	0.23614714
106.334	0.240169652
106.379	0.235781691
106.423	0.241496707
106.467	0.240783206
106.512	0.239688145
106.556	0.239945246
106.6	0.239567488
106.645	0.237810449
106.689	0.241327383
106.734	0.240073226
106.778	0.239023057
106.823	0.240720187
106.867	0.239143401
106.912	0.241801426
106.956	0.243781046
107.001	0.239492875
107.046	0.240953349
107.09	0.243639354
107.134	0.241806201
107.179	0.240829058
107.223	0.244119413
107.267	0.244464987
107.312	0.242437747
107.356	0.244660774
107.401	0.239872876
107.446	0.242700102
107.491	0.240372488
107.535	0.246165551
107.579	0.245675219
107.623	0.246098258
107.668	0.242337375
107.713	0.246386227
107.757	0.245363893
107.802	0.243871369
107.846	0.24412913
107.891	0.244761708
107.935	0.247726215
107.98	0.241307515
108.025	0.240929016
108.07	0.244755614
108.114	0.247451928
108.159	0.244272605
108.204	0.244800343
108.248	0.248581665
108.293	0.244270264
108.338	0.242234733
108.382	0.250300988
108.427	0.241587674
108.472	0.248846009
108.517	0.243837248
108.562	0.244697813
108.607	0.243892591
108.651	0.244877915
108.696	0.244894382
108.74	0.250285226
108.786	0.245579159
108.83	0.249171121
108.875	0.245803925
108.92	0.248148351
108.965	0.245556248
109.01	0.248206074
109.054	0.248503103
109.099	0.246008287
109.144	0.250699307
109.189	0.243737349
109.234	0.246963249
109.279	0.247378576
109.323	0.246766599
109.368	0.246899166
109.413	0.249752742
109.458	0.248943582
109.503	0.251346501
109.548	0.247217284
109.593	0.253652765
109.637	0.252385457
109.682	0.249700642
109.727	0.249763298
109.772	0.250976129
109.818	0.247498947
109.863	0.2507797
109.907	0.252056232
109.953	0.248200328
109.997	0.251851184
110.042	0.249884808
110.087	0.255916346
110.132	0.253394082
110.177	0.254175323
110.222	0.249704882
110.267	0.255234267
110.312	0.254501068
110.357	0.250547782
110.402	0.252830659
110.447	0.253109307
110.492	0.248918989
110.537	0.251763392
110.582	0.254799804
110.627	0.253572011
110.672	0.253218754
110.717	0.250261595
110.762	0.255384221
110.807	0.256335301
110.852	0.254917596
110.897	0.25312303
110.942	0.257936146
110.987	0.253992144
111.033	0.252502971
111.078	0.254981911
111.123	0.252714095
111.168	0.252492527
111.213	0.254556211
111.259	0.250299965
111.304	0.256729162
111.349	0.255740649
111.394	0.256726627
111.439	0.259458001
111.484	0.259260665
111.53	0.250288972
111.575	0.256541425
111.62	0.258986647
111.666	0.254093555
111.711	0.256601038
111.756	0.25466847
111.801	0.254084218
111.847	0.254217214
111.892	0.254393276
111.937	0.258059853
111.983	0.25379442
112.027	0.260667198
112.073	0.25838416
112.118	0.257682319
112.164	0.254701123
112.209	0.257877883
112.254	0.257919118
112.299	0.259273571
112.345	0.257990194
112.39	0.254025345
112.435	0.263239933
112.481	0.251426035
112.526	0.256808846
112.572	0.257181937
112.617	0.25766164
112.662	0.262496647
112.707	0.261259897
112.753	0.259263981
112.799	0.25966604
112.844	0.259683621
112.889	0.261004327
112.935	0.257334891
112.98	0.260843349
113.026	0.256998901
113.071	0.258972396
113.116	0.261198379
113.162	0.25705195
113.207	0.259957544
113.253	0.25715569
113.299	0.261111053
113.344	0.261083588
113.389	0.264066638
113.435	0.260076417
113.481	0.260294862
113.527	0.257958605
113.572	0.262438924
113.618	0.258940229
113.663	0.262653984
113.709	0.258996658
113.754	0.259520641
113.8	0.260865034
113.845	0.26212177
113.891	0.260460861
113.936	0.264345764
113.981	0.266553052
114.027	0.261565539
114.073	0.264339756
114.118	0.265853828
114.165	0.259689588
114.211	0.262894383
114.256	0.261372351
114.302	0.262226521
114.348	0.258324453
114.393	0.261787936
114.439	0.262613075
114.485	0.263409954
114.531	0.260582604
114.576	0.265899178
114.622	0.267714949
114.667	0.267504971
114.714	0.260913557
114.759	0.266468463
114.805	0.264282119
114.851	0.263734251
114.897	0.260419823
114.942	0.263427082
114.988	0.2629585
115.034	0.263649214
115.08	0.261711869
115.126	0.264253213
115.171	0.267159175
115.217	0.265757346
115.263	0.265654754
115.309	0.263810083
115.354	0.268914156
115.4	0.264883308
115.446	0.264494453
115.492	0.263379916
115.538	0.263729284
115.584	0.264825524
115.63	0.263994386
115.675	0.265587264
115.721	0.265531229
115.767	0.26388782
115.813	0.26719362
115.859	0.267267675
115.904	0.271382323
115.951	0.264864397
115.996	0.270294275
116.041	0.269891729
116.087	0.268248143
116.133	0.2635732
116.179	0.265173711
116.225	0.264742895
116.271	0.262454671
116.317	0.266563979
116.362	0.267968342
116.408	0.265880558
116.454	0.266185143
116.5	0.269319633
116.546	0.269412938
116.592	0.266636145
116.638	0.270727016
116.684	0.264906174
116.73	0.268995627
116.776	0.268437123
116.821	0.267195486
116.867	0.269391782
116.914	0.262931993
116.959	0.269801178
117.005	0.269830862
117.051	0.265814088
117.098	0.267007147
117.143	0.274641588
117.189	0.270351742
117.236	0.265367845
117.282	0.272612344
117.328	0.268598275
117.373	0.272247958
117.42	0.266593956
117.466	0.267791129
117.512	0.267527948
117.557	0.27173387
117.604	0.265362586
117.65	0.269348839
117.696	0.268171884
117.742	0.270313404
117.788	0.271382436
117.834	0.272572171
117.88	0.273132392
117.926	0.274727286
117.972	0.269663618
118.018	0.272916369
118.064	0.270218594
118.111	0.267245324
118.157	0.271731791
118.203	0.265334729
118.249	0.274602083
118.296	0.266076264
118.342	0.271344298
118.388	0.270734607
118.434	0.273509844
118.48	0.273821783
118.526	0.269744189
118.572	0.274065684
118.618	0.273746334
118.665	0.269778761
118.711	0.272295108
118.757	0.272948449
118.803	0.272035813
118.849	0.270755235
118.895	0.273202743
118.942	0.272185408
118.988	0.27519628
119.034	0.271992172
119.08	0.271121085
119.126	0.273994184
119.173	0.270092246
119.219	0.277717342
119.265	0.271583946
119.312	0.271844176
119.358	0.274049399
119.403	0.275008775
119.45	0.273697597
119.497	0.269310199
119.543	0.275480886
119.589	0.277414737
119.636	0.271121692
119.682	0.274738342
119.728	0.275408523
119.774	0.278035522
119.821	0.274527909
119.867	0.275806934
119.913	0.275780894
119.959	0.276999302
120.005	0.274529627
120.052	0.273207321
120.099	0.273339213
120.145	0.27667755
120.191	0.27748477
120.237	0.274438309
120.284	0.271647346
120.33	0.280661307
120.377	0.273395743
120.424	0.273341608
120.469	0.278758645
120.516	0.27524722
120.563	0.27533872
120.609	0.281114774
120.655	0.275686281
120.701	0.281727256
120.747	0.280858469
120.795	0.271859676
120.841	0.280882963
120.887	0.280841575
120.934	0.278804637
120.98	0.280134358
121.027	0.273682483
121.073	0.27770602
121.12	0.276574407
121.166	0.28154796
121.212	0.276505916
121.259	0.27892147
121.305	0.28125288
121.352	0.28008422
121.398	0.283068452
121.445	0.279723327
121.491	0.282237717
121.538	0.277425632
121.584	0.280410496
121.63	0.281439848
121.677	0.277992718
121.723	0.282349053
121.77	0.27805276
121.816	0.281052331
121.863	0.282016083
121.909	0.284068765
121.956	0.276749996
122.002	0.281962822
122.049	0.281986052
122.095	0.284145564
122.141	0.28086069
122.188	0.280296895
122.235	0.278980004
122.281	0.278650092
122.328	0.281128846
122.374	0.282053207
122.421	0.281194003
122.467	0.283366905
122.514	0.279128075
122.561	0.28236335
122.607	0.282388233
122.653	0.285163564
122.7	0.278281557
122.747	0.283361439
122.793	0.279157888
122.84	0.279930637
122.886	0.281661924
122.933	0.28320469
122.979	0.282320311
123.026	0.283806549
123.073	0.281335514
123.119	0.282234077
123.166	0.286145641
123.213	0.28442264
123.259	0.286026534
123.306	0.282058408
123.353	0.283597948
123.399	0.284002396
123.445	0.286013505
123.492	0.282545261
123.539	0.280856088
123.586	0.28422712
123.633	0.282093104
123.679	0.286235407
123.726	0.281950531
123.772	0.290025523
123.819	0.28254949
123.866	0.285449444
123.913	0.284843828
123.959	0.286786506
124.005	0.290305859
124.053	0.278625373
124.099	0.285983987
124.146	0.284583376
124.193	0.284582051
124.239	0.288718549
124.286	0.286759601
124.332	0.287413869
124.379	0.286948708
124.426	0.285349754
124.472	0.290099855
124.519	0.287406569
124.566	0.290697461
124.613	0.28459672
124.659	0.288479109
124.706	0.285107102
124.752	0.289209357
124.799	0.285950871
124.846	0.286529984
124.892	0.292043856
124.94	0.286257384
124.986	0.291456075
125.032	0.290877325
125.08	0.285013711
125.126	0.291337128
125.174	0.286500773
125.22	0.292845236
125.267	0.287148261
125.313	0.291218968
125.36	0.287442482
125.407	0.290376572
125.454	0.284646873
125.501	0.289403648
125.548	0.288675439
125.594	0.294931949
125.641	0.286392762
125.688	0.29170325
125.735	0.287900766
125.782	0.292554966
125.828	0.29276841
125.876	0.287777729
125.921	0.296861865
125.967	0.29666788
126.015	0.287515554
126.062	0.291305014
126.109	0.288074124
126.156	0.289604109
126.202	0.298181305
126.249	0.288995875
126.296	0.291051979
126.343	0.29178676
126.39	0.291682463
126.437	0.291718191
126.484	0.292582444
126.53	0.293905728
126.577	0.290825982
126.625	0.289036579
126.671	0.294714783
126.718	0.294880851
126.765	0.288995218
126.812	0.296736823
126.859	0.289116575
126.905	0.298732829
126.953	0.291084741
126.999	0.295635671
127.046	0.292877459
127.093	0.299529689
127.14	0.289727022
127.187	0.295737793
127.234	0.290150564
127.281	0.297409298
127.327	0.294487176
127.374	0.294970096
127.421	0.297657434
127.468	0.296906024
127.515	0.294017898
127.562	0.291790808
127.61	0.295012266
127.656	0.296222649
127.703	0.298122485
127.75	0.29513694
127.797	0.299901826
127.844	0.294726862
127.891	0.296627447
127.938	0.294917201
127.985	0.294657295
128.032	0.29715475
128.079	0.296878386
128.125	0.297212764
128.173	0.293937021
128.22	0.297640855
128.267	0.297294095
128.314	0.293690541
128.36	0.300570586
128.407	0.296286737
128.454	0.296979746
128.501	0.299475724
128.548	0.29523582
128.595	0.295328054
128.642	0.2976199
128.689	0.298383325
128.736	0.298078141
128.783	0.296323189
128.83	0.297213921
128.878	0.293139511
128.924	0.297625884
128.971	0.300651041
129.018	0.296085445
129.065	0.294755781
129.112	0.29675006
129.159	0.298152512
129.206	0.299394097
129.253	0.299211152
129.301	0.294595637
129.348	0.298248114
129.394	0.300948088
129.442	0.296393254
129.489	0.297562693
129.535	0.299708955
129.583	0.292821039
129.631	0.294204411
129.677	0.298098595
129.725	0.29530366
129.772	0.29581298
129.819	0.296383619
129.866	0.30019487
129.913	0.300614889
129.96	0.295263892
130.008	0.296921862
130.055	0.299905883
130.102	0.297389984
130.148	0.301657138
130.195	0.29959374
130.243	0.296485475
130.29	0.298926902
130.337	0.294728525
130.384	0.301428402
130.431	0.29692536
130.478	0.297866985
130.526	0.300468726
130.573	0.299944582
130.62	0.302695234
130.667	0.299796595
130.714	0.297081797
130.761	0.301431452
130.808	0.301859364
130.855	0.304745376
130.903	0.295169731
130.95	0.301224506
130.997	0.296868093
131.044	0.298375498
131.091	0.300756169
131.138	0.300391868
131.185	0.303540415
131.233	0.299320769
131.28	0.305647119
131.327	0.303115738
131.374	0.301990708
131.422	0.297085164
131.468	0.304293704
131.516	0.300858187
131.563	0.303236151
131.61	0.298100175
131.657	0.302040326
131.704	0.302279177
131.752	0.301205452
131.799	0.303981588
131.846	0.304740733
131.893	0.303415891
131.94	0.305006317
131.987	0.308094706
132.034	0.30481517
132.082	0.301809512
132.129	0.306507392
132.177	0.300025176
132.223	0.308699524
132.271	0.302330331
132.318	0.30426601
132.365	0.305210486
132.413	0.300500653
132.46	0.308095661
132.507	0.30563275
132.554	0.302515051
132.601	0.308742286
132.649	0.300115473
132.696	0.306816065
132.744	0.304619034
132.791	0.309797933
132.838	0.305793082
132.885	0.303819286
132.933	0.305661366
132.98	0.309458668
133.027	0.304766423
133.075	0.307748343
133.122	0.306775832
133.169	0.305647792
133.216	0.309173308
133.264	0.304677947
133.311	0.308278985
133.358	0.305886414
133.406	0.305711914
133.453	0.305474226
133.5	0.311681889
133.547	0.308182698
133.594	0.307791678
133.642	0.303545607
133.689	0.306547502
133.736	0.306571608
133.784	0.308392525
133.831	0.308186395
133.878	0.307586408
133.925	0.309761493
133.972	0.307421789
134.019	0.311131881
134.067	0.30550562
134.114	0.308505527
134.162	0.302909998
134.209	0.312266348
134.257	0.30688517
134.304	0.309067789
134.351	0.310701454
134.399	0.303289403
134.446	0.310493072
134.493	0.311511963
134.541	0.306243253
134.588	0.313173889
134.636	0.306792458
134.682	0.31550439
134.73	0.312227755
134.777	0.312562295
134.825	0.307403363
134.871	0.319703041
134.919	0.310092655
134.967	0.308179271
135.014	0.312364419
135.061	0.312696338
135.108	0.313054783
135.156	0.307441849
135.204	0.314167823
135.251	0.315201468
135.298	0.312238895
135.345	0.319663803
135.393	0.312048479
135.441	0.313935902
135.488	0.315939566
135.535	0.3160119
135.582	0.31594317
135.63	0.312534136
135.678	0.310321181
135.726	0.313176193
135.773	0.316912684
135.821	0.312835003
135.868	0.320937191
135.916	0.309746203
135.963	0.319856763
136.011	0.318116974
136.058	0.317656491
136.106	0.318442501
136.153	0.314813089
136.201	0.315528636
136.249	0.316032
136.296	0.317918269
136.344	0.312542543
136.391	0.320198526
136.439	0.318819413
136.487	0.316189262
136.533	0.323309528
136.581	0.320162165
136.629	0.317234655
136.676	0.319239219
136.723	0.322027669
136.771	0.315884671
136.819	0.318313196
136.866	0.319739074
136.913	0.321541602
136.961	0.318403409
137.009	0.315465191
137.057	0.318345997
137.104	0.32065548
137.151	0.323760572
137.199	0.314376519
137.247	0.320420279
137.294	0.321691268
137.342	0.321421437
137.389	0.320987134
137.437	0.321579297
137.484	0.322183156
137.532	0.319535184
137.58	0.321062182
137.627	0.323764977
137.675	0.316875338
137.722	0.326067611
137.77	0.322263809
137.818	0.319195456
137.865	0.325963206
137.912	0.32150216
137.96	0.318378118
138.008	0.324372257
138.055	0.320842498
138.102	0.327187754
138.15	0.320591535
138.198	0.319844479
138.246	0.321919244
138.293	0.323311291
138.341	0.324175885
138.388	0.322718951
138.436	0.326532097
138.484	0.320796962
138.532	0.321075297
138.579	0.321376084
138.626	0.328332583
138.674	0.322695627
138.722	0.320122456
138.769	0.324204569
138.817	0.3203492
138.865	0.324137058
138.913	0.321658558
138.96	0.32183103
139.008	0.324691616
139.056	0.320886612
139.103	0.326301601
139.151	0.32257391
139.199	0.324753671
139.247	0.323272916
139.294	0.328590213
139.342	0.322036145
139.389	0.325683694
139.437	0.324175764
139.485	0.32339052
139.532	0.325629125
139.58	0.321370537
139.627	0.32535244
139.675	0.325964548
139.723	0.3233773
139.771	0.324741808
139.818	0.32714883
139.867	0.320597607
139.914	0.324531231
139.961	0.328987438
140.009	0.324659176
140.057	0.323539326
140.105	0.322039359
140.153	0.32274073
140.2	0.326187427
140.248	0.324289879
140.295	0.326567948
140.343	0.324415241
140.391	0.3290791
140.439	0.322415391
140.487	0.327810877
140.534	0.327064745
140.582	0.327809214
140.63	0.323245671
140.677	0.326968904
140.725	0.324964968
140.773	0.32674826
140.821	0.321942583
140.868	0.331034802
140.915	0.329774181
140.963	0.32936997
141.011	0.323002652
141.059	0.329581696
141.107	0.326021583
141.154	0.33051677
141.202	0.327141075
141.25	0.327040609
141.298	0.325620779
141.345	0.332288412
141.394	0.323234212
141.441	0.330205096
141.489	0.324364385
141.537	0.328143566
141.585	0.328205982
141.632	0.329504624
141.68	0.329941956
141.728	0.329652735
141.776	0.325964197
141.824	0.330504912
141.872	0.329324773
141.919	0.330528642
141.968	0.323994013
142.015	0.333064309
142.063	0.323347126
142.11	0.333056212
142.159	0.323267928
142.207	0.32902751
142.255	0.329605391
142.303	0.33058548
142.35	0.332300761
142.398	0.330887994
142.446	0.334505197
142.494	0.327996281
142.541	0.333070732
142.589	0.333641062
142.637	0.327877499
142.685	0.332011911
142.733	0.331659781
142.78	0.330518976
142.829	0.325548191
142.876	0.334290862
142.924	0.331196674
142.972	0.33530448
143.019	0.33500225
143.067	0.332495329
143.115	0.334972256
143.163	0.334796178
143.211	0.333137178
143.258	0.337260775
143.306	0.331312981
143.354	0.334325702
143.402	0.334085978
143.449	0.332995642
143.497	0.330791044
143.545	0.336055909
143.593	0.3293642
143.64	0.341920345
143.688	0.331918238
143.736	0.33609452
143.784	0.331175277
143.832	0.333619558
143.879	0.335864171
143.927	0.332724112
143.976	0.332072395
144.023	0.335292044
144.07	0.337759336
144.119	0.329356598
144.166	0.337349628
144.214	0.333313641
144.262	0.336159033
144.309	0.337460351
144.357	0.33507904
144.406	0.332973001
144.454	0.335541688
144.502	0.33490153
144.549	0.337393342
144.596	0.343019775
144.645	0.331376473
144.692	0.337252322
144.741	0.334425621
144.789	0.334449493
144.836	0.337184906
144.885	0.332748633
144.932	0.340963015
144.98	0.33224669
145.028	0.340047825
145.076	0.334669711
145.123	0.342051502
145.172	0.334188441
145.219	0.339584127
145.267	0.334609811
145.315	0.337404312
145.363	0.33961832
145.411	0.337286033
145.459	0.334384275
145.507	0.338331448
145.555	0.337677349
145.603	0.338167248
145.65	0.340299676
145.698	0.33704049
145.746	0.343597795
145.794	0.332863333
145.842	0.342112916
145.889	0.342476456
145.938	0.332271835
145.986	0.339552753
146.034	0.340969742
146.082	0.335822516
146.129	0.343417307
146.178	0.331372774
146.225	0.345094239
146.273	0.339978098
146.321	0.339840679
146.369	0.336265318
146.417	0.338889337
146.465	0.344231055
146.513	0.339565696
146.561	0.337927818
146.609	0.346198267
146.657	0.335144565
146.705	0.345730084
146.753	0.340442151
146.8	0.345741674
146.849	0.336315581
146.896	0.342226782
146.944	0.340561782
146.992	0.342124668
147.04	0.340763319
147.088	0.343195735
147.137	0.337270318
147.183	0.352706793
147.232	0.338623709
147.28	0.345376831
147.328	0.341830685
147.376	0.343027183
147.424	0.344821108
147.472	0.341518629
147.52	0.34310246
147.568	0.344404951
147.616	0.343614528
147.664	0.340847316
147.711	0.34771589
147.76	0.343285981
147.807	0.348223403
147.855	0.343109265
147.903	0.346053137
147.952	0.342147156
148	0.343423232
148.048	0.347416949
148.095	0.351564792
148.143	0.345816116
148.191	0.344854296
148.239	0.349256511
148.287	0.347021536
148.335	0.342024768
148.383	0.344378801
148.431	0.347962382
148.478	0.348016773
148.527	0.34555241
148.575	0.344720991
148.622	0.351120494
148.67	0.346286053
148.717	0.353408442
148.766	0.342741597
148.814	0.349892239
148.862	0.350367225
148.909	0.349867814
148.957	0.347679033
149.005	0.348436148
149.053	0.34697032
149.101	0.345231663
149.149	0.347526707
149.197	0.346982894
149.244	0.349429931
149.292	0.348646652
149.34	0.341583273
149.388	0.351246012
149.436	0.348477222
149.484	0.348105931
149.532	0.34936689
149.579	0.356326685
149.627	0.346140238
149.675	0.351749105
149.723	0.344269978
149.771	0.347929444
149.819	0.351729709
149.866	0.350862044
149.915	0.345841702
149.962	0.356485556
150.01	0.353170153
150.058	0.347971031
150.106	0.352996173
150.154	0.35169219
150.202	0.348999028
150.249	0.35344961
150.297	0.351672323
150.345	0.353616646
150.393	0.347738738
150.441	0.350960007
150.489	0.348835697
150.536	0.353996431
150.585	0.34691028
150.632	0.359262764
150.68	0.349846184
150.728	0.351759615
150.776	0.351096074
150.824	0.351328587
150.873	0.349044692
150.92	0.352180916
150.969	0.346396109
151.016	0.355446037
151.064	0.352327056
151.112	0.346551135
151.16	0.350390841
151.208	0.354373595
151.256	0.347525678
151.305	0.349541777
151.353	0.352439146
151.4	0.357277562
151.448	0.351151408
151.496	0.350897239
151.544	0.356354056
151.592	0.352514701
151.64	0.350824295
151.688	0.354355213
151.737	0.347386864
151.784	0.355103029
151.832	0.351370976
151.88	0.357149073
151.928	0.352782838
151.977	0.349768118
152.025	0.354927105
152.073	0.353767233
152.12	0.357073855
152.169	0.352412973
152.217	0.354779602
152.265	0.350305686
152.313	0.353120929
152.361	0.354497438
152.409	0.353935704
152.457	0.356731985
152.505	0.350788026
152.553	0.358737968
152.601	0.351437418
152.649	0.36103783
152.698	0.350849182
152.745	0.361903318
152.793	0.355805236
152.842	0.352625965
152.89	0.355463378
152.938	0.355338216
152.986	0.351618244
153.034	0.355557487
153.082	0.352984672
153.13	0.359949603
153.178	0.355134855
153.226	0.355602383
153.274	0.353521694
153.322	0.357916731
153.37	0.35651139
153.418	0.364209822
153.466	0.357776211
153.514	0.354753795
153.562	0.358448939
153.611	0.356858958
153.658	0.358879737
153.707	0.3554758
153.755	0.356812804
153.803	0.357161924
153.851	0.35362831
153.899	0.361904955
153.947	0.356427312
153.996	0.356714834
154.044	0.360348193
154.092	0.357147156
154.14	0.358080994
154.188	0.362946343
154.236	0.362388497
154.284	0.358486014
154.332	0.360625643
154.38	0.359667223
154.428	0.355454098
154.476	0.360497343
154.524	0.361640391
154.573	0.353126906
154.62	0.369324568
154.667	0.362834043
154.716	0.354311819
154.764	0.366891296
154.813	0.350861815
154.86	0.366728959
154.909	0.357457144
154.956	0.36642532
155.004	0.358291945
155.053	0.356032868
155.1	0.365409097
155.148	0.357553044
155.197	0.356691709
155.244	0.365026661
155.293	0.35791294
155.341	0.363500281
155.389	0.360040475
155.436	0.367156902
155.485	0.355163554
155.533	0.365790731
155.581	0.361726519
155.629	0.361143972
155.677	0.360099434
155.725	0.363271772
155.773	0.361253657
155.821	0.364591378
155.869	0.361076162
155.917	0.362765538
155.965	0.362583516
156.013	0.365467293
156.061	0.36131359
156.109	0.363140915
156.157	0.366856525
156.205	0.365835213
156.253	0.360509514
156.302	0.362283726
156.35	0.361099984
156.398	0.364675978
156.446	0.362932387
156.493	0.367600482
156.541	0.360747669
156.59	0.360510402
156.638	0.364261665
156.687	0.359979871
156.735	0.365597238
156.783	0.364447034
156.831	0.365805521
156.879	0.369177445
156.927	0.367414582
156.975	0.363305054
157.023	0.365360073
157.071	0.363451529
157.119	0.366283589
157.168	0.359257543
157.216	0.368123897
157.264	0.366323746
157.312	0.369369095
157.361	0.360803276
157.409	0.364436992
157.457	0.366374398
157.505	0.367923941
157.553	0.368067805
157.602	0.357481392
157.65	0.366220142
157.698	0.364187797
157.746	0.363823136
157.794	0.366576537
157.843	0.362168809
157.89	0.369738629
157.939	0.364739672
157.987	0.366722352
158.036	0.364776109
158.083	0.370461289
158.132	0.363359076
158.18	0.369689975
158.229	0.361962968
158.276	0.368534092
158.324	0.366855363
158.372	0.369386275
158.421	0.36105593
158.469	0.367017533
158.518	0.363541086
158.566	0.365243287
158.614	0.369751908
158.662	0.365125124
158.711	0.367641985
158.759	0.367693114
158.807	0.369620311
158.855	0.372019335
158.903	0.366950329
158.951	0.368745157
159	0.366760401
159.047	0.373365336
159.096	0.364544208
159.144	0.36912061
159.193	0.36763605
159.241	0.37101614
159.289	0.369646468
159.337	0.36965374
159.385	0.36865895
159.434	0.365657502
159.481	0.375122535
159.53	0.366715849
159.578	0.371180695
159.626	0.363634667
159.674	0.371728801
159.723	0.363335491
159.771	0.371508582
159.819	0.36696193
159.868	0.369144359
159.916	0.369377027
159.964	0.37084699
160.012	0.36978704
160.06	0.372412921
160.109	0.366043304
160.157	0.370875198
160.205	0.365982511
160.254	0.369334402
160.302	0.372018916
160.35	0.368117423
160.398	0.372423353
160.446	0.371297625
160.495	0.36467929
160.543	0.370296146
160.591	0.372881503
160.64	0.366697496
160.688	0.371924859
160.737	0.367040684
160.784	0.375555871
160.832	0.372156592
160.882	0.362809585
160.929	0.37601833
160.978	0.367350808
161.026	0.372178837
161.074	0.369093834
161.122	0.370788982
161.17	0.375535607
161.219	0.366965751
161.267	0.372255611
161.316	0.372335883
161.363	0.376148423
161.412	0.368921641
161.46	0.376361514
161.508	0.371837938
161.556	0.368520793
161.605	0.371454713
161.653	0.370855358
161.702	0.367397672
161.75	0.374892253
161.798	0.371784908
161.846	0.373480462
161.894	0.373123013
161.942	0.370242407
161.991	0.368384379
162.039	0.374371566
162.087	0.371982531
162.136	0.368032255
162.184	0.372410036
162.233	0.372171889
162.281	0.370729953
162.33	0.368442835
162.378	0.372178665
162.426	0.375976622
162.474	0.370585034
162.523	0.374009673
162.571	0.375647176
162.619	0.375793166
162.667	0.376624614
162.716	0.36568845
162.764	0.376235648
162.813	0.36994867
162.86	0.38054526
162.909	0.366756794
162.958	0.371465641
163.005	0.378055764
163.054	0.372824862
163.103	0.371775075
163.151	0.376455644
163.199	0.373604462
163.248	0.371395853
163.296	0.379601406
163.344	0.37177546
163.392	0.377097289
163.441	0.372724969
163.49	0.374377001
163.537	0.379588681
163.586	0.372888359
163.634	0.374242814
163.682	0.378869877
163.731	0.375562255
163.779	0.371523853
163.828	0.377086601
163.876	0.376041516
163.924	0.376428459
163.972	0.375418263
164.021	0.373389425
164.069	0.376875353
164.117	0.380867339
164.165	0.376140362
164.214	0.371520032
164.262	0.37713928
164.311	0.376103935
164.359	0.376531536
164.407	0.378146239
164.456	0.376029619
164.504	0.378768252
164.553	0.377356092
164.6	0.382844557
164.648	0.379965491
164.697	0.374949834
164.745	0.380428296
164.793	0.378599814
164.841	0.382454264
164.89	0.370468325
164.938	0.380482841
164.986	0.37893471
165.035	0.376486877
165.083	0.381676322
165.131	0.381373238
165.179	0.377573406
165.228	0.37995482
165.276	0.377560179
165.324	0.379916974
165.373	0.3797531
165.421	0.379984313
165.469	0.37725361
165.518	0.378924923
165.566	0.375865135
165.614	0.383128484
165.662	0.382939793
165.71	0.381016898
165.759	0.380365733
165.807	0.381206526
165.856	0.37421939
165.904	0.380781399
165.953	0.381134475
166.001	0.377508616
166.049	0.386439604
166.098	0.377430257
166.146	0.379643557
166.194	0.382655184
166.243	0.374417588
166.291	0.38409272
166.34	0.375612616
166.388	0.383390739
166.437	0.378866068
166.486	0.379256659
166.534	0.383176703
166.582	0.380351705
166.631	0.378536793
166.679	0.37984994
166.728	0.37673037
166.776	0.383723664
166.825	0.378890487
166.873	0.384712463
166.921	0.379179504
166.97	0.3783693
167.018	0.381314387
167.066	0.384616223
167.115	0.384329389
167.164	0.378179415
167.212	0.386546451
167.26	0.382689561
167.308	0.382532462
167.357	0.37912678
167.406	0.383246647
167.455	0.376409033
167.503	0.387328503
167.551	0.380967584
167.6	0.384943329
167.648	0.379897505
167.696	0.390690257
167.745	0.381808786
167.793	0.381476148
167.842	0.385072134
167.89	0.380240303
167.939	0.384864589
167.987	0.383606851
168.035	0.391255231
168.083	0.384360506
168.133	0.378333529
168.182	0.3805662
168.229	0.392551487
168.278	0.383320568
168.326	0.387991634
168.375	0.381255835
168.424	0.383827462
168.473	0.383045458
168.521	0.388615987
168.568	0.391955074
168.618	0.379505771
168.665	0.393766471
168.714	0.381668976
168.762	0.391469589
168.81	0.387793207
168.858	0.38730554
168.907	0.384921815
168.955	0.389098685
169.004	0.385580408
169.053	0.383756807
169.1	0.391531394
169.149	0.385588498
169.197	0.389781736
169.246	0.385753241
169.295	0.383408274
169.342	0.396670654
169.391	0.386131526
169.44	0.385460858
169.488	0.391273363
169.536	0.387812415
169.585	0.38604334
169.633	0.390099064
169.681	0.390927672
169.73	0.386479976
169.778	0.3911333
169.827	0.390012533
169.875	0.390291526
169.923	0.394182531
169.972	0.388859289
170.02	0.389166236
170.068	0.392729496
170.116	0.39214382
170.165	0.38758435
170.214	0.387713939
170.262	0.390036034
170.31	0.394400387
170.358	0.39154895
170.407	0.389898483
170.456	0.384350537
170.504	0.394119236
170.552	0.393481185
170.6	0.390598014
170.648	0.395684167
170.697	0.386575942
170.745	0.394558715
170.794	0.390903752
170.842	0.391303082
170.891	0.387892383
170.939	0.391730402
170.987	0.388608528
171.035	0.396363047
171.084	0.389662616
171.132	0.393522646
171.18	0.392145768
171.229	0.390239044
171.277	0.395131244
171.326	0.389543462
171.374	0.390714929
171.422	0.395290476
171.471	0.389272345
171.519	0.391943342
171.567	0.391124086
171.616	0.386989905
171.665	0.389529303
171.712	0.398951407
171.761	0.387679299
171.809	0.392687642
171.858	0.388078994
171.906	0.39503169
171.955	0.392793676
172.003	0.390397923
172.052	0.39271282
172.1	0.389011935
172.15	0.381089841
172.198	0.394815668
172.246	0.393306172
172.294	0.392340893
172.343	0.388935313
172.391	0.395408646
172.44	0.388340587
172.488	0.395827195
172.537	0.386022672
172.586	0.391427891
172.634	0.394831357
172.683	0.388250356
172.732	0.391921985
172.78	0.387281421
172.828	0.395309316
172.877	0.389506738
172.926	0.392410226
172.974	0.39453555
173.023	0.390875166
173.071	0.393363101
173.12	0.390222855
173.169	0.391032636
173.217	0.395106614
173.266	0.396741147
173.315	0.388251665
173.364	0.391004697
173.411	0.398651241
173.46	0.389545304
173.509	0.391476712
173.558	0.389459136
173.606	0.396803107
173.655	0.391668806
173.704	0.393288912
173.753	0.392871568
173.801	0.39731379
173.85	0.392977118
173.899	0.390705117
173.947	0.397933333
173.996	0.391939278
174.045	0.392694225
174.094	0.39068264
174.142	0.39527999
174.191	0.393615066
174.239	0.401426702
174.287	0.395121403
174.336	0.393224798
174.385	0.395846627
174.433	0.395545781
174.482	0.39354925
174.531	0.39705528
174.58	0.392214374
174.629	0.395174718
174.678	0.391435809
174.726	0.39407153
174.774	0.402491736
174.823	0.394155392
174.872	0.398193311
174.921	0.393353459
174.969	0.399104449
175.018	0.397736957
175.067	0.392614667
175.115	0.397441328
175.164	0.398167065
175.212	0.399205404
175.261	0.39605712
175.311	0.389059426
175.359	0.39863358
175.408	0.39505297
175.457	0.398031882
175.505	0.395930598
175.554	0.399936522
175.603	0.393958397
175.651	0.399874436
175.7	0.396999164
175.749	0.396109043
175.798	0.398726961
175.847	0.396440004
175.895	0.398265957
175.945	0.393264208
175.994	0.395641611
176.042	0.39894073
176.091	0.400477187
176.139	0.399549534
176.188	0.403094694
176.236	0.398157257
176.285	0.397824497
176.333	0.40573052
176.382	0.398354691
176.432	0.392523522
176.48	0.404127574
176.529	0.402690528
176.577	0.401010976
176.626	0.398583199
176.675	0.397344595
176.723	0.4060231
176.772	0.396785281
176.821	0.403226729
176.87	0.400064053
176.919	0.399935776
176.967	0.403241509
177.016	0.403290603
177.065	0.401160491
177.113	0.400511585
177.162	0.400281999
177.211	0.4024497
177.259	0.406526785
177.308	0.403487566
177.356	0.406513367
177.405	0.401510494
177.454	0.399272034
177.503	0.400780305
177.551	0.406894905
177.6	0.398068576
177.649	0.402067189
177.698	0.403720619
177.746	0.411160416
177.795	0.399586296
177.844	0.404841244
177.892	0.406591775
177.941	0.407213063
177.989	0.40516862
178.038	0.403410746
178.086	0.404893735
178.135	0.403651242
178.184	0.40551676
178.232	0.40379333
178.281	0.401876293
178.33	0.40521505
178.378	0.408404338
178.428	0.400760811
178.477	0.400561898
178.525	0.412493399
178.574	0.402835531
178.622	0.408478566
178.671	0.399465951
178.72	0.409267313
178.769	0.398764297
178.818	0.403425603
178.866	0.406855503
178.915	0.403228742
178.964	0.405055371
179.013	0.404678653
179.062	0.40492267
179.111	0.402241286
179.159	0.409235853
179.208	0.40315256
179.257	0.402687358
179.305	0.409833979
179.354	0.401852974
179.403	0.405416701
179.451	0.406466597
179.5	0.402427432
179.55	0.39945838
179.598	0.407085889
179.647	0.409714975
179.696	0.404272092
179.745	0.40279035
179.793	0.411280402
179.843	0.400000435
179.891	0.414382981
179.94	0.402623143
179.988	0.406963328
180.037	0.40279907
180.086	0.410127396
180.135	0.403514925
180.184	0.406097142
180.232	0.409939563
180.281	0.405496517
180.33	0.408583462
180.379	0.407199042
180.428	0.405286712
180.476	0.408578782
180.525	0.407904386
180.574	0.41361064
180.623	0.402647333
180.672	0.406153296
180.721	0.407862966
180.769	0.413643666
180.819	0.399909945
180.867	0.416359336
180.916	0.406235175
180.964	0.413246835
181.013	0.41044471
181.062	0.408338858
181.112	0.405140573
181.16	0.414700941
181.209	0.412001974
181.257	0.414794817
181.306	0.409860068
181.355	0.412479432
181.404	0.410907451
181.453	0.411710068
181.501	0.418695261
181.55	0.410925696
181.599	0.408466113
181.647	0.414781575
181.696	0.412175063
181.745	0.417418092
181.793	0.414450398
181.842	0.413760438
181.891	0.415514799
181.939	0.41679242
181.989	0.408907798
182.037	0.422326785
182.086	0.414131966
182.135	0.410886738
182.183	0.415311714
182.232	0.413328475
182.28	0.421417204
182.329	0.41469717
182.378	0.415332288
182.426	0.419749675
182.475	0.416739068
182.524	0.41553078
182.572	0.421163646
182.62	0.420946419
182.669	0.416067359
182.718	0.413383154
182.766	0.420525685
182.815	0.419042354
182.864	0.410615841
182.913	0.417978252
182.961	0.422544875
183.009	0.418652948
183.058	0.412883069
183.106	0.424156581
183.155	0.413095774
183.203	0.423325467
183.252	0.416461709
183.301	0.421086012
183.349	0.418086909
183.398	0.41698707
183.447	0.416131575
183.495	0.416105476
183.544	0.419122683
183.593	0.413305402
183.641	0.420058362
183.69	0.414915785
183.739	0.419752745
183.787	0.420608632
183.836	0.416698512
183.884	0.420673586
183.933	0.417765523
183.982	0.419509071
184.03	0.418641468
184.079	0.41719455
184.127	0.415346371
184.176	0.413937031
184.225	0.420339981
184.273	0.415165356
184.322	0.421123307
184.371	0.414061902
184.419	0.420425933
184.468	0.415763775
184.517	0.414007233
184.566	0.417846132
184.614	0.418265043
184.664	0.413956068
184.712	0.415255587
184.761	0.415370081
184.809	0.418394753
184.858	0.416596226
184.907	0.415500794
184.955	0.420462547
185.004	0.414691611
185.053	0.413512518
185.102	0.413735573
185.151	0.414715029
185.2	0.420506991
185.249	0.412025077
185.298	0.415419905
185.346	0.416726913
185.395	0.413328957
185.444	0.412961579
185.493	0.414463656
185.542	0.414173214
185.59	0.419962699
185.639	0.415543476
185.688	0.411696935
185.737	0.414941226
185.786	0.416392757
185.835	0.418433479
185.884	0.412845485
185.932	0.420492052
185.981	0.411343539
186.03	0.418784952
186.079	0.414771719
186.128	0.415113461
186.177	0.41281872
186.226	0.415161263
186.274	0.420730383
186.323	0.412150554
186.372	0.42152527
186.42	0.417052562
186.469	0.417920118
186.518	0.412317599
186.567	0.416216699
186.616	0.414071665
186.665	0.418851481
186.714	0.415556159
186.763	0.415944857
186.812	0.416277874
186.86	0.424425309
186.908	0.420032471
186.957	0.416067675
187.006	0.418465613
187.056	0.40932543
187.104	0.421771669
187.153	0.422384125
187.202	0.41707088
187.251	0.416123189
187.299	0.425507406
187.347	0.420793851
187.396	0.418394761
187.445	0.41931262
187.493	0.424557702
187.542	0.415665957
187.591	0.42339333
187.64	0.416173254
187.689	0.419519271
187.738	0.419556912
187.786	0.423742416
187.835	0.416489292
187.884	0.425103939
187.932	0.419791343
187.981	0.421833022
188.03	0.421166507
188.079	0.418929338
188.127	0.424358927
188.175	0.421709716
188.225	0.415298535
188.273	0.423361044
188.322	0.420335459
188.371	0.424293041
188.42	0.419011155
188.468	0.426424144
188.517	0.423084359
188.566	0.41804061
188.615	0.415387882
188.663	0.428078306
188.713	0.417928563
188.761	0.426508423
188.81	0.420887989
188.858	0.424413337
188.907	0.416812993
188.955	0.427426898
189.005	0.417379922
189.053	0.427326009
189.102	0.424649505
189.152	0.412209717
189.2	0.425253471
189.249	0.42287644
189.297	0.425611306
189.346	0.421470094
189.395	0.422826627
189.444	0.424025114
189.493	0.421557569
189.541	0.425594056
189.59	0.424500093
189.639	0.419637865
189.688	0.424438507
189.736	0.423116298
189.786	0.418387293
189.835	0.422014151
189.883	0.424421165
189.932	0.425233553
189.981	0.421389425
190.029	0.424113158
190.079	0.415276055
190.127	0.427241472
190.177	0.417519852
190.225	0.426752091
190.274	0.42371169
190.323	0.419067653
190.372	0.425232418
190.421	0.424636504
190.469	0.42256623
190.518	0.425839862
190.568	0.414529932
190.616	0.429734825
190.665	0.422700827
190.715	0.417944977
190.763	0.425449075
190.812	0.425483432
190.861	0.426558646
190.91	0.417894946
190.959	0.422522303
191.008	0.424774979
191.058	0.419794288
191.107	0.422884447
191.155	0.428598582
191.204	0.426375906
191.253	0.422053643
191.302	0.424685449
191.352	0.424054659
191.4	0.42966884
191.449	0.423103948
191.498	0.423874826
191.547	0.425038436
191.595	0.431331016
191.645	0.418515712
191.694	0.426848335
191.742	0.42714321
191.791	0.426480041
191.84	0.426218728
191.889	0.426472519
191.939	0.419822777
191.987	0.430706708
192.036	0.427417242
192.085	0.427421751
192.134	0.42523262
192.181	0.436389079
192.232	0.415793376
192.28	0.43063393
192.329	0.429025338
192.378	0.423236227
192.427	0.428628576
192.475	0.430973491
192.525	0.424302302
192.573	0.432891466
192.622	0.425247154
192.671	0.427078329
192.719	0.430390792
192.768	0.428237982
192.818	0.424319549
192.866	0.43103517
192.915	0.426447692
192.964	0.43058373
193.013	0.425992825
193.062	0.430227408
193.111	0.426885928
193.159	0.432409977
193.209	0.426781599
193.257	0.436580477
193.307	0.414914609
193.355	0.435575326
193.404	0.42417462
193.453	0.433359244
193.502	0.425218827
193.551	0.429403279
193.6	0.427888092
193.649	0.431778741
193.698	0.429052377
193.746	0.433126856
193.795	0.431933097
193.844	0.431540156
193.893	0.423924054
193.942	0.426728509
193.991	0.429803885
194.04	0.435023172
194.089	0.422547038
194.138	0.43228644
194.187	0.428040846
194.235	0.432437476
194.285	0.425235626
194.333	0.434548804
194.383	0.425003845
194.431	0.432819986
194.481	0.423362889
194.529	0.433643747
194.579	0.426660952
194.628	0.427997727
194.677	0.428915511
194.726	0.428467337
194.775	0.429612906
194.823	0.436615446
194.872	0.427584731
194.921	0.431115898
194.971	0.425911414
195.02	0.431578396
195.068	0.436137338
195.118	0.426980557
195.167	0.431408237
195.215	0.432522807
195.265	0.426431073
195.313	0.436267373
195.362	0.432330598
195.411	0.42823429
195.46	0.435712398
195.509	0.428389619
195.559	0.427718257
195.606	0.442221493
195.656	0.427655079
195.705	0.431103072
195.753	0.440464814
195.802	0.428847753
195.852	0.431520048
195.901	0.431652454
195.949	0.433751086
195.998	0.437203005
196.047	0.427555242
196.096	0.438127374
196.145	0.430679267
196.194	0.429098862
196.243	0.435063939
196.291	0.437696116
196.341	0.431945746
196.39	0.43200489
196.439	0.434365825
196.488	0.430818779
196.537	0.432162987
196.585	0.438481074
196.634	0.43489547
196.683	0.432056834
196.732	0.434969836
196.781	0.42900264
196.83	0.435250757
196.878	0.437795163
196.928	0.430064315
196.977	0.430727189
197.026	0.437015094
197.075	0.430865765
197.124	0.434466721
197.172	0.438312134
197.222	0.428937188
197.271	0.435242317
197.32	0.435716741
197.369	0.433302181
197.418	0.4300319
197.467	0.432945779
197.516	0.429477807
197.566	0.429410233
197.615	0.435275651
197.663	0.436793381
197.712	0.438825597
197.761	0.429497115
197.81	0.434198686
197.859	0.43394554
197.909	0.432888408
197.958	0.43363384
198.007	0.431931365
198.056	0.438788287
198.105	0.430561504
198.154	0.430963212
198.203	0.433705228
198.252	0.436691771
198.301	0.434716807
198.35	0.435286905
198.399	0.43494384
198.448	0.440094628
198.497	0.434403672
198.546	0.431841052
198.595	0.439501253
198.644	0.435248237
198.694	0.431490292
198.742	0.443523288
198.791	0.431439409
198.841	0.429518665
198.889	0.442049516
198.939	0.433595709
198.987	0.436858528
199.037	0.436154873
199.086	0.433963336
199.134	0.441171029
199.184	0.431780135
199.232	0.443627701
199.282	0.437250481
199.33	0.442553918
199.379	0.435659569
199.428	0.44000345
199.477	0.435469511
199.526	0.440760978
199.575	0.433247094
199.624	0.439463479
199.673	0.436861403
199.721	0.442596124
199.77	0.438460785
199.819	0.439244845
199.868	0.44163058
199.917	0.432479004
199.966	0.44566943
200.014	0.444236481
200.063	0.438898616
200.112	0.442550126
200.16	0.441978091
200.21	0.438708759
200.258	0.440349515
200.307	0.444729518
200.355	0.441411997
200.404	0.447703845
200.453	0.436664107
200.501	0.443627507
200.551	0.439436972
200.599	0.449082099
200.648	0.436509051
200.697	0.444830406
200.746	0.439175703
200.794	0.445056127
200.843	0.442840156
200.892	0.442287507
200.94	0.446878335
200.989	0.439631966
201.037	0.4465441
201.086	0.443202508
201.134	0.444685598
201.184	0.435718133
201.232	0.450317306
201.28	0.443950154
201.329	0.440245451
201.378	0.438783384
201.427	0.442296417
201.476	0.445060893
201.524	0.445854103
201.572	0.446327984
201.621	0.441440214
201.67	0.438379633
201.719	0.441198887
201.768	0.441884018
201.817	0.440962806
201.865	0.444518539
201.914	0.443730697
201.962	0.445149791
202.011	0.443399661
202.06	0.440177059
202.108	0.443559971
202.157	0.44075757
202.206	0.446385103
202.255	0.438537209
202.303	0.44288635
202.353	0.43558262
202.401	0.451033137
202.45	0.434791207
202.499	0.439478914
202.547	0.448061334
202.596	0.44340742
202.645	0.442305967
202.694	0.438132613
202.742	0.446090684
202.791	0.443189241
202.839	0.444292794
202.889	0.436430341
202.937	0.442636663
202.986	0.443859763
203.035	0.437959564
203.084	0.436727237
203.133	0.446006847
203.181	0.444344267
203.23	0.443752333
203.279	0.439803004
203.328	0.438108296
203.377	0.445984646
203.426	0.441563429
203.475	0.436612824
203.523	0.44382882
203.573	0.437776822
203.621	0.448401404
203.671	0.432364173
203.719	0.448774804
203.768	0.435274107
203.817	0.441137664
203.866	0.441140231
203.915	0.444249094
203.964	0.442412362
204.013	0.444483007
204.062	0.440035869
204.11	0.445854633
204.16	0.434026237
204.209	0.444070377
204.258	0.445416439
204.306	0.442727324
204.355	0.447440655
204.404	0.439223364
204.453	0.445362273
204.502	0.444579331
204.551	0.443910195
204.6	0.445698486
204.649	0.439804116
204.697	0.45109637
204.746	0.446867933
204.795	0.44715126
204.844	0.441082426
204.894	0.439214496
204.942	0.450884841
204.99	0.449388503
205.039	0.440999912
205.089	0.441788774
205.137	0.450045109
205.186	0.443887806
205.235	0.442366194
205.284	0.452462283
205.333	0.445662014
205.381	0.446679256
205.43	0.444892901
205.478	0.45334117
205.527	0.447455691
205.576	0.44534565
205.625	0.448334611
205.674	0.441939202
205.723	0.446434825
205.771	0.44623898
205.82	0.447279548
205.87	0.441253312
205.918	0.45181182
205.967	0.448479612
206.016	0.44656452
206.064	0.447113513
206.113	0.447090937
206.162	0.445250252
206.211	0.449630237
206.259	0.445925695
206.308	0.45127255
206.357	0.442043039
206.406	0.44438456
206.455	0.448580403
206.503	0.447446649
206.553	0.444406243
206.601	0.452997726
206.65	0.44663769
206.699	0.44886161
206.748	0.447312236
206.796	0.451244402
206.846	0.44063782
206.894	0.454077819
206.943	0.447309698
206.992	0.443323904
207.04	0.450899488
207.09	0.442551451
207.138	0.451513842
207.187	0.446782419
207.236	0.449134465
207.285	0.449848851
207.334	0.448139753
207.382	0.452530274
207.432	0.438595634
207.481	0.451305315
207.53	0.450251108
207.579	0.447012395
207.628	0.446314767
207.677	0.449263787
207.726	0.448988954
207.775	0.449882226
207.824	0.450212201
207.872	0.459465241
207.921	0.448693877
207.97	0.446806103
208.02	0.445127723
208.069	0.450364938
208.117	0.45539329
208.166	0.443967934
208.215	0.448193577
208.265	0.447158393
208.314	0.449116612
208.362	0.453374958
208.411	0.453541336
208.46	0.447167138
208.51	0.442736801
208.558	0.460428025
208.607	0.445124027
208.657	0.449778595
208.705	0.453379603
208.755	0.447346892
208.803	0.45617398
208.852	0.448013974
208.901	0.454730167
208.95	0.443415267
208.999	0.45112167
209.049	0.447644804
209.098	0.451111088
209.146	0.453715155
209.196	0.445778745
209.244	0.461218365
209.294	0.445399849
209.342	0.45714703
209.391	0.4532944
209.44	0.450431635
209.489	0.453804284
209.538	0.448569812
209.587	0.450215093
209.636	0.448281826
209.686	0.450230769
209.734	0.456069392
209.783	0.455226785
209.832	0.449612824
209.881	0.457604658
209.93	0.449242448
209.979	0.456736156
210.027	0.453830347
210.077	0.443853189
210.126	0.452250853
210.175	0.45532116
210.224	0.452739485
210.273	0.45163289
210.322	0.453576309
210.371	0.451888876
210.42	0.453737298
210.469	0.451736415
210.517	0.45693669
210.567	0.451658817
210.614	0.46404228
210.664	0.44654367
210.713	0.455632574
210.762	0.456495083
210.811	0.450791266
210.859	0.458661062
210.909	0.446752945
210.958	0.452672645
211.006	0.461823071
211.055	0.446365905
211.104	0.458955007
211.153	0.450662011
211.202	0.454673051
211.251	0.452035236
211.3	0.458480567
211.349	0.453718895
211.398	0.458150097
211.446	0.456053037
211.496	0.45331756
211.544	0.456311446
211.593	0.45454696
211.642	0.454882747
211.691	0.45819525
211.74	0.454003774
211.789	0.455976827
211.838	0.463531101
211.887	0.454079472
211.936	0.454063178
211.985	0.45649125
212.034	0.457856164
212.083	0.46230302
212.132	0.456903705
212.181	0.450738526
212.23	0.459196165
212.279	0.458634668
212.328	0.455321509
212.377	0.454589059
212.427	0.455066952
212.475	0.463859777
212.524	0.456467318
212.572	0.463856782
212.621	0.454932546
212.671	0.450575691
212.721	0.451788071
212.769	0.460209215
212.818	0.455351721
212.868	0.453098883
212.917	0.457602685
212.966	0.453423444
213.015	0.460646042
213.064	0.453397734
213.114	0.450702768
213.162	0.46175526
213.212	0.45279646
213.261	0.453723959
213.31	0.45313404
213.359	0.459703949
213.408	0.454424295
213.458	0.451379616
213.507	0.458571453
213.555	0.457257953
213.605	0.453955517
213.654	0.456243647
213.703	0.453846727
213.753	0.45397324
213.801	0.466839016
213.85	0.453176986
213.9	0.454045587
213.948	0.461676794
213.998	0.454912148
214.047	0.457866779
214.096	0.45999872
214.144	0.458522012
214.194	0.45610388
214.242	0.461052236
214.292	0.453457492
214.341	0.457768351
214.391	0.45323108
214.439	0.459695845
214.488	0.461395893
214.538	0.45630063
214.586	0.461913334
214.635	0.457988394
214.684	0.459581557
214.734	0.458018328
214.782	0.461177494
214.832	0.455754486
214.881	0.459584264
214.93	0.458747206
214.979	0.452250229
215.028	0.463554882
215.077	0.455133565
215.126	0.461030226
215.175	0.457920341
215.224	0.461307675
215.273	0.46206145
215.322	0.464666579
215.371	0.455071045
215.419	0.466248722
215.469	0.452795358
215.518	0.462431225
215.567	0.45729016
215.616	0.458060951
215.665	0.458115825
215.714	0.459191278
215.763	0.45865357
215.812	0.459691054
215.861	0.458338105
215.91	0.464638818
215.959	0.460886749
216.009	0.45368876
216.057	0.462654775
216.106	0.461235541
216.156	0.458296331
216.205	0.457601183
216.254	0.461892783
216.303	0.454514889
216.352	0.46215417
216.401	0.457543715
216.45	0.459646829
216.5	0.457600895
216.549	0.462468192
216.598	0.459920421
216.646	0.46443683
216.696	0.457266485
216.745	0.456857893
216.795	0.457805348
216.843	0.466509882
216.893	0.453146865
216.941	0.46404648
216.991	0.454200933
217.041	0.456876545
217.09	0.461936475
217.138	0.464513226
217.188	0.459723705
217.237	0.459421164
217.286	0.46302246
217.335	0.463843917
217.384	0.458206207
217.434	0.454879565
217.482	0.463757864
217.532	0.457818973
217.581	0.460758094
217.63	0.462269649
217.679	0.458732658
217.729	0.457043408
217.778	0.45813215
217.827	0.46732719
217.876	0.459467017
217.925	0.462701247
217.975	0.459029318
218.024	0.460423539
218.074	0.458510667
218.122	0.470636137
218.172	0.461403446
218.22	0.467933951
218.27	0.460882118
218.319	0.463258997
218.369	0.45808262
218.418	0.467535021
218.467	0.45748732
218.516	0.468940774
218.566	0.458234874
218.615	0.466554764
218.664	0.464313332
218.714	0.461952318
218.763	0.463774704
218.812	0.466481481
218.861	0.461647328
218.91	0.470860627
218.96	0.458609858
219.008	0.468259645
219.057	0.464711675
219.107	0.465080847
219.156	0.465266947
219.205	0.462549697
219.255	0.460840401
219.303	0.470939167
219.353	0.458862275
219.402	0.464772439
219.451	0.464645442
219.501	0.464417308
219.55	0.463874194
219.599	0.46277114
219.648	0.471410609
219.697	0.467385674
219.747	0.462638781
219.796	0.467115881
219.845	0.467280536
219.894	0.463637546
219.943	0.468348339
219.992	0.470768013
220.042	0.463118821
220.091	0.466389193
220.14	0.462339434
220.189	0.468437233
220.239	0.467224103
220.288	0.467644812
220.336	0.471965992
220.386	0.46641042
220.435	0.464365843
220.484	0.473720294
220.534	0.462192891
220.583	0.467555461
220.632	0.465428433
220.682	0.462501463
220.73	0.469302424
220.78	0.466447058
220.829	0.463290534
220.878	0.468977618
220.928	0.460911807
220.977	0.467110197
221.026	0.469261272
221.075	0.465009156
221.125	0.463297965
221.174	0.466795475
221.223	0.468112204
221.272	0.466066721
221.321	0.471411549
221.371	0.459423392
221.42	0.470134937
221.469	0.464619376
221.519	0.461471006
221.568	0.473055903
221.616	0.475634395
221.666	0.465761281
221.715	0.465203107
221.765	0.467409122
221.814	0.46527504
221.863	0.467839091
221.913	0.469191197
221.961	0.47176376
222.011	0.461547876
222.061	0.469599809
222.109	0.471792492
222.159	0.468458329
222.208	0.466850154
222.258	0.466745252
222.307	0.471940198
222.357	0.462450242
222.405	0.474769985
222.455	0.466265549
222.504	0.470492763
222.554	0.464696468
222.603	0.469677561
222.652	0.468819196
222.701	0.465732993
222.751	0.465339412
222.8	0.470463885
222.85	0.462157572
222.899	0.466625963
222.949	0.470128482
222.998	0.471473271
223.047	0.46968601
223.096	0.475504668
223.145	0.474526963
223.195	0.467016926
223.244	0.473969246
223.294	0.466106143
223.343	0.476673071
223.392	0.467574716
223.441	0.476299101
223.49	0.472713267
223.54	0.469118573
223.589	0.474700922
223.638	0.472721804
223.687	0.47521263
223.736	0.473683844
223.785	0.474253062
223.834	0.474619538
223.884	0.473261296
223.933	0.472336197
223.983	0.469014631
224.031	0.479136271
224.081	0.470735286
224.129	0.484703238
224.178	0.469377921
224.227	0.473786845
224.277	0.468057226
224.326	0.479561564
224.375	0.475837156
224.424	0.471141963
224.473	0.47788329
224.522	0.473040444
224.571	0.478048402
224.62	0.47371822
224.669	0.474635406
224.718	0.4775443
224.767	0.46944205
224.816	0.471992029
224.865	0.47745543
224.914	0.471388664
224.963	0.473741783
225.013	0.473868317
225.062	0.469734487
225.111	0.476520931
225.159	0.478055388
225.208	0.473974985
225.257	0.476015438
225.306	0.471014129
225.356	0.470862529
225.405	0.472371542
225.453	0.476848842
225.503	0.469709308
225.552	0.475932166
225.601	0.471063233
225.65	0.475065974
225.7	0.468111926
225.748	0.475601305
225.797	0.475538736
225.846	0.474422542
225.895	0.472964368
225.944	0.475864918
225.993	0.473783299
226.043	0.469310658
226.092	0.47852747
226.14	0.479778686
226.19	0.462618703
226.239	0.478971402
226.288	0.478498803
226.337	0.473379721
226.387	0.468542286
226.435	0.484000621
226.484	0.476451833
226.534	0.468344551
226.583	0.479624075
226.632	0.472047005
226.681	0.481226504
226.73	0.471580103
226.778	0.485178955
226.827	0.474851444
226.876	0.473439737
226.926	0.470474713
226.975	0.476840143
227.023	0.476784716
227.072	0.478273144
227.121	0.47589319
227.17	0.483153073
227.218	0.477445778
227.268	0.474976849
227.316	0.48332958
227.366	0.469138475
227.414	0.487165127
227.463	0.476858937
227.512	0.478907007
227.56	0.480917729
227.609	0.476854394
227.658	0.476784747
227.707	0.482686993
227.756	0.480412879
227.805	0.477323188
227.853	0.480966437
227.902	0.475953221
227.951	0.477693735
227.999	0.481480075
228.048	0.47787136
228.097	0.47873663
228.146	0.476729863
228.194	0.482361897
228.243	0.471625476
228.292	0.475591435
228.341	0.473637017
228.389	0.491139268
228.438	0.470672352
228.487	0.480710257
228.536	0.477715817
228.584	0.480614258
228.633	0.474194583
228.682	0.478636619
228.731	0.478447537
228.779	0.477661339
228.828	0.478030257
228.877	0.472348822
228.926	0.482195931
228.974	0.480877821
229.023	0.477979538
229.073	0.468462254
229.121	0.485058257
229.17	0.475606653
229.218	0.477888172
229.267	0.480649501
229.316	0.471928058
229.365	0.48018235
229.413	0.479973299
229.463	0.469589721
229.512	0.474487961
229.56	0.485510736
229.609	0.479397698
229.658	0.476932784
229.707	0.477205055
229.756	0.477997523
229.804	0.482218652
229.853	0.473826983
229.902	0.477981176
229.951	0.475189992
229.999	0.488738953
230.048	0.476406508
230.098	0.472775107
230.146	0.485069117
230.195	0.475839504
230.244	0.4835902
230.293	0.472778273
230.341	0.487810646
230.39	0.484262086
230.44	0.470149732
230.488	0.480929591
230.537	0.483251271
230.586	0.47759123
230.635	0.473658182
230.684	0.483090981
230.733	0.478389822
230.782	0.477980562
230.831	0.476652505
230.88	0.479265322
230.928	0.47835
230.978	0.473006333
231.027	0.478909514
231.075	0.482815712
231.124	0.483869186
231.174	0.47152439
231.222	0.487203476
231.271	0.473935348
231.32	0.483472804
231.369	0.474794958
231.418	0.481901338
231.467	0.482759875
231.515	0.487372443
231.564	0.474724701
231.613	0.485025533
231.662	0.482870758
231.711	0.476373647
231.76	0.483387055
231.809	0.479020723
231.857	0.484185294
231.906	0.485747337
231.956	0.474320704
232.004	0.489982359
232.052	0.486434226
232.102	0.474222723
232.15	0.489205029
232.199	0.482353106
232.248	0.478406584
232.297	0.478759373
232.345	0.482264404
232.394	0.486312162
232.443	0.475600568
232.491	0.483728562
232.54	0.477711566
232.589	0.482616784
232.638	0.47867467
232.687	0.479909739
232.735	0.482819816
232.783	0.487352082
232.832	0.478889615
232.881	0.478658053
232.93	0.483991231
232.979	0.475053644
233.027	0.484867141
233.076	0.476713696
233.125	0.480816865
233.173	0.482722728
233.222	0.478853739
233.271	0.478701171
233.319	0.481450926
233.369	0.46930192
233.417	0.48781868
233.465	0.478525518
233.515	0.476246893
233.563	0.481383634
233.612	0.483204669
233.66	0.477936563
233.709	0.479360542
233.758	0.478843692
233.807	0.477179985
233.856	0.476054047
233.904	0.487491446
233.953	0.479726933
234.001	0.488013438
234.05	0.481109593
234.099	0.478000266
234.148	0.481042338
234.196	0.484924516
234.245	0.474840509
234.294	0.484890985
234.343	0.476593667
234.391	0.48467949
234.44	0.480632341
234.489	0.479930456
234.538	0.48192525
234.587	0.475229855
234.635	0.488384498
234.684	0.482027422
234.733	0.475961629
234.782	0.482513603
234.831	0.479463384
234.879	0.488977193
234.928	0.471949179
234.977	0.482251367
235.026	0.478590801
235.075	0.481372745
235.124	0.480342133
235.173	0.483108424
235.222	0.478723465
235.27	0.483220892
235.319	0.481568825
235.369	0.474137965
235.418	0.475911329
235.467	0.485986298
235.516	0.480301694
235.565	0.485667588
235.614	0.478180734
235.663	0.477356325
235.712	0.483186664
235.761	0.482518105
235.81	0.476899164
235.859	0.481166619
235.908	0.483486679
235.957	0.483894937
236.006	0.476944686
236.055	0.486044878
236.104	0.482196365
236.153	0.481762715
236.202	0.478524589
236.251	0.483693898
236.3	0.484058187
236.349	0.484937718
236.398	0.484802782
236.447	0.479337496
236.496	0.484640857
236.544	0.48532949
236.593	0.483090331
236.643	0.481840598
236.691	0.489351079
236.74	0.48385119
236.789	0.484333446
236.837	0.488289183
236.887	0.480714818
236.935	0.487071849
236.984	0.4867946
237.033	0.488062383
237.082	0.482556239
237.131	0.485910727
237.179	0.486339398
237.229	0.483005057
237.277	0.48860607
237.326	0.48455851
237.375	0.487865319
237.424	0.481249126
237.472	0.496311491
237.521	0.484515814
237.569	0.490909211
237.619	0.482316018
237.667	0.49225781
237.716	0.485777613
237.765	0.484371234
237.813	0.489291576
237.862	0.492634269
237.911	0.478388956
237.96	0.491789233
238.008	0.485778789
238.057	0.489655552
238.106	0.484562284
238.155	0.493518651
238.204	0.485284201
238.252	0.487201586
238.301	0.490869234
238.35	0.489124452
238.399	0.488088088
238.447	0.487149676
238.496	0.488983679
238.545	0.490489392
238.594	0.48429807
238.642	0.491244783
238.691	0.489066434
238.74	0.484968353
238.789	0.49187981
238.838	0.485573256
238.887	0.487342107
238.936	0.488342595
238.984	0.490422348
239.033	0.492234802
239.082	0.481712766
239.13	0.493935228
239.179	0.483976795
239.228	0.486420109
239.277	0.492411728
239.325	0.489133214
239.374	0.487737769
239.424	0.481257972
239.472	0.496157281
239.521	0.485609835
239.57	0.487969671
239.619	0.485383677
239.668	0.484063656
239.717	0.486037803
239.765	0.493956728
239.815	0.479555678
239.863	0.490198654
239.912	0.488191892
239.961	0.484518414
240.01	0.485919926
240.058	0.486555437
240.107	0.486807257
240.156	0.485833007
240.205	0.485703922
240.254	0.485573612
240.303	0.484418367
240.352	0.487710121
240.401	0.485313488
240.45	0.485047859
240.498	0.486715953
240.547	0.487408415
240.597	0.477440976
240.645	0.491628771
240.695	0.480503203
240.744	0.482570925
240.792	0.488187827
240.842	0.482548784
240.891	0.48710269
240.939	0.4893006
240.989	0.483344091
241.037	0.492613967
241.087	0.478536597
241.135	0.492377883
241.185	0.479420301
241.233	0.487784348
241.282	0.484351196
241.332	0.484481056
241.381	0.483670956
241.429	0.489192017
241.478	0.487329113
241.527	0.486236649
241.576	0.48827974
241.626	0.479970241
241.674	0.491187948
241.724	0.485120438
241.773	0.483006131
241.822	0.487830199
241.871	0.482574455
241.92	0.492296103
241.969	0.482791649
242.018	0.487643155
242.067	0.494593118
242.116	0.485614017
242.166	0.486036988
242.215	0.482910514
242.264	0.492449089
242.313	0.488958915
242.362	0.489376269
242.411	0.491724022
242.46	0.488893162
242.509	0.496421037
242.558	0.484936139
242.607	0.48681192
242.656	0.487722778
242.705	0.492335763
242.754	0.491868357
242.802	0.495723557
242.853	0.479389041
242.902	0.490768918
242.951	0.491607314
242.999	0.494607223
243.048	0.492809376
243.097	0.489747115
243.146	0.498637591
243.195	0.487550783
243.244	0.498672749
243.293	0.49132548
243.341	0.494757206
243.39	0.490099932
243.44	0.491561662
243.488	0.493887981
243.537	0.500365472
243.587	0.48248584
243.635	0.49732932
243.684	0.494003501
243.733	0.492894372
243.782	0.498506274
243.83	0.497337971
243.88	0.48959795
243.928	0.496275906
243.977	0.495075845
244.026	0.495112069
244.075	0.492681618
244.123	0.495912193
244.172	0.49167268
244.221	0.494020102
244.27	0.495792749
244.318	0.504133243
244.367	0.489434612
244.417	0.488696978
244.465	0.501985889
244.514	0.491170843
244.563	0.495756915
244.611	0.500255508
244.66	0.495523102
244.709	0.491642453
244.758	0.49544439
244.806	0.49891107
244.855	0.494235819
244.903	0.501630219
244.953	0.486050493
245.001	0.495221055
245.05	0.494564797
245.099	0.49407885
245.147	0.500921686
245.197	0.491487882
245.245	0.495472958
245.294	0.494604428
245.343	0.49035196
245.392	0.494165978
245.44	0.499291757
245.49	0.490419825
245.538	0.498218648
245.587	0.496774021
245.635	0.50091054
245.684	0.487233116
245.733	0.493876136
245.782	0.492911917
245.831	0.500774513
245.88	0.484365547
245.929	0.50184223
245.977	0.497708824
246.026	0.488089722
246.075	0.499946451
246.125	0.482151234
246.173	0.495891123
246.221	0.508007836
246.271	0.482841926
246.319	0.495590857
246.368	0.495262189
246.417	0.495003158
246.466	0.491621191
246.515	0.491107229
246.564	0.490656618
246.613	0.495267527
246.662	0.495988218
246.711	0.486058164
246.76	0.500002107
246.809	0.488765459
246.858	0.494730058
246.906	0.498867734
246.955	0.487977388
247.004	0.492128881
247.053	0.493579662
247.102	0.495789672
247.151	0.494606808
247.2	0.493789495
247.249	0.491201178
247.298	0.498779505
247.347	0.490903015
247.396	0.496020845
247.445	0.489803224
247.494	0.487516885
247.543	0.497073151
247.592	0.499053689
247.641	0.49266357
247.69	0.487705916
247.739	0.496286232
247.788	0.494254839
247.837	0.496192869
247.886	0.490626357
247.935	0.493319203
247.984	0.500270176
248.033	0.496462229
248.083	0.485743543
248.132	0.494056878
248.181	0.493433885
248.23	0.493141054
248.279	0.492752947
248.328	0.498494983
248.377	0.492111967
248.426	0.494350853
248.475	0.495813257
248.524	0.496113609
248.573	0.49327393
248.622	0.498119498
248.671	0.487152946
248.72	0.499981296
248.77	0.487579449
248.817	0.507110766
248.867	0.492805652
248.915	0.49914964
248.965	0.490204451
249.014	0.497030416
249.063	0.494389024
249.111	0.50541241
249.161	0.492764856
249.209	0.502517672
249.259	0.489310595
249.308	0.495561432
249.356	0.498792826
249.405	0.500060428
249.454	0.50283924
249.503	0.488150984
249.552	0.496537051
249.601	0.500550379
249.65	0.498145151
249.699	0.494480726
249.748	0.498557797
249.798	0.492441597
249.846	0.501391161
249.895	0.500196492
249.944	0.496840118
249.993	0.496435934
250.042	0.502077017
250.091	0.493543469
250.141	0.495155238
250.189	0.501380573
250.238	0.501352123
250.288	0.492376383
250.336	0.503585703
250.385	0.496220251
250.434	0.498247603
250.483	0.502639051
250.533	0.48712389
250.581	0.507833141
250.631	0.490868788
250.68	0.496701851
250.729	0.49885967
250.778	0.498096007
250.826	0.501805736
250.876	0.495437898
250.925	0.490458648
250.974	0.505679639
251.023	0.494913209
251.072	0.495671746
251.121	0.496364154
251.17	0.498289536
251.219	0.498217568
251.268	0.498295516
251.317	0.497846458
251.367	0.490753369
251.416	0.496857834
251.466	0.493612716
251.514	0.505992899
251.563	0.496939216
251.613	0.495072375
251.662	0.492130035
251.711	0.503011811
251.76	0.495261023
251.81	0.49701157
251.859	0.498690833
251.908	0.496606737
251.957	0.49800354
252.006	0.50339675
252.055	0.496756527
252.104	0.498658931
252.154	0.496669622
252.203	0.496376116
252.251	0.506432599
252.301	0.492319794
252.35	0.500367952
252.4	0.490690629
252.449	0.504329293
252.498	0.497621049
252.548	0.498680402
252.597	0.501060449
252.645	0.503433139
252.694	0.504451481
252.743	0.498692606
252.793	0.49066642
252.842	0.508131713
252.891	0.499751926
252.94	0.497643335
252.989	0.504264066
253.038	0.496750309
253.088	0.497322066
253.137	0.500114117
253.185	0.511803756
253.235	0.494915313
253.284	0.49966222
253.333	0.504388088
253.382	0.504735622
253.43	0.505431149
253.48	0.496965792
253.529	0.5037988
253.578	0.497778345
253.627	0.502915431
253.676	0.502354069
253.725	0.505189349
253.774	0.506004224
253.823	0.50110554
253.872	0.499592927
253.921	0.507919581
253.969	0.509706275
254.019	0.495056468
254.068	0.500749222
254.117	0.506307531
254.167	0.4946665
254.216	0.504427132
254.265	0.501992592
254.314	0.502963431
254.363	0.494259587
254.412	0.504893956
254.461	0.508815472
254.51	0.503675969
254.559	0.499292585
254.608	0.500933235
254.657	0.505070425
254.706	0.498480807
254.756	0.501620754
254.805	0.501879669
254.853	0.506608976
254.903	0.496343888
254.951	0.506243955
255	0.502306653
255.049	0.50436091
255.099	0.494039294
255.148	0.506771109
255.197	0.498618044
255.246	0.5038412
255.295	0.502373541
255.345	0.496643951
255.394	0.505243682
255.443	0.499168252
255.492	0.504009193
255.541	0.506748671
255.59	0.50032321
255.639	0.501106691
255.689	0.498543284
255.738	0.504827383
255.787	0.496617847
255.836	0.508108587
255.885	0.504240941
255.935	0.499016726
255.984	0.501963589
256.033	0.505316156
256.082	0.501287192
256.131	0.502791251
256.181	0.499361879
256.23	0.50369551
256.279	0.499662891
256.328	0.507442532
256.377	0.497176951
256.426	0.503446535
256.476	0.498618423
256.524	0.509477503
256.574	0.504023089
256.623	0.499608127
256.673	0.490716847
256.722	0.510518795
256.771	0.500338233
256.821	0.499263491
256.87	0.504471281
256.919	0.505114667
256.968	0.499474552
257.017	0.505543179
257.067	0.495218148
257.116	0.511188122
257.165	0.502666317
257.214	0.502083408
257.263	0.503715675
257.312	0.507446468
257.361	0.502893535
257.411	0.502581338
257.46	0.501718725
257.509	0.507688323
257.559	0.496112284
257.608	0.506609519
257.657	0.507200481
257.706	0.507664779
257.755	0.496718353
257.804	0.509194191
257.853	0.504795483
257.903	0.497691663
257.952	0.514308137
258.001	0.506224913
258.05	0.504932297
258.099	0.507877394
258.148	0.503473587
258.197	0.512680354
258.247	0.498530789
258.296	0.505691684
258.344	0.511533201
258.393	0.508133363
258.443	0.50104479
258.492	0.5102342
258.541	0.505097939
258.59	0.505056021
258.639	0.510984413
258.688	0.507530089
258.736	0.514686157
258.786	0.505045383
258.835	0.504616935
258.884	0.511445444
258.933	0.503533891
258.983	0.507137735
259.031	0.517172069
259.08	0.510098479
259.129	0.502231243
259.178	0.512625509
259.226	0.517347671
259.275	0.509238477
259.324	0.506938603
259.374	0.503317862
259.423	0.508630699
259.472	0.50819539
259.52	0.513557947
259.569	0.511127828
259.619	0.499169236
259.667	0.5127038
259.717	0.49854067
259.766	0.509963314
259.815	0.50635751
259.864	0.504030731
259.913	0.50576158
259.962	0.508679582
260.011	0.508225045
260.059	0.513673879
260.109	0.495316342
260.158	0.510687493
260.207	0.51022973
260.256	0.507338002
260.305	0.506522078
260.354	0.505702552
260.404	0.499054229
260.452	0.515016507
260.502	0.49873249
260.551	0.503593218
260.6	0.505154929
260.649	0.510580889
260.698	0.507234754
260.747	0.508469683
260.797	0.50422803
260.845	0.512563145
260.895	0.50442836
260.944	0.504483741
260.993	0.506475702
261.042	0.506579739
261.091	0.510402992
261.141	0.500045632
261.19	0.50703572
261.239	0.500377965
261.289	0.505815907
261.337	0.516246298
261.387	0.498053124
261.436	0.510984663
261.484	0.50975999
261.534	0.501461503
261.583	0.507553757
261.632	0.514028949
261.682	0.498532528
261.731	0.500486981
261.78	0.50656694
261.829	0.513556007
261.878	0.507594036
261.927	0.504943732
261.976	0.508006827
262.027	0.496656056
262.075	0.510950712
262.124	0.507789433
262.174	0.498678768
262.223	0.514216575
262.272	0.503880397
262.321	0.510030933
262.371	0.498963372
262.42	0.507265656
262.469	0.512910776
262.518	0.504642845
262.568	0.505565792
262.617	0.506849954
262.666	0.509329814
262.715	0.509708788
262.764	0.505422899
262.814	0.506913169
262.863	0.508550643
262.912	0.508148363
262.961	0.51002465
263.011	0.505814903
263.06	0.505581064
263.109	0.50739121
263.158	0.511828037
263.207	0.508528786
263.257	0.504127481
263.307	0.503027186
263.357	0.502038875
263.406	0.512945349
263.455	0.510777022
263.504	0.510430143
263.553	0.50859054
263.602	0.514171978
263.651	0.507330928
263.701	0.50793944
263.75	0.507616789
263.8	0.506696483
263.849	0.510430284
263.898	0.510438293
263.947	0.513884106
263.996	0.510858416
264.045	0.506410903
264.095	0.508626805
264.144	0.511315775
264.193	0.515090772
264.242	0.508257738
264.291	0.512512364
264.34	0.512326953
264.39	0.508061995
264.439	0.511005934
264.488	0.510796771
264.537	0.513995447
264.587	0.507714184
264.636	0.51045989
264.686	0.506940585
264.734	0.520068326
264.783	0.511569618
264.832	0.511502403
264.882	0.510849071
264.931	0.508534071
264.98	0.514586214
265.029	0.514692805
265.079	0.503883647
265.127	0.520934128
265.177	0.511527053
265.226	0.512976922
265.275	0.511040961
265.324	0.511823079
265.374	0.508411594
265.422	0.517190439
265.472	0.510026245
265.52	0.516305729
265.57	0.509069809
265.618	0.517662823
265.668	0.512853753
265.717	0.513179168
265.766	0.509814595
265.816	0.507692663
265.865	0.512452591
265.913	0.517882051
265.963	0.50927219
266.012	0.512158687
266.061	0.513317394
266.11	0.509241836
266.159	0.50892853
266.208	0.517806882
266.258	0.504218805
266.307	0.510090518
266.356	0.518901372
266.405	0.509153078
266.455	0.507822919
266.504	0.513069782
266.553	0.506381612
266.602	0.514671083
266.651	0.513793496
266.701	0.505668907
266.75	0.507182456
266.799	0.513028666
266.848	0.515781565
266.898	0.504444638
266.946	0.520225407
266.996	0.507615401
267.045	0.515276762
267.095	0.501535437
267.144	0.517299194
267.192	0.51775435
267.242	0.5092159
267.291	0.509986873
267.34	0.513647768
267.389	0.507638515
267.439	0.506586235
267.488	0.513986139
267.537	0.509081453
267.587	0.510214842
267.636	0.507648855
267.686	0.510955861
267.735	0.514460534
267.784	0.508520993
267.833	0.518887569
267.882	0.514846862
267.931	0.507429027
267.98	0.511253667
268.03	0.507295954
268.079	0.5170662
268.128	0.507582591
268.178	0.511531757
268.227	0.516511526
268.276	0.510960713
268.325	0.511815155
268.374	0.513560337
268.424	0.512939559
268.472	0.516079497
268.522	0.511238059
268.571	0.515040725
268.62	0.508427849
268.67	0.512832464
268.719	0.510003118
268.768	0.518692689
268.817	0.510333747
268.866	0.516395555
268.916	0.509748777
268.965	0.511476315
269.014	0.519186106
269.063	0.51635461
269.113	0.505450877
269.161	0.521522435
269.21	0.515771071
269.259	0.514090213
269.308	0.51527067
269.357	0.519549079
269.407	0.509986699
269.456	0.51296423
269.506	0.504224836
269.554	0.521896825
269.603	0.519656606
269.653	0.514408961
269.702	0.515636615
269.75	0.519870715
269.8	0.513442274
269.849	0.513963278
269.898	0.518106488
269.946	0.523690213
269.996	0.510152555
270.045	0.517417386
270.093	0.523029163
270.143	0.508418238
270.192	0.514815877
270.241	0.519546131
270.29	0.521259336
270.339	0.513352256
270.388	0.519020749
270.437	0.511441523
270.486	0.520783216
270.535	0.512774064
270.585	0.512042424
270.634	0.516964962
270.682	0.521342524
270.732	0.512195626
270.781	0.511515222
270.829	0.525453309
270.879	0.510056644
270.928	0.520270353
270.977	0.513594065
271.026	0.514412482
271.075	0.519074204
271.125	0.508489363
271.174	0.518538568
271.223	0.517371102
271.272	0.514717069
271.321	0.511253119
271.37	0.522896844
271.418	0.518990861
271.468	0.511445796
271.517	0.51258807
271.566	0.522343813
271.616	0.509108021
271.665	0.518604204
271.714	0.51016034
271.763	0.523502217
271.812	0.508317293
271.861	0.516595568
271.91	0.522532143
271.96	0.506205421
272.009	0.515085383
272.058	0.515267723
272.108	0.512868185
272.156	0.52525527
272.206	0.507703835
272.255	0.5188772
272.304	0.513188306
272.353	0.5173541
272.402	0.518644668
272.451	0.512347441
272.501	0.509141682
272.55	0.519122767
272.599	0.51222976
272.649	0.509561638
272.698	0.520854905
272.747	0.5127472
272.796	0.517642774
272.846	0.509215111
272.894	0.524565903
272.944	0.51079292
272.993	0.513117126
273.043	0.517085859
273.092	0.516785941
273.141	0.517936526
273.19	0.510161807
273.239	0.525858235
273.288	0.510617086
273.338	0.515228064
273.387	0.509923075
273.437	0.516300664
273.486	0.515767782
273.535	0.517495266
273.584	0.515860222
273.634	0.516007044
273.683	0.514137255
273.732	0.519105229
273.781	0.518200858
273.831	0.515122819
273.88	0.520062163
273.929	0.520039614
273.979	0.508293014
274.028	0.514394828
274.077	0.520180374
274.127	0.514661869
274.176	0.520362686
274.225	0.519803446
274.274	0.519260387
274.323	0.521981406
274.373	0.513853756
274.42	0.532654059
274.471	0.507340152
274.52	0.519715048
274.569	0.523938779
274.618	0.512348572
274.667	0.526480528
274.716	0.519393889
274.766	0.517183646
274.814	0.522540244
274.864	0.513448237
274.913	0.523049243
274.962	0.515667239
275.011	0.527575754
275.06	0.514402731
275.11	0.519226017
275.158	0.526133949
275.207	0.520699623
275.256	0.523015693
275.305	0.522829166
275.354	0.518608257
275.404	0.512880617
275.453	0.52410288
275.502	0.522863475
275.551	0.513621455
275.6	0.526088451
275.649	0.523012211
275.698	0.521198223
275.748	0.508957387
275.797	0.526568815
275.845	0.522526549
275.895	0.520127385
275.944	0.5186838
275.992	0.525996005
276.042	0.517372208
276.091	0.518611974
276.14	0.519741732
276.189	0.522908502
276.239	0.512832206
276.287	0.524273489
276.338	0.50888275
276.385	0.532286867
276.435	0.520131194
276.484	0.516198386
276.534	0.513007898
276.582	0.534620008
276.632	0.509628545
276.68	0.523962996
276.729	0.526300508
276.779	0.512533054
276.828	0.523750786
276.877	0.523676107
276.926	0.513873553
276.976	0.517268458
277.025	0.515512012
277.074	0.519718964
277.123	0.519350508
277.173	0.516903808
277.221	0.535058489
277.27	0.513674868
277.32	0.518018467
277.369	0.519467825
277.419	0.514299436
277.467	0.529433922
277.517	0.518336885
277.566	0.513771742
277.615	0.522023713
277.665	0.512826923
277.714	0.523517194
277.763	0.516942205
277.813	0.520944627
277.862	0.521182764
277.911	0.520037055
277.96	0.519220766
278.009	0.527115402
278.058	0.518020737
278.108	0.516026196
278.158	0.518090501
278.207	0.522719782
278.256	0.521625768
278.306	0.512587277
278.355	0.516288526
278.403	0.531265469
278.453	0.5178532
278.501	0.53015191
278.552	0.509575681
278.6	0.528579386
278.65	0.513600886
278.699	0.525709412
278.748	0.521541257
278.798	0.521918533
278.847	0.522212285
278.896	0.523130005
278.945	0.517441305
278.994	0.527677721
279.043	0.520767956
279.093	0.521655469
279.142	0.520473893
279.192	0.5192183
279.24	0.531026668
279.289	0.523950047
279.338	0.52436016
279.388	0.519785896
279.437	0.52647029
279.486	0.522761623
279.535	0.528951752
279.585	0.519355342
279.633	0.52706527
279.682	0.526625923
279.731	0.525800102
279.781	0.524588221
279.83	0.520161784
279.879	0.528036966
279.928	0.532216576
279.977	0.525569756
280.025	0.52995909
280.075	0.523192207
280.124	0.523512266
280.173	0.528969858
280.222	0.528552558
280.271	0.522770304
280.32	0.523192119
280.369	0.524984735
280.419	0.523185534
280.468	0.525774535
280.517	0.524739781
280.566	0.529240159
280.615	0.524251413
280.664	0.524863806
280.713	0.531858754
280.762	0.52215559
280.811	0.522463634
280.86	0.534957017
280.908	0.527191298
280.958	0.522752922
281.007	0.521574585
281.056	0.524007383
281.105	0.527527989
281.154	0.522830751
281.204	0.521459212
281.252	0.533254944
281.302	0.520994264
281.351	0.527310789
281.399	0.528296877
281.449	0.521634598
281.497	0.53151192
281.547	0.515490361
281.596	0.527411526
281.645	0.521178147
281.694	0.527454242
281.743	0.52124175
281.792	0.526270075
281.841	0.528937031
281.891	0.52002868
281.94	0.522829939
281.989	0.526859645
282.038	0.520066547
282.087	0.532894696
282.136	0.521404749
282.186	0.52167904
282.233	0.53859041
282.284	0.513575859
282.333	0.525861727
282.382	0.52307831
282.431	0.521250606
282.481	0.519913964
282.529	0.529084032
282.579	0.522579073
282.628	0.526571038
282.677	0.524827242
282.726	0.528999586
282.776	0.51866972
282.824	0.530943562
282.873	0.524195584
282.923	0.516791858
282.973	0.522668265
283.022	0.525551407
283.071	0.524076361
283.12	0.526904969
283.169	0.522808353
283.218	0.524111132
283.268	0.522860827
283.317	0.524893256
283.366	0.526842386
283.416	0.523486442
283.466	0.514063784
283.515	0.52734146
283.564	0.530466306
283.614	0.51761917
283.662	0.53406443
283.712	0.522946158
283.761	0.520780088
283.811	0.526726808
283.859	0.534539269
283.909	0.524610644
283.958	0.525938357
284.008	0.522514024
284.057	0.528839929
284.106	0.527559532
284.155	0.525215948
284.204	0.531234646
284.254	0.524329145
284.303	0.531771744
284.352	0.521847969
284.402	0.528076214
284.451	0.529201698
284.499	0.533861152
284.549	0.522379521
284.598	0.528318148
284.647	0.532780666
284.697	0.525992215
284.745	0.534679223
284.795	0.524018184
284.844	0.537829348
284.893	0.529172678
284.942	0.528549153
284.991	0.534186545
285.04	0.534208428