130.016	0.323192
130.061	0.322528
130.107	0.321557
130.152	0.326225
130.198	0.324111
130.243	0.328915
130.288	0.326949
130.334	0.328232
130.379	0.324608
130.425	0.330329
130.47	0.328403
130.515	0.33221
130.561	0.329476
130.606	0.327199
130.652	0.32304
130.697	0.327212
130.743	0.327833
130.788	0.32853
130.834	0.326383
130.88	0.323824
130.925	0.332156
130.97	0.328055
131.016	0.331081
131.061	0.330724
131.107	0.330573
131.152	0.333027
131.197	0.330279
131.243	0.328848
131.288	0.330349
131.335	0.324705
131.38	0.332885
131.425	0.332277
131.471	0.329335
131.517	0.328577
131.562	0.335954
131.608	0.328161
131.654	0.33691
131.699	0.338789
131.744	0.340216
131.79	0.33118
131.836	0.332798
131.882	0.331419
131.927	0.336949
131.973	0.331758
132.018	0.332825
132.064	0.3344
132.11	0.326094
132.156	0.335057
132.201	0.338107
132.247	0.332177
132.293	0.337085
132.339	0.331918
132.385	0.33843
132.43	0.338451
132.476	0.335106
132.521	0.342333
132.567	0.331522
132.614	0.331122
132.66	0.333082
132.706	0.336339
132.751	0.339352
132.797	0.337117
132.842	0.336813
132.888	0.337103
132.935	0.336187
132.98	0.341672
133.026	0.338081
133.072	0.33783
133.118	0.33979
133.163	0.339952
133.21	0.335143
133.255	0.344357
133.302	0.335473
133.347	0.344425
133.394	0.336726
133.439	0.34267
133.485	0.3387
133.531	0.348797
133.577	0.33759
133.623	0.343233
133.669	0.341919
133.715	0.342112
133.762	0.339326
133.808	0.34486
133.853	0.348101
133.899	0.343616
133.946	0.340332
133.992	0.340313
134.038	0.344341
134.084	0.343837
134.13	0.339737
134.176	0.344093
134.222	0.348905
134.268	0.34409
134.314	0.344328
134.361	0.343944
134.406	0.349829
134.453	0.343556
134.499	0.346492
134.545	0.344814
134.591	0.345691
134.637	0.348006
134.684	0.341848
134.73	0.34906
134.776	0.347481
134.822	0.346193
134.867	0.351277
134.914	0.34291
134.96	0.352497
135.007	0.345252
135.053	0.350855
135.099	0.353048
135.146	0.344075
135.192	0.349531
135.238	0.351174
135.285	0.346136
135.33	0.352552
135.377	0.347199
135.423	0.352989
135.469	0.349755
135.515	0.350923
135.562	0.351484
135.608	0.354886
135.655	0.355108
135.702	0.349341
135.748	0.356555
135.794	0.35807
135.841	0.357062
135.887	0.353612
135.933	0.357648
135.98	0.354679
136.026	0.355775
136.072	0.353746
136.119	0.35364
136.166	0.349898
136.211	0.362887
136.258	0.352116
136.305	0.356451
136.351	0.356749
136.398	0.357402
136.443	0.362537
136.49	0.355594
136.536	0.357089
136.583	0.356734
136.629	0.357451
136.676	0.354999
136.722	0.35817
136.769	0.355301
136.815	0.363007
136.861	0.361479
136.908	0.354473
136.955	0.355419
137.001	0.361169
137.047	0.358544
137.094	0.355464
137.14	0.358348
137.187	0.35345
137.233	0.362058
137.281	0.352967
137.327	0.361608
137.373	0.359677
137.42	0.36428
137.466	0.360057
137.512	0.366332
137.559	0.360259
137.606	0.365267
137.653	0.360639
137.699	0.360347
137.746	0.364595
137.792	0.36299
137.839	0.364126
137.885	0.361944
137.932	0.359427
137.979	0.365042
138.026	0.361901
138.073	0.364076
138.119	0.371637
138.166	0.359656
138.212	0.369954
138.259	0.362949
138.306	0.363546
138.353	0.361971
138.399	0.366402
138.446	0.360911
138.493	0.365869
138.54	0.363844
138.586	0.372724
138.633	0.366123
138.68	0.368703
138.727	0.362472
138.774	0.369928
138.821	0.368998
138.868	0.366994
138.914	0.36966
138.961	0.367361
139.008	0.36612
139.054	0.367742
139.102	0.364999
139.149	0.36443
139.196	0.366326
139.242	0.372998
139.289	0.36476
139.336	0.369322
139.383	0.370053
139.43	0.371294
139.477	0.365709
139.524	0.369059
139.571	0.369241
139.617	0.370597
139.664	0.371258
139.711	0.363146
139.758	0.36737
139.804	0.374694
139.852	0.361249
139.899	0.371105
139.946	0.370096
139.993	0.37219
140.04	0.371013
140.086	0.376066
140.134	0.364217
140.18	0.373049
140.227	0.370408
140.274	0.368968
140.321	0.370017
140.368	0.370441
140.416	0.366552
140.462	0.371447
140.509	0.37319
140.556	0.370496
140.603	0.366827
140.65	0.371303
140.697	0.375953
140.744	0.373926
140.791	0.372459
140.838	0.372841
140.886	0.372019
140.932	0.377201
140.98	0.364873
141.027	0.377634
141.074	0.374769
141.121	0.377139
141.168	0.374853
141.215	0.375672
141.262	0.375992
141.309	0.376628
141.356	0.379403
141.403	0.374387
141.45	0.380106
141.497	0.376787
141.544	0.379033
141.592	0.373794
141.639	0.379554
141.686	0.379428
141.733	0.374467
141.781	0.377746
141.827	0.380899
141.875	0.377212
141.922	0.379599
141.969	0.382172
142.017	0.37875
142.064	0.382293
142.111	0.378418
142.158	0.38312
142.205	0.380057
142.253	0.375687
142.3	0.384016
142.347	0.37735
142.394	0.384133
142.441	0.37788
142.488	0.379679
142.536	0.3803
142.583	0.384762
142.63	0.385623
142.677	0.383355
142.724	0.37923
142.772	0.379379
142.819	0.378323
142.866	0.38516
142.913	0.386712
142.96	0.38058
143.008	0.385329
143.055	0.381423
143.102	0.385538
143.15	0.385208
143.197	0.386898
143.244	0.385498
143.291	0.387543
143.339	0.385513
143.386	0.391164
143.434	0.380455
143.48	0.38963
143.528	0.385594
143.575	0.385272
143.622	0.389267
143.67	0.389685
143.717	0.389888
143.765	0.385383
143.812	0.389533
143.859	0.391503
143.907	0.384351
143.954	0.39157
144.001	0.393707
144.048	0.384424
144.096	0.386005
144.143	0.388702
144.191	0.391231
144.238	0.388976
144.285	0.394588
144.333	0.38204
144.38	0.397441
144.427	0.389767
144.474	0.39765
144.522	0.39255
144.569	0.391692
144.617	0.389044
144.664	0.392634
144.712	0.394533
144.759	0.390512
144.807	0.389866
144.854	0.393234
144.902	0.394799
144.949	0.396206
144.997	0.387244
145.044	0.396329
145.092	0.393121
145.139	0.398672
145.187	0.389234
145.235	0.395327
145.282	0.396237
145.329	0.397222
145.377	0.396517
145.424	0.398886
145.472	0.393185
145.519	0.397239
145.566	0.397578
145.614	0.39288
145.662	0.398744
145.709	0.397317
145.756	0.400723
145.804	0.400031
145.852	0.398378
145.899	0.398105
145.947	0.401539
145.994	0.40012
146.041	0.399362
146.089	0.398047
146.136	0.402237
146.183	0.40219
146.231	0.39085
146.279	0.396012
146.326	0.397897
146.374	0.394849
146.421	0.40214
146.469	0.39582
146.516	0.40139
146.564	0.398848
146.611	0.397335
146.659	0.395924
146.706	0.40264
146.754	0.398222
146.801	0.404134
146.849	0.390328
146.897	0.398917
146.944	0.398944
146.992	0.403565
147.039	0.401138
147.087	0.406313
147.134	0.401035
147.182	0.3998
147.229	0.406237
147.277	0.403057
147.325	0.399796
147.372	0.404612
147.42	0.396106
147.467	0.400315
147.515	0.398628
147.562	0.408233
147.61	0.400809
147.658	0.402057
147.706	0.402742
147.754	0.402832
147.801	0.405693
147.849	0.401486
147.897	0.402491
147.944	0.401293
147.992	0.399199
148.039	0.409271
148.087	0.401856
148.135	0.397617
148.184	0.394013
148.23	0.410947
148.278	0.401314
148.326	0.404062
148.374	0.403521
148.422	0.404057
148.47	0.401184
148.517	0.405836
148.565	0.403749
148.613	0.400637
148.66	0.406033
148.708	0.39978
148.756	0.407623
148.803	0.40564
148.851	0.402386
148.899	0.406427
148.946	0.403557
148.994	0.406101
149.042	0.404186
149.089	0.408121
149.138	0.400971
149.185	0.410739
149.232	0.406996
149.28	0.402464
149.328	0.403501
149.376	0.409641
149.423	0.405186
149.471	0.404924
149.519	0.405435
149.567	0.404672
149.614	0.408108
149.662	0.407255
149.711	0.401352
149.758	0.417973
149.806	0.407103
149.853	0.418013
149.901	0.403073
149.949	0.411695
149.997	0.408863
150.044	0.414541
150.093	0.407644
150.14	0.41319
150.188	0.410163
150.236	0.413414
150.284	0.409441
150.331	0.418294
150.379	0.413949
150.427	0.406486
150.475	0.415584
150.523	0.410014
150.571	0.414366
150.618	0.412032
150.667	0.402782
150.714	0.412132
150.762	0.412973
150.81	0.409506
150.857	0.417172
150.906	0.406133
150.954	0.410296
151.002	0.410467
151.049	0.412241
151.097	0.408766
151.145	0.411394
151.192	0.414913
151.241	0.401294
151.288	0.413889
151.336	0.406559
151.384	0.409825
151.432	0.40935
151.48	0.417135
151.528	0.406167
151.576	0.418823
151.624	0.412083
151.672	0.412267
151.72	0.416235
151.767	0.414072
151.815	0.410858
151.863	0.415587
151.911	0.416539
151.959	0.407264
152.007	0.412418
152.055	0.415755
152.103	0.408764
152.151	0.414138
152.199	0.41651
152.247	0.416717
152.295	0.41369
152.343	0.417067
152.39	0.421726
152.438	0.410505
152.486	0.414357
152.534	0.414748
152.582	0.417626
152.63	0.413336
152.678	0.412811
152.726	0.419825
152.774	0.411733
152.822	0.420004
152.87	0.411393
152.918	0.42203
152.966	0.413299
153.014	0.415945
153.061	0.416677
153.109	0.413423
153.158	0.404536
153.205	0.419463
153.253	0.416014
153.301	0.412759
153.349	0.411184
153.397	0.418321
153.445	0.408917
153.493	0.414232
153.541	0.418271
153.589	0.413046
153.637	0.414914
153.685	0.417326
153.733	0.411658
153.781	0.417218
153.829	0.416844
153.877	0.422077
153.926	0.411451
153.973	0.423009
154.022	0.412122
154.07	0.422037
154.117	0.420711
154.165	0.420847
154.214	0.415702
154.262	0.416548
154.309	0.424108
154.357	0.424197
154.405	0.421026
154.453	0.420313
154.501	0.420263
154.55	0.421607
154.597	0.426452
154.646	0.417787
154.693	0.427497
154.742	0.419083
154.79	0.422483
154.838	0.418713
154.886	0.425044
154.934	0.423574
154.982	0.42353
155.029	0.427116
155.077	0.424723
155.126	0.421319
155.174	0.422445
155.222	0.419975
155.27	0.425006
155.318	0.421748
155.366	0.421457
155.415	0.422544
155.462	0.428271
155.51	0.421731
155.559	0.419492
155.607	0.426689
155.655	0.42116
155.703	0.427586
155.751	0.424122
155.798	0.43135
155.847	0.42415
155.895	0.420375
155.943	0.428572
155.991	0.425438
156.04	0.422721
156.088	0.428066
156.135	0.431042
156.183	0.426546
156.231	0.43076
156.28	0.423321
156.327	0.43595
156.375	0.430839
156.424	0.423419
156.472	0.428733
156.52	0.422925
156.568	0.426639
156.616	0.428264
156.664	0.421489
156.713	0.422528
156.76	0.426914
156.808	0.425362
156.856	0.427212
156.905	0.423183
156.953	0.428309
157.001	0.434584
157.049	0.430291
157.097	0.433221
157.145	0.430036
157.194	0.429418
157.241	0.436301
157.29	0.430679
157.337	0.43537
157.386	0.429545
157.434	0.432139
157.482	0.432607
157.531	0.423532
157.578	0.436422
157.626	0.433659
157.675	0.42917
157.723	0.435223
157.771	0.433303
157.819	0.432452
157.867	0.429504
157.916	0.429058
157.964	0.429138
158.011	0.442575
158.059	0.430195
158.107	0.428873
158.156	0.431254
158.204	0.425282
158.253	0.431999
158.301	0.436193
158.348	0.440763
158.396	0.433025
158.445	0.433004
158.493	0.434681
158.541	0.435379
158.588	0.436995
158.638	0.424338
158.685	0.439581
158.734	0.426709
158.781	0.438155
158.83	0.433235
158.878	0.437364
158.926	0.432774
158.974	0.439833
159.022	0.433072
159.07	0.440812
159.118	0.43875
159.166	0.436373
159.215	0.431751
159.263	0.439034
159.311	0.434048
159.359	0.433986
159.407	0.439968
159.456	0.428756
159.504	0.434658
159.551	0.438574
159.6	0.433094
159.648	0.435317
159.697	0.430114
159.745	0.437711
159.793	0.435899
159.841	0.434654
159.889	0.436757
159.937	0.436546
159.985	0.436243
160.033	0.438052
160.081	0.433236
160.13	0.435387
160.178	0.434265
160.227	0.432817
160.275	0.441486
160.323	0.435771
160.371	0.435947
160.419	0.441214
160.468	0.430492
160.515	0.443655
160.564	0.435861
160.612	0.437868
160.661	0.433045
160.709	0.435864
160.757	0.441401
160.806	0.432551
160.853	0.444795
160.902	0.432454
160.951	0.430661
160.998	0.442803
161.046	0.438836
161.095	0.435366
161.143	0.438813
161.19	0.444289
161.239	0.435101
161.287	0.438935
161.336	0.437706
161.384	0.436386
161.432	0.442401
161.48	0.440701
161.529	0.441087
161.577	0.439563
161.625	0.441696
161.673	0.440863
161.721	0.437303
161.77	0.435299
161.818	0.444806
161.866	0.443448
161.915	0.434867
161.963	0.441209
162.011	0.44126
162.059	0.439638
162.107	0.436515
162.155	0.439356
162.204	0.43622
162.252	0.440761
162.3	0.443689
162.348	0.440684
162.397	0.436364
162.445	0.445797
162.494	0.434655
162.542	0.44219
162.59	0.439434
162.637	0.451107
162.686	0.435087
162.734	0.441994
162.783	0.440895
162.831	0.443788
162.879	0.443286
162.927	0.440944
162.976	0.442582
163.024	0.440279
163.073	0.441749
163.121	0.444914
163.169	0.440477
163.217	0.44085
163.266	0.440846
163.314	0.441468
163.363	0.43825
163.411	0.445203
163.459	0.43864
163.508	0.442654
163.556	0.441883
163.604	0.45339
163.652	0.448335
163.7	0.444204
163.748	0.450243
163.797	0.446631
163.845	0.443068
163.894	0.441071
163.942	0.44572
163.99	0.448757
164.039	0.440069
164.086	0.449934
164.135	0.440623
164.183	0.44687
164.232	0.443947
164.28	0.448663
164.329	0.442597
164.376	0.453172
164.425	0.444773
164.473	0.448629
164.522	0.444411
164.57	0.451264
164.618	0.447329
164.667	0.447963
164.715	0.456147
164.763	0.447183
164.811	0.451639
164.86	0.449892
164.908	0.451708
164.956	0.458233
165.004	0.45366
165.053	0.450318
165.101	0.451969
165.149	0.451747
165.198	0.448859
165.246	0.451278
165.295	0.446069
165.343	0.452055
165.391	0.449426
165.439	0.453287
165.488	0.449385
165.536	0.45504
165.585	0.442216
165.632	0.463258
165.681	0.451042
165.729	0.456807
165.777	0.452926
165.826	0.451247
165.874	0.457502
165.922	0.459286
165.971	0.455963
166.019	0.457252
166.068	0.453254
166.116	0.456196
166.164	0.460924
166.212	0.458535
166.261	0.456062
166.309	0.460082
166.358	0.45039
166.406	0.46641
166.455	0.453632
166.503	0.45672
166.551	0.461553
166.599	0.458078
166.648	0.455616
166.696	0.458036
166.745	0.453163
166.793	0.462013
166.842	0.455031
166.89	0.460258
166.938	0.461001
166.987	0.454369
167.035	0.463098
167.083	0.457152
167.132	0.4613
167.18	0.456519
167.229	0.459718
167.277	0.46105
167.325	0.459549
167.374	0.461199
167.423	0.455524
167.47	0.470329
167.519	0.457935
167.567	0.463495
167.615	0.462285
167.664	0.461132
167.712	0.461516
167.761	0.458866
167.81	0.455488
167.857	0.465688
167.906	0.453342
167.954	0.466636
168.003	0.461332
168.05	0.465454
168.099	0.459412
168.147	0.463305
168.196	0.465044
168.244	0.461977
168.292	0.466872
168.341	0.465723
168.39	0.455813
168.437	0.468945
168.487	0.452029
168.535	0.467136
168.583	0.466787
168.631	0.469139
168.679	0.464196
168.728	0.462125
168.777	0.463298
168.824	0.479228
168.873	0.459292
168.921	0.467027
168.97	0.460901
169.018	0.46904
169.066	0.463278
169.114	0.46821
169.163	0.458568
169.211	0.469619
169.26	0.462725
169.309	0.465943
169.357	0.465981
169.405	0.470951
169.453	0.467995
169.502	0.462332
169.551	0.467738
169.599	0.467136
169.647	0.468066
169.695	0.469472
169.744	0.466
169.792	0.468081
169.841	0.466937
169.89	0.464112
169.938	0.471763
169.986	0.46406
170.034	0.473686
170.083	0.46649
170.131	0.469644
170.179	0.472876
170.228	0.466322
170.276	0.47567
170.325	0.466509
170.372	0.478962
170.422	0.460825
170.469	0.474212
170.518	0.470879
170.567	0.464251
170.615	0.471984
170.664	0.467846
170.712	0.474103
170.76	0.46716
170.809	0.472499
170.857	0.471511
170.906	0.473669
170.954	0.474202
171.002	0.47404
171.05	0.470271
171.099	0.46843
171.147	0.473636
171.195	0.470848
171.243	0.473711
171.292	0.465946
171.341	0.46689
171.389	0.477025
171.437	0.473751
171.486	0.473252
171.534	0.469024
171.583	0.477089
171.631	0.475437
171.679	0.472852
171.728	0.471157
171.776	0.475652
171.824	0.470565
171.873	0.468768
171.921	0.47351
171.969	0.472771
172.018	0.471437
172.066	0.468349
172.114	0.481256
172.163	0.470843
172.211	0.475998
172.26	0.474675
172.308	0.477148
172.356	0.472898
172.404	0.481147
172.453	0.471723
172.502	0.47036
172.55	0.470885
172.599	0.470366
172.647	0.473201
172.695	0.484177
172.744	0.471603
172.792	0.473865
172.841	0.476111
172.889	0.474877
172.938	0.475992
172.986	0.477817
173.034	0.479842
173.083	0.473064
173.131	0.474778
173.179	0.476303
173.228	0.472644
173.276	0.475556
173.325	0.47149
173.373	0.470699
173.422	0.473379
173.47	0.47912
173.518	0.478651
173.567	0.474899
173.615	0.474771
173.664	0.47428
173.712	0.479944
173.76	0.479552
173.809	0.472907
173.857	0.481658
173.906	0.471622
173.954	0.474252
174.003	0.47348
174.052	0.469619
174.1	0.477577
174.148	0.48325
174.196	0.478923
174.245	0.474976
174.293	0.475844
174.342	0.477742
174.39	0.47842
174.438	0.478086
174.487	0.476867
174.536	0.47344
174.584	0.472493
174.633	0.478349
174.681	0.474984
174.73	0.476794
174.778	0.480602
174.827	0.476995
174.875	0.481742
174.924	0.479291
174.973	0.47519
175.02	0.490906
175.069	0.481124
175.118	0.473265
175.166	0.481472
175.215	0.475969
175.264	0.476226
175.311	0.486629
175.36	0.479248
175.409	0.477981
175.458	0.477798
175.506	0.479663
175.555	0.477711
175.603	0.482877
175.652	0.478304
175.701	0.484508
175.749	0.482445
175.798	0.486216
175.847	0.478657
175.895	0.483949
175.943	0.488804
175.992	0.483057
176.04	0.482057
176.09	0.475999
176.138	0.484699
176.187	0.482052
176.235	0.488421
176.283	0.488618
176.332	0.483988
176.381	0.483572
176.43	0.477399
176.478	0.492454
176.527	0.483079
176.575	0.487341
176.624	0.483402
176.673	0.480816
176.721	0.489482
176.77	0.483229
176.819	0.482353
176.867	0.486608
176.916	0.488857
176.964	0.486875
177.013	0.485663
177.061	0.492706
177.11	0.482936
177.158	0.493534
177.207	0.479628
177.256	0.487732
177.305	0.486808
177.353	0.49218
177.402	0.483348
177.45	0.489839
177.499	0.488289
177.547	0.489207
177.597	0.483169
177.645	0.496544
177.694	0.487143
177.743	0.484728
177.791	0.490994
177.839	0.494121
177.888	0.485293
177.937	0.495298
177.985	0.49003
178.033	0.492459
178.083	0.484461
178.131	0.490428
178.179	0.49297
178.228	0.488615
178.276	0.497826
178.326	0.47961
178.374	0.492022
178.423	0.487712
178.472	0.48956
178.52	0.494991
178.569	0.489051
178.617	0.490536
178.666	0.490645
178.715	0.493135
178.764	0.487773
178.812	0.49246
178.86	0.494667
178.91	0.486958
178.958	0.489724
179.007	0.49408
179.055	0.498288
179.104	0.487103
179.153	0.488625
179.201	0.499007
179.249	0.494999
179.298	0.49363
179.347	0.489922
179.396	0.498973
179.445	0.491384
179.493	0.496702
179.542	0.497171
179.59	0.497236
179.639	0.488433
179.687	0.500777
179.736	0.4977
179.785	0.489237
179.833	0.499938
179.882	0.492171
179.931	0.488627
179.979	0.505883
180.028	0.49069
180.076	0.504829
180.125	0.492893
180.173	0.505796
180.223	0.492562
180.272	0.494109
180.32	0.502541
180.368	0.500151
180.418	0.491192
180.466	0.500273
180.514	0.49823
180.563	0.499234
180.612	0.49181
180.661	0.494545
180.709	0.501366
180.758	0.49968
180.807	0.495737
180.855	0.500031
180.904	0.502936
180.952	0.500443
181.002	0.491531
181.05	0.499837
181.099	0.499431
181.148	0.495649
181.196	0.504072
181.244	0.500649
181.293	0.497385
181.342	0.495397
181.391	0.492703
181.44	0.501034
181.489	0.498324
181.537	0.5087469999999999
181.586	0.492957
181.634	0.505176
181.684	0.495044
181.733	0.49443
181.781	0.502712
181.83	0.497111
181.879	0.500938
181.928	0.494422
181.977	0.50224
182.025	0.499432
182.074	0.502561
182.123	0.503258
182.172	0.498113
182.22	0.504835
182.27	0.493271
182.318	0.504981
182.367	0.498851
182.415	0.501681
182.464	0.500123
182.513	0.496896
182.562	0.5002
182.61	0.50731
182.66	0.496525
182.708	0.502332
182.757	0.497842
182.806	0.5064419999999999
182.854	0.505217
182.904	0.50125
182.952	0.503065
183.001	0.502796
183.05	0.50466
183.098	0.5099399999999999
183.147	0.502315
183.196	0.501235
183.245	0.506779
183.294	0.504192
183.343	0.5005309999999999
183.392	0.497808
183.441	0.506457
183.489	0.503933
183.538	0.50244
183.587	0.5037469999999999
183.636	0.509018
183.684	0.505064
183.733	0.5049940000000001
183.782	0.502986
183.831	0.506537
183.88	0.503343
183.929	0.497703
183.978	0.509347
184.027	0.504673
184.076	0.503929
184.125	0.504094
184.173	0.511857
184.222	0.502616
184.27	0.509862
184.319	0.502818
184.368	0.5066349999999999
184.418	0.501811
184.466	0.509915
184.515	0.504262
184.565	0.502413
184.613	0.514977
184.662	0.504495
184.711	0.504033
184.759	0.514015
184.808	0.505451
184.857	0.506556
184.906	0.508607
184.955	0.508342
185.004	0.499705
185.053	0.5082719999999999
185.102	0.51148
185.152	0.500759
185.2	0.515398
185.249	0.505978
185.298	0.509066
185.347	0.50907
185.396	0.5074880000000001
185.444	0.510872
185.493	0.50761
185.542	0.5152099999999999
185.591	0.50218
185.64	0.51286
185.689	0.51008
185.737	0.508336
185.786	0.5091020000000001
185.834	0.516876
185.884	0.503336
185.932	0.51962
185.981	0.509022
186.031	0.499529
186.079	0.509555
186.128	0.512645
186.177	0.506359
186.226	0.506141
186.275	0.515395
186.323	0.512097
186.372	0.505282
186.422	0.506786
186.47	0.514331
186.519	0.505528
186.568	0.509926
186.617	0.511474
186.666	0.511464
186.714	0.511948
186.764	0.504575
186.812	0.513364
186.861	0.504227
186.91	0.510713
186.959	0.509419
187.008	0.512721
187.057	0.507559
187.106	0.507911
187.154	0.520678
187.204	0.504672
187.252	0.51471
187.301	0.5147350000000001
187.35	0.50537
187.399	0.5168509999999999
187.448	0.512452
187.496	0.520909
187.545	0.506396
187.594	0.510007
187.643	0.511749
187.692	0.508661
187.741	0.51713
187.79	0.510852
187.839	0.509776
187.887	0.523388
187.937	0.511117
187.985	0.519363
188.035	0.507953
188.084	0.513625
188.133	0.512269
188.182	0.511305
188.23	0.515927
188.279	0.513502
188.328	0.514052
188.377	0.519818
188.426	0.509785
188.475	0.514363
188.524	0.51262
188.573	0.519062
188.622	0.514414
188.67	0.519153
188.719	0.51229
188.768	0.513209
188.817	0.512648
188.866	0.516904
188.915	0.515144
188.963	0.519487
189.013	0.510775
189.062	0.515524
189.111	0.510707
189.16	0.512549
189.209	0.521702
189.258	0.510617
189.307	0.518418
189.355	0.520652
189.405	0.511415
189.454	0.514263
189.502	0.5221170000000001
189.551	0.519384
189.6	0.519664
189.65	0.511178
189.699	0.51695
189.747	0.53364
189.796	0.512212
189.845	0.523489
189.895	0.511676
189.943	0.526751
189.992	0.518805
190.041	0.519015
190.09	0.520665
190.139	0.521706
190.188	0.51591
190.237	0.521241
190.286	0.523128
190.335	0.5278659999999999
190.384	0.526386
190.433	0.520775
190.482	0.5221440000000001
190.531	0.5252
190.58	0.521406
190.629	0.521774
190.678	0.5229470000000001
190.727	0.524104
190.776	0.519466
190.825	0.5220939999999999
190.874	0.52523
190.923	0.521163
190.972	0.529179
191.021	0.530137
191.07	0.519052
191.119	0.522137
191.168	0.528263
191.217	0.525475
191.266	0.524599
191.316	0.51901
191.364	0.5309469999999999
191.413	0.530132
191.462	0.520838
191.511	0.526363
191.56	0.525039
191.609	0.533633
191.658	0.5177
191.707	0.531552
191.756	0.523712
191.805	0.526569
191.854	0.528115
191.904	0.521804
191.953	0.528469
192.002	0.522066
192.05	0.532454
192.1	0.5194879999999999
192.149	0.5288389999999999
192.197	0.529722
192.246	0.526208
192.296	0.517869
192.345	0.5328040000000001
192.394	0.525887
192.443	0.5316
192.492	0.530031
192.54	0.5331399999999999
192.59	0.522686
192.638	0.53479
192.687	0.529305
192.736	0.528832
192.786	0.526688
192.834	0.531172
192.883	0.528181
192.932	0.531869
192.981	0.5319199999999999
193.03	0.532053
193.08	0.525154
193.128	0.532389
193.177	0.532527
193.226	0.5320549999999999
193.275	0.527035
193.325	0.525937
193.373	0.5343290000000001
193.422	0.529624
193.471	0.530659
193.52	0.534129
193.57	0.524726
193.618	0.533891
193.668	0.528794
193.716	0.5361050000000001
193.765	0.529064
193.814	0.529018
193.864	0.523583
193.912	0.535215
193.961	0.530274
194.011	0.524018
194.06	0.5295840000000001
194.109	0.536399
194.157	0.532759
194.207	0.530314
194.255	0.532791
194.305	0.521134
194.354	0.532346
194.403	0.530172
194.452	0.535504
194.501	0.525224
194.55	0.529512
194.599	0.526767
194.648	0.52642
194.697	0.529483
194.747	0.526393
194.795	0.536992
194.844	0.528442
194.893	0.529817
194.943	0.5267579999999999
194.991	0.543156
195.04	0.530088
195.089	0.532792
195.139	0.525952
195.188	0.524037
195.237	0.536708
195.286	0.528698
195.334	0.537343
195.384	0.522706
195.434	0.529293
195.482	0.53435
195.531	0.531921
195.58	0.533065
195.629	0.535292
195.678	0.534185
195.727	0.5357769999999999
195.776	0.531756
195.826	0.523013
195.875	0.536539
195.924	0.530492
195.973	0.536454
196.021	0.5354179999999999
196.071	0.531999
196.12	0.533362
196.169	0.534569
196.218	0.531956
196.267	0.535395
196.316	0.538502
196.365	0.537498
196.414	0.5358000000000001
196.463	0.53714
196.512	0.538344
196.561	0.5337460000000001
196.61	0.537158
196.66	0.533909
196.709	0.534041
196.758	0.538354
196.806	0.543053
196.856	0.532342
196.904	0.54458
196.954	0.529485
197.003	0.545728
197.052	0.536761
197.101	0.545295
197.149	0.54322
197.199	0.536676
197.248	0.5331900000000001
197.298	0.538185
197.347	0.542113
197.395	0.541882
197.445	0.53627
197.495	0.528276
197.543	0.552669
197.592	0.540249
197.641	0.541355
197.691	0.535656
197.74	0.544794
197.789	0.5432670000000001
197.838	0.540226
197.887	0.538598
197.936	0.544041
197.985	0.543219
198.034	0.540927
198.083	0.5325530000000001
198.133	0.539795
198.182	0.539683
198.231	0.543602
198.28	0.537231
198.329	0.544286
198.378	0.539311
198.427	0.542194
198.476	0.539611
198.526	0.536101
198.575	0.535396
198.623	0.549808
198.673	0.531452
198.722	0.543002
198.771	0.541001
198.82	0.537655
198.869	0.540198
198.918	0.5431820000000001
198.967	0.542278
199.017	0.53818
199.066	0.536998
199.115	0.543113
199.164	0.545906
199.213	0.54281
199.263	0.536376
199.312	0.545199
199.361	0.543725
199.409	0.547858
199.459	0.537229
199.508	0.545497
199.558	0.540397
199.606	0.549132
199.656	0.54059
199.705	0.548156
199.754	0.543676
199.803	0.542153
199.853	0.544279
199.901	0.550322
199.951	0.534413
200	0.549007
200.049	0.54383
200.099	0.5352440000000001
200.147	0.554853
200.197	0.543189
200.246	0.543751
200.295	0.550031
200.344	0.548524
200.394	0.540102
200.443	0.547453
200.492	0.545179
200.541	0.547785
200.59	0.548212
200.641	0.532946
200.69	0.548922
200.739	0.54784
200.788	0.54343
200.837	0.548506
200.886	0.552738
200.936	0.54261
200.984	0.55296
201.034	0.54505
201.083	0.548001
201.133	0.547181
201.181	0.55699
201.231	0.5426609999999999
201.281	0.541127
201.329	0.552426
201.379	0.543894
201.428	0.552749
201.477	0.54366
201.527	0.547685
201.576	0.552751
201.625	0.547177
201.675	0.542193
201.724	0.550647
201.774	0.5460700000000001
201.822	0.556194
201.871	0.550207
201.921	0.544067
201.97	0.554469
202.019	0.550983
202.068	0.55285
202.118	0.5433789999999999
202.166	0.556267
202.216	0.543335
202.265	0.555604
202.316	0.53671
202.364	0.56416
202.413	0.547248
202.462	0.558322
202.511	0.548403
202.561	0.55124
202.61	0.541884
202.659	0.555607
202.709	0.547257
202.758	0.548606
202.807	0.547659
202.857	0.5482
202.906	0.550496
202.954	0.5557800000000001
203.004	0.54223
203.053	0.545535
203.103	0.543927
203.152	0.550658
203.201	0.541579
203.25	0.547868
203.3	0.545801
203.348	0.552744
203.398	0.538165
203.447	0.5504250000000001
203.497	0.546224
203.546	0.543562
203.596	0.54665
203.644	0.554294
203.694	0.543498
203.743	0.551204
203.793	0.5359429999999999
203.842	0.549368
203.891	0.545672
203.94	0.546858
203.99	0.5440700000000001
204.039	0.542536
204.089	0.542672
204.138	0.5467109999999999
204.187	0.547239
204.236	0.548748
204.286	0.544231
204.335	0.550411
204.385	0.544475
204.434	0.550443
204.482	0.554861
204.532	0.541473
204.581	0.55269
204.63	0.55246
204.679	0.550817
204.729	0.547424
204.778	0.547911
204.828	0.550003
204.877	0.552621
204.927	0.546751
204.975	0.558934
205.024	0.555545
205.074	0.546791
205.124	0.552279
205.172	0.559458
205.221	0.557595
205.271	0.551272
205.32	0.552598
205.37	0.551132
205.419	0.55197
205.468	0.558627
205.517	0.5559229999999999
205.566	0.555616
205.615	0.555507
205.664	0.560559
205.714	0.55396
205.763	0.557498
205.813	0.549156
205.862	0.550399
205.911	0.560606
205.96	0.559794
206.01	0.549902
206.059	0.5608070000000001
206.107	0.560272
206.158	0.545337
206.207	0.558659
206.256	0.560611
206.305	0.560046
206.354	0.56186
206.403	0.552106
206.453	0.553991
206.502	0.564547
206.551	0.556881
206.601	0.552266
206.649	0.55942
206.699	0.556209
206.748	0.561061
206.797	0.554697
206.846	0.557716
206.896	0.546327
206.946	0.558918
206.994	0.561487
207.044	0.560676
207.093	0.560343
207.142	0.551465
207.191	0.5665790000000001
207.241	0.551305
207.289	0.561669
207.339	0.553693
207.388	0.562893
207.438	0.546519
207.486	0.56904
207.535	0.561368
207.585	0.555112
207.635	0.557187
207.683	0.57001
207.732	0.560065
207.781	0.565448
207.83	0.56071
207.88	0.559673
207.929	0.555449
207.979	0.554131
208.028	0.564474
208.077	0.56088
208.126	0.562462
208.176	0.558185
208.225	0.558103
208.274	0.568476
208.323	0.56297
208.372	0.558227
208.422	0.557679
208.471	0.564341
208.52	0.559484
208.569	0.559634
208.619	0.55822
208.668	0.560829
208.717	0.568502
208.766	0.558003
208.815	0.562447
208.865	0.5614400000000001
208.913	0.568939
208.962	0.566443
209.012	0.555751
209.061	0.560374
209.11	0.568736
209.159	0.562563
209.208	0.562285
209.258	0.5610270000000001
209.307	0.565206
209.356	0.56338
209.406	0.5640500000000001
209.454	0.576256
209.503	0.567688
209.553	0.562206
209.602	0.567656
209.651	0.568411
209.7	0.568168
209.75	0.564181
209.799	0.561768
209.848	0.570109
209.897	0.570014
209.947	0.563451
209.996	0.568315
210.046	0.562994
210.095	0.5721580000000001
210.145	0.561283
210.193	0.576618
210.243	0.565731
210.292	0.572137
210.341	0.566646
210.39	0.567756
210.439	0.568152
210.489	0.56609
210.538	0.568747
210.587	0.571147
210.636	0.56749
210.685	0.568612
210.734	0.576004
210.784	0.566999
210.833	0.571926
210.882	0.575616
210.932	0.566165
210.981	0.572241
211.03	0.568796
211.079	0.576983
211.128	0.567058
211.177	0.573292
211.226	0.5745209999999999
211.276	0.559806
211.325	0.579854
211.374	0.565549
211.423	0.5768529999999999
211.472	0.570479
211.521	0.572977
211.571	0.568785
211.62	0.5728529999999999
211.669	0.578345
211.719	0.575105
211.768	0.574947
211.817	0.577422
211.866	0.57298
211.916	0.572555
211.965	0.5724320000000001
212.013	0.583854
212.063	0.576345
212.112	0.566864
212.162	0.57361
212.21	0.5845939999999999
212.26	0.575945
212.309	0.574282
212.358	0.577092
212.407	0.580001
212.457	0.575271
212.506	0.575847
212.555	0.582693
212.603	0.587135
212.653	0.575898
212.702	0.572048
212.752	0.573566
212.801	0.575102
212.85	0.578093
212.9	0.573226
212.949	0.57381
212.998	0.585066
213.046	0.578682
213.096	0.576877
213.145	0.569287
213.194	0.577556
213.244	0.565124
213.293	0.5776790000000001
213.342	0.570918
213.391	0.577831
213.441	0.565823
213.49	0.576973
213.539	0.576715
213.588	0.575082
213.638	0.570177
213.686	0.58596
213.736	0.564235
213.786	0.57045
213.835	0.566088
213.884	0.578036
213.933	0.572215
213.983	0.565653
214.032	0.574109
214.08	0.5789029999999999
214.13	0.563415
214.179	0.5800380000000001
214.228	0.566984
214.278	0.561965
214.327	0.575395
214.376	0.569732
214.425	0.562155
214.474	0.575975
214.524	0.553834
214.572	0.579027
214.622	0.568674
214.671	0.564757
214.72	0.569175
214.769	0.571968
214.819	0.567371
214.868	0.573493
214.917	0.572011
214.966	0.570674
215.015	0.564374
215.065	0.570455
215.114	0.5716059999999999
215.163	0.568819
215.213	0.567736
215.261	0.578977
215.311	0.569196
215.36	0.575817
215.409	0.57129
215.458	0.581191
215.507	0.571986
215.557	0.564708
215.606	0.580842
215.655	0.574141
215.704	0.570249
215.753	0.584019
215.803	0.565105
215.852	0.573511
215.901	0.5705
215.95	0.576368
216	0.564569
216.049	0.573325
216.098	0.573878
216.147	0.577532
216.197	0.565136
216.246	0.57769
216.296	0.571144
216.345	0.574119
216.395	0.57211
216.443	0.581948
216.492	0.580169
216.542	0.575848
216.591	0.5802
216.64	0.570319
216.69	0.579693
216.739	0.572051
216.788	0.58025
216.837	0.576953
216.886	0.579977
216.936	0.57394
216.985	0.582222
217.034	0.57539
217.084	0.575732
217.133	0.57635
217.183	0.573785
217.231	0.581628
217.28	0.585655
217.33	0.569824
217.379	0.58127
217.428	0.585075
217.478	0.574257
217.526	0.5847830000000001
217.576	0.572879
217.626	0.577315
217.675	0.588096
217.724	0.5822889999999999
217.773	0.583965
217.822	0.582322
217.872	0.580223
217.921	0.5863390000000001
217.97	0.579929
218.019	0.582133
218.069	0.5833159999999999
218.118	0.5868100000000001
218.167	0.585724
218.215	0.590271
218.265	0.580958
218.315	0.578566
218.364	0.582082
218.413	0.585637
218.462	0.584268
218.512	0.585149
218.561	0.582306
218.61	0.584795
218.659	0.592813
218.708	0.582272
218.758	0.580608
218.807	0.58577
218.856	0.58751
218.905	0.586767
218.954	0.588768
219.004	0.576426
219.053	0.589518
219.102	0.589677
219.152	0.578063
219.201	0.591446
219.25	0.583723
219.3	0.585431
219.349	0.586116
219.398	0.589205
219.447	0.588315
219.497	0.582891
219.547	0.578388
219.595	0.594835
219.645	0.57907
219.693	0.589735
219.743	0.57904
219.792	0.582776
219.842	0.5832039999999999
219.891	0.583308
219.94	0.589193
219.989	0.596008
220.038	0.584599
220.088	0.585573
220.137	0.588885
220.186	0.587351
220.236	0.5848370000000001
220.285	0.591435
220.334	0.588405
220.383	0.587672
220.433	0.588346
220.482	0.588657
220.531	0.591747
220.58	0.595724
220.63	0.587458
220.679	0.587629
220.729	0.579549
220.778	0.6015239999999999
220.826	0.594187
220.876	0.587476
220.926	0.583855
220.975	0.590422
221.024	0.592781
221.073	0.588717
221.123	0.586317
221.172	0.590731
221.221	0.589774
221.271	0.590597
221.32	0.5942809999999999
221.369	0.592369
221.418	0.5907480000000001
221.467	0.593561
221.516	0.591587
221.566	0.590292
221.615	0.592162
221.664	0.591625
221.713	0.590607
221.763	0.58568
221.812	0.595259
221.862	0.587807
221.911	0.590996
221.96	0.598431
222.009	0.589404
222.058	0.595168
222.107	0.595113
222.157	0.586678
222.206	0.5926
222.256	0.579982
222.304	0.600566
222.354	0.583249
222.404	0.591629
222.453	0.591161
222.502	0.594935
222.552	0.593067
222.6	0.599206
222.65	0.583593
222.7	0.588353
222.749	0.59855
222.799	0.5818680000000001
222.848	0.595646
222.897	0.593147
222.947	0.589973
222.995	0.599315
223.045	0.587429
223.094	0.591321
223.144	0.592619
223.193	0.589897
223.243	0.592294
223.292	0.596516
223.341	0.599125
223.39	0.595152
223.439	0.602562
223.489	0.587607
223.538	0.600336
223.588	0.590577
223.637	0.590359
223.686	0.601486
223.736	0.586423
223.785	0.5901650000000001
223.835	0.584678
223.884	0.600996
223.933	0.598152
223.983	0.586878
224.032	0.59685
224.081	0.602295
224.13	0.590085
224.18	0.592781
224.229	0.596884
224.279	0.59581
224.327	0.602255
224.376	0.598338
224.426	0.5933580000000001
224.475	0.596051
224.525	0.590851
224.574	0.5975
224.623	0.599032
224.673	0.587995
224.722	0.599311
224.771	0.597816
224.82	0.589627
224.87	0.5929410000000001
224.919	0.591928
224.968	0.597979
225.018	0.587054
225.067	0.597318
225.116	0.597656
225.165	0.598986
225.215	0.589646
225.264	0.602207
225.313	0.595035
225.362	0.598261
225.412	0.59626
225.462	0.5845630000000001
225.511	0.6008520000000001
225.56	0.602584
225.609	0.592964
225.659	0.590041
225.708	0.603442
225.757	0.594154
225.807	0.5953580000000001
225.855	0.603636
225.905	0.595113
225.955	0.595715
226.004	0.60127
226.053	0.601644
226.102	0.60221
226.152	0.596271
226.201	0.600391
226.25	0.602146
226.3	0.593506
226.349	0.603513
226.398	0.602407
226.448	0.598726
226.496	0.611867
226.546	0.595885
226.595	0.608021
226.644	0.600828
226.694	0.606608
226.743	0.60247
226.792	0.608514
226.841	0.604301
226.891	0.605421
226.941	0.595678
226.989	0.611131
227.039	0.601885
227.088	0.605355
227.137	0.60595
227.187	0.59715
227.236	0.60385
227.285	0.5999910000000001
227.334	0.606263
227.384	0.596835
227.433	0.607756
227.483	0.595743
227.531	0.6099869999999999
227.581	0.594409
227.63	0.6050680000000001
227.68	0.603739
227.729	0.6081
227.778	0.603789
227.828	0.60223
227.876	0.614036
227.926	0.608282
227.976	0.594959
228.025	0.615579
228.074	0.60399
228.123	0.614788
228.173	0.605884
228.222	0.6105429999999999
228.271	0.605807
228.32	0.609803
228.369	0.6063190000000001
228.418	0.613205
228.468	0.6027979999999999
228.518	0.602125
228.567	0.607981
228.616	0.603699
228.666	0.6084349999999999
228.715	0.610044
228.764	0.605691
228.813	0.606743
228.863	0.603347
228.912	0.614333
228.961	0.604389
229.01	0.605539
229.06	0.600176
229.11	0.596689
229.158	0.611291
229.208	0.602661
229.257	0.602845
229.306	0.606673
229.356	0.596118
229.405	0.604661
229.455	0.598608
229.504	0.606077
229.553	0.599016
229.602	0.610299
229.652	0.600208
229.7	0.610432
229.75	0.59828
229.799	0.612442
229.849	0.599282
229.898	0.597083
229.948	0.607359
229.996	0.616797
230.046	0.598558
230.095	0.611301
230.144	0.602731
230.194	0.603164
230.242	0.616012
230.292	0.600239
230.341	0.607743
230.39	0.614798
230.44	0.597236
230.489	0.610173
230.539	0.607715
230.587	0.620969
230.637	0.600228
230.686	0.610269
230.735	0.6108710000000001
230.784	0.612527
230.834	0.60006
230.883	0.615083
230.932	0.609694
230.982	0.598969
231.031	0.61188
231.08	0.604097
231.13	0.604886
231.18	0.600929
231.228	0.612866
231.278	0.60826
231.327	0.603237
231.376	0.608837
231.425	0.614809
231.475	0.603455
231.525	0.5981610000000001
231.573	0.615045
231.623	0.607614
231.672	0.61383
231.721	0.609352
231.77	0.609753
231.82	0.612695
231.869	0.612969
231.918	0.610666
231.967	0.617899
232.017	0.610943
232.066	0.603791
232.115	0.619949
232.165	0.603865
232.214	0.620444
232.263	0.611602
232.313	0.611823
232.363	0.607079
232.411	0.622449
232.461	0.608801
232.51	0.613413
232.56	0.60636
232.609	0.612267
232.658	0.6124810000000001
232.707	0.613519
232.756	0.6117899999999999
232.805	0.613416
232.855	0.609264
232.905	0.599239
232.953	0.623644
233.003	0.610958
233.052	0.605799
233.101	0.618876
233.151	0.599835
233.2	0.614054
233.249	0.614107
233.299	0.605361
233.348	0.6097050000000001
233.398	0.611437
233.447	0.61774
233.495	0.61773
233.545	0.614636
233.593	0.623806
233.643	0.605811
233.693	0.608811
233.742	0.611291
233.791	0.621038
233.84	0.615073
233.889	0.607828
233.938	0.618538
233.987	0.619317
234.037	0.6119
234.085	0.623824
234.135	0.608075
234.185	0.613779
234.234	0.607195
234.283	0.622628
234.333	0.607515
234.381	0.61895
234.431	0.6082
234.48	0.614445
234.529	0.615031
234.579	0.610029
234.628	0.619388
234.677	0.61647
234.726	0.619466
234.775	0.625177
234.824	0.613865
234.874	0.611287
234.923	0.618039
234.972	0.615976
235.021	0.614603
235.071	0.60615
235.12	0.622181
235.169	0.6133999999999999
235.218	0.612715
235.268	0.612177
235.317	0.6188090000000001
235.366	0.616345
235.416	0.607593
235.466	0.617121
235.515	0.611879
235.564	0.623011
235.613	0.61975
235.663	0.610621
235.712	0.6214460000000001
235.761	0.612341
235.811	0.609376
235.86	0.622637
235.909	0.618924
235.958	0.615892
236.008	0.6160949999999999
236.057	0.619122
236.106	0.624717
236.156	0.615679
236.205	0.618072
236.254	0.62599
236.304	0.613011
236.353	0.615424
236.402	0.622373
236.452	0.617993
236.501	0.622779
236.55	0.622198
236.6	0.619687
236.649	0.620269
236.698	0.625174
236.748	0.618887
236.797	0.620645
236.846	0.620634
236.896	0.621097
236.945	0.623299
236.994	0.61739
237.043	0.6226699999999999
237.093	0.616341
237.142	0.6263030000000001
237.191	0.616564
237.241	0.621117
237.29	0.623095
237.339	0.62647
237.389	0.617684
237.438	0.622285
237.487	0.623051
237.537	0.618189
237.586	0.623788
237.635	0.6292759999999999
237.684	0.618178
237.733	0.6323
237.783	0.6115620000000001
237.832	0.6317469999999999
237.881	0.621838
237.93	0.631945
237.979	0.623161
238.029	0.619973
238.079	0.617442
238.128	0.621927
238.177	0.6291369999999999
238.226	0.630436
238.276	0.62381
238.325	0.621627
238.374	0.630277
238.423	0.62888
238.472	0.624269
238.522	0.622735
238.572	0.614474
238.621	0.628211
238.67	0.620974
238.719	0.629423
238.768	0.634512
238.818	0.619829
238.867	0.63065
238.916	0.628209
238.966	0.625348
239.015	0.6287740000000001
239.064	0.628956
239.114	0.626431
239.163	0.632426
239.212	0.63013
239.262	0.619476
239.311	0.635298
239.36	0.634362
239.409	0.625305
239.459	0.62431
239.508	0.634567
239.556	0.640197
239.606	0.624973
239.656	0.625904
239.706	0.620472
239.754	0.6406539999999999
239.803	0.635067
239.853	0.622269
239.902	0.634744
239.951	0.640697
240	0.628495
240.049	0.635919
240.099	0.631417
240.149	0.627737
240.198	0.634713
240.247	0.628521
240.296	0.638356
240.346	0.633545
240.395	0.631894
240.444	0.640077
240.493	0.624927
240.543	0.6284650000000001
240.592	0.6324689999999999
240.641	0.637458
240.69	0.632751
240.74	0.631113
240.789	0.634441
240.838	0.628788
240.888	0.630503
240.937	0.635005
240.987	0.616293
241.036	0.634305
241.085	0.6365
241.134	0.6343299999999999
241.183	0.622939
241.233	0.632253
241.282	0.627174
241.331	0.631866
241.381	0.632055
241.43	0.637969
241.479	0.629565
241.529	0.627922
241.577	0.636597
241.627	0.624266
241.676	0.63541
241.725	0.629799
241.775	0.625155
241.825	0.6232799999999999
241.874	0.642489
241.923	0.625746
241.972	0.633823
242.022	0.628049
242.071	0.631684
242.12	0.633977
242.17	0.62431
242.219	0.636709
242.268	0.628657
242.318	0.633674
242.367	0.633802
242.416	0.633817
242.465	0.6326310000000001
242.514	0.639418
242.564	0.629049
242.614	0.62999
242.664	0.629369
242.712	0.6491130000000001
242.761	0.640697
242.81	0.628607
242.86	0.634943
242.908	0.6452870000000001
242.958	0.6304419999999999
243.007	0.644252
243.057	0.634677
243.107	0.6337660000000001
243.155	0.648137
243.205	0.635588
243.254	0.648931
243.303	0.639817
243.353	0.635069
243.402	0.6373450000000001
243.451	0.645092
243.501	0.629819
243.55	0.652257
243.599	0.6410400000000001
243.648	0.646191
243.697	0.639904
243.747	0.636212
243.796	0.643573
243.845	0.643639
243.895	0.640194
243.944	0.64273
243.993	0.64606
244.042	0.647455
244.092	0.637589
244.141	0.640823
244.191	0.63902
244.239	0.650576
244.289	0.632811
244.338	0.6514799999999999
244.387	0.642011
244.436	0.646608
244.486	0.644297
244.535	0.639348
244.585	0.632625
244.634	0.651685
244.683	0.642023
244.732	0.644853
244.782	0.642401
244.831	0.639449
244.88	0.643915
244.93	0.6370400000000001
244.98	0.637114
245.029	0.646974
245.078	0.639006
245.126	0.651764
245.176	0.632167
245.225	0.644989
245.274	0.64331
245.324	0.6331870000000001
245.374	0.636734
245.423	0.640718
245.473	0.6369629999999999
245.521	0.647209
245.571	0.640298
245.62	0.634054
245.669	0.652246
245.719	0.635458
245.769	0.632744
245.818	0.6493100000000001
245.868	0.633785
245.916	0.65103
245.965	0.644817
246.015	0.6443
246.064	0.641669
246.113	0.641332
246.163	0.646141
246.212	0.648708
246.261	0.642621
246.31	0.648896
246.36	0.6401019999999999
246.409	0.645674
246.458	0.64668
246.507	0.6463719999999999
246.556	0.6414840000000001
246.605	0.645051
246.655	0.630391
246.704	0.651335
246.754	0.636333
246.803	0.648057
246.852	0.640889
246.901	0.652312
246.95	0.642972
246.999	0.651254
247.049	0.643234
247.097	0.647055
247.147	0.64354
247.197	0.6302219999999999
247.246	0.638701
247.295	0.643846
247.344	0.648376
247.394	0.636065
247.442	0.650518
247.492	0.637361
247.541	0.652878
247.59	0.64228
247.64	0.638655
247.688	0.664801
247.738	0.6366579999999999
247.787	0.6446539999999999
247.837	0.644506
247.886	0.644856
247.935	0.643022
247.984	0.645327
248.033	0.650957
248.083	0.639539
248.132	0.6485069999999999
248.181	0.646297
248.231	0.642431
248.28	0.652123
248.329	0.648518
248.378	0.652718
248.428	0.641377
248.477	0.65345
248.526	0.651241
248.575	0.6450939999999999
248.624	0.646355
248.674	0.638799
248.723	0.656629
248.772	0.648823
248.822	0.639123
248.871	0.651733
248.92	0.642123
248.969	0.649668
249.018	0.649849
249.068	0.639634
249.117	0.655695
249.166	0.6475880000000001
249.215	0.645929
249.265	0.646166
249.314	0.645246
249.363	0.650286
249.413	0.642643
249.462	0.648437
249.51	0.660666
249.56	0.639635
249.609	0.65001
249.659	0.651249
249.708	0.648608
249.757	0.645881
249.806	0.6586689999999999
249.856	0.6324149999999999
249.905	0.663264
249.954	0.651517
250.003	0.644944
250.052	0.654662
250.102	0.649648
250.151	0.645974
250.2	0.653024
250.249	0.655088
250.299	0.649957
250.348	0.657646
250.397	0.651326
250.447	0.638197
250.496	0.65665
250.545	0.653811
250.594	0.646163
250.643	0.658597
250.692	0.654512
250.741	0.657956
250.791	0.653242
250.84	0.657255
250.889	0.652033
250.938	0.6526650000000001
250.987	0.657775
251.037	0.641294
251.086	0.65523
251.136	0.655416
251.185	0.654698
251.234	0.649595
251.282	0.6645759999999999
251.332	0.644823
251.382	0.649778
251.431	0.660478
251.48	0.66187
251.529	0.65859
251.578	0.650757
251.627	0.655411
251.676	0.6567
251.726	0.643929
251.775	0.660063
251.824	0.655029
251.874	0.644333
251.923	0.665595
251.972	0.652046
252.022	0.652874
252.071	0.6592710000000001
252.12	0.657747
252.168	0.667281
252.218	0.648379
252.267	0.669091
252.316	0.661135
252.365	0.6611
252.415	0.646451
252.464	0.658181
252.513	0.6596649999999999
252.562	0.660019
252.612	0.655184
252.661	0.656348
252.71	0.664122
252.759	0.662187
252.808	0.66216
252.857	0.658456
252.906	0.661948
252.956	0.652772
253.004	0.675083
253.053	0.664319
253.103	0.6489279999999999
253.152	0.66216
253.202	0.654918
253.251	0.660786
253.3	0.666955
253.349	0.6605490000000001
253.397	0.667042
253.448	0.647568
253.497	0.665954
253.546	0.659626
253.595	0.6596070000000001
253.644	0.671494
253.693	0.659193
253.742	0.659612
253.791	0.660379
253.84	0.667619
253.891	0.641821
253.939	0.668308
253.989	0.663535
254.037	0.673239
254.087	0.655686
254.136	0.659528
254.185	0.663103
254.234	0.667104
254.284	0.657897
254.333	0.659381
254.382	0.6707379999999999
254.431	0.661534
254.481	0.655147
254.53	0.659031
254.579	0.672085
254.628	0.6599
254.677	0.670142
254.726	0.674592
254.775	0.655438
254.825	0.66266
254.874	0.663147
254.924	0.659547
254.972	0.668849
255.021	0.664042
255.071	0.660074
255.119	0.673381
255.17	0.649217
255.218	0.673565
255.268	0.652083
255.317	0.673686
255.366	0.663415
255.415	0.667104
255.465	0.6571979999999999
255.514	0.672192
255.563	0.660444
255.612	0.671472
255.662	0.65401
255.71	0.682216
255.76	0.659525
255.809	0.663276
255.858	0.674616
255.907	0.664695
255.956	0.6651860000000001
256.005	0.6734520000000001
256.054	0.669359
256.104	0.650114
256.153	0.677592
256.202	0.658346
256.251	0.672861
256.3	0.666343
256.349	0.666689
256.398	0.668641
256.448	0.662547
256.497	0.663851
256.546	0.66884
256.595	0.67292
256.644	0.664949
256.694	0.667171
256.743	0.660991
256.792	0.674091
256.842	0.658155
256.891	0.667761
256.94	0.66584
256.989	0.665965
257.038	0.666248
257.087	0.666532
257.136	0.675189
257.185	0.665143
257.234	0.666005
257.284	0.66833
257.333	0.663996
257.382	0.662009
257.431	0.668335
257.481	0.66439
257.53	0.661143
257.579	0.672252
257.628	0.658047
257.677	0.678751
257.726	0.6582710000000001
257.776	0.664714
257.825	0.663958
257.874	0.667774
257.924	0.666744
257.973	0.6636339999999999
258.022	0.674976
258.07	0.669973
258.12	0.662833
258.169	0.659691
258.219	0.658596
258.268	0.672435
258.316	0.6748189999999999
258.366	0.661712
258.415	0.664366
258.464	0.670461
258.513	0.670641
258.563	0.663185
258.612	0.679677
258.661	0.661131
258.71	0.673469
258.759	0.663501
258.808	0.667861
258.858	0.666158
258.907	0.659947
258.956	0.667238
259.006	0.665055
259.055	0.669232
259.103	0.677243
259.153	0.668079
259.202	0.662308
259.251	0.672524
259.301	0.664059
259.35	0.6647380000000001
259.399	0.674215
259.449	0.665611
259.498	0.670852
259.547	0.673219
259.596	0.660797
259.645	0.672845
259.695	0.667115
259.744	0.66972
259.792	0.69469
259.842	0.661909
259.891	0.675335
259.94	0.6711859999999999
259.989	0.668482
260.038	0.671072
260.088	0.671841
260.137	0.663385
260.186	0.667915
260.235	0.67797
260.284	0.66669
260.333	0.669708
260.383	0.6714
260.431	0.679194
260.481	0.675369
260.53	0.666337
260.579	0.675671
260.628	0.672382
260.678	0.664191
260.727	0.6724059999999999
260.776	0.680267
260.825	0.674099
260.874	0.677017
260.924	0.6691820000000001
260.973	0.675803
261.022	0.670716
261.072	0.671281
261.12	0.690234
261.169	0.671784
261.219	0.668918
261.268	0.677995
261.317	0.674382
261.366	0.677473
261.415	0.680406
261.464	0.671044
261.513	0.679227
261.563	0.667798
261.612	0.684415
261.661	0.676443
261.71	0.6754869999999999
261.76	0.673033
261.808	0.685109
261.857	0.679445
261.906	0.677651
261.955	0.677064
262.005	0.675234
262.053	0.686355
262.102	0.674652
262.152	0.670436
262.201	0.688005
262.25	0.678005
262.299	0.676204
262.348	0.6853089999999999
262.397	0.678312
262.446	0.680685
262.495	0.677741
262.545	0.676612
262.593	0.684799
262.643	0.672793
262.692	0.67091
262.74	0.692686
262.79	0.6724059999999999
262.839	0.683579
262.888	0.675165
262.937	0.683636
262.986	0.6788149999999999
263.035	0.689351
263.085	0.670532
263.134	0.684522
263.183	0.680301
263.232	0.6810079999999999
263.281	0.673027
263.33	0.68759
263.379	0.679272
263.428	0.680037
263.476	0.685777
263.525	0.6837299999999999
263.575	0.678968
263.624	0.671642
263.673	0.685297
263.723	0.675745
263.772	0.6838419999999999
263.821	0.682511
263.87	0.675726
263.919	0.674289
263.969	0.674055
264.017	0.694529
264.067	0.6765949999999999
264.116	0.682072
264.165	0.679637
264.214	0.682733
264.263	0.682134
264.313	0.675616
264.361	0.685266
264.411	0.675123
264.46	0.683649
264.509	0.686882
264.558	0.6704
264.608	0.681465
264.657	0.680918
264.706	0.683469
264.755	0.687569
264.803	0.685982
264.853	0.67976
264.902	0.679952
264.951	0.68113
265.001	0.675546
265.05	0.682495
265.099	0.682368
265.148	0.681046
265.197	0.684914
265.246	0.683605
265.296	0.677134
265.345	0.675739
265.394	0.6867760000000001
265.443	0.6873590000000001
265.492	0.680053
265.542	0.677099
265.59	0.693252
265.64	0.674288
265.689	0.675104
265.738	0.688074
265.787	0.6867760000000001
265.836	0.6783169999999999
265.885	0.687182
265.935	0.673562
265.984	0.691062
266.033	0.681057
266.082	0.681454
266.132	0.677106
266.18	0.690373
266.23	0.680697
266.279	0.683042
266.328	0.68246
266.377	0.679358
266.426	0.688209
266.475	0.680084
266.524	0.686891
266.573	0.679628
266.623	0.678056
266.672	0.67931
266.721	0.681944
266.77	0.688836
266.819	0.681993
266.869	0.678419
266.918	0.678725
266.967	0.685922
267.017	0.679821
267.065	0.6928609999999999
267.115	0.6785099999999999
267.163	0.690329
267.213	0.675593
267.262	0.689167
267.311	0.680945
267.36	0.680547
267.41	0.677323
267.459	0.686907
267.508	0.678921
267.557	0.688979
267.606	0.684308
267.655	0.687006
267.705	0.679156
267.754	0.685447
267.804	0.6836
267.852	0.690811
267.902	0.683358
267.951	0.682415
268	0.686462
268.049	0.68886
268.098	0.6812240000000001
268.147	0.684833
268.197	0.684514
268.246	0.683835
268.295	0.693815
268.344	0.687599
268.393	0.682968
268.442	0.692721
268.491	0.684681
268.54	0.690116
268.59	0.682933
268.638	0.697451
268.688	0.676488
268.737	0.691639
268.786	0.682744
268.835	0.695085
268.884	0.689067
268.933	0.691178
268.983	0.685911
269.032	0.693577
269.081	0.679999
269.13	0.696038
269.179	0.692626
269.228	0.688103
269.277	0.69642
269.326	0.682142
269.375	0.689757
269.424	0.689758
269.474	0.686211
269.524	0.6770620000000001
269.572	0.698702
269.621	0.693688
269.671	0.686219
269.719	0.699589
269.769	0.676497
269.818	0.6966560000000001
269.867	0.683195
269.916	0.694553
269.965	0.6945249999999999
270.014	0.6853590000000001
270.063	0.697014
270.112	0.6917180000000001
270.161	0.688013
270.212	0.675285
270.26	0.706411
270.309	0.683145
270.358	0.6935789999999999
270.407	0.696678
270.456	0.690313
270.506	0.6820850000000001
270.555	0.6933280000000001
270.604	0.697666
270.653	0.686782
270.703	0.6917
270.752	0.6949109999999999
270.8	0.706776
270.849	0.688229
270.899	0.6925559999999999
270.948	0.691465
270.996	0.70058
271.046	0.685098
271.095	0.6893820000000001
271.144	0.697182
271.193	0.693551
271.243	0.688459
271.291	0.703657
271.34	0.696861
271.39	0.689597
271.439	0.694479
271.488	0.690544
271.537	0.696511
271.587	0.689369
271.636	0.693462
271.685	0.699717
271.734	0.696447
271.783	0.69328
271.832	0.698451
271.881	0.697825
271.931	0.681111
271.979	0.705932
272.028	0.6938260000000001
272.078	0.691298
272.127	0.696424
272.176	0.6907799999999999
272.225	0.698393
272.274	0.69297
272.323	0.706827
272.372	0.698058
272.421	0.690186
272.471	0.693943
272.52	0.698919
272.569	0.694119
272.618	0.698223
272.667	0.695951
272.716	0.693156
272.765	0.702655
272.814	0.696408
272.863	0.6964669999999999
272.913	0.6879110000000001
272.962	0.693148
273.01	0.707593
273.06	0.6976
273.109	0.693931
273.157	0.702989
273.207	0.691279
273.256	0.69212
273.305	0.698519
273.355	0.690462
273.404	0.698074
273.453	0.698789
273.502	0.69226
273.551	0.699801
273.6	0.703812
273.649	0.693122
273.698	0.694858
273.747	0.697653
273.797	0.6935
273.846	0.691336
273.895	0.699392
273.945	0.684851
273.994	0.700198
274.043	0.699332
274.091	0.703115
274.141	0.6895019999999999
274.19	0.698538
274.239	0.702942
274.287	0.712193
274.338	0.683018
274.386	0.708633
274.436	0.692047
274.484	0.715269
274.533	0.701946
274.582	0.70224
274.632	0.695563
274.681	0.708954
274.73	0.702557
274.778	0.712148
274.828	0.696792
274.877	0.706916
274.926	0.699053
274.975	0.705862
275.024	0.705125
275.074	0.701434
275.123	0.698585
275.171	0.714448
275.22	0.704837
275.269	0.7037
275.318	0.708122
275.367	0.704499
275.418	0.688265
275.467	0.7082580000000001
275.515	0.710997
275.564	0.711857
275.613	0.7053120000000001
275.662	0.70857
275.711	0.70457
275.76	0.7089
275.809	0.705689
275.858	0.699915
275.907	0.704264
275.957	0.700622
276.005	0.717619
276.055	0.694447
276.104	0.712802
276.153	0.705759
276.203	0.695186
276.251	0.719126
276.3	0.703707
276.349	0.703919
276.398	0.709942
276.447	0.700847
276.496	0.71075
276.545	0.704538
276.595	0.697056
276.643	0.718853
276.693	0.695477
276.742	0.712578
276.79	0.71286
276.84	0.699258
276.889	0.70338
276.938	0.70913
276.987	0.7092540000000001
277.037	0.688367
277.085	0.7213349999999999
277.135	0.6996869999999999
277.183	0.714859
277.233	0.702172
277.282	0.708089
277.331	0.704182
277.38	0.708755
277.429	0.715628
277.478	0.711158
277.527	0.704142
277.577	0.700757
277.625	0.719981
277.674	0.710305
277.723	0.702147
277.772	0.708429
277.821	0.705086
277.87	0.713523
277.919	0.708176
277.968	0.717249
278.017	0.710176
278.065	0.71979
278.115	0.7063160000000001
278.164	0.709539
278.213	0.704723
278.262	0.707443
278.31	0.721571
278.36	0.69541
278.409	0.711816
278.457	0.724687
278.506	0.7034550000000001
278.555	0.713042
278.605	0.70911
278.653	0.714086
278.702	0.715471
278.751	0.710668
278.8	0.715386
278.848	0.709979
278.898	0.708129
278.947	0.702805
278.996	0.707082
279.044	0.72093
279.093	0.712849
279.143	0.705636
279.191	0.717631
279.24	0.71091
279.289	0.712992
279.338	0.715734
279.386	0.718733
279.436	0.708927
279.484	0.723769
279.533	0.703865
279.582	0.711218
279.631	0.720259
279.68	0.710002
279.729	0.707371
279.778	0.715114
279.827	0.715821
279.876	0.712116
279.924	0.724326
279.973	0.712517
280.023	0.7089029999999999
280.072	0.710583
280.12	0.716476
280.17	0.711368
280.218	0.71812
280.267	0.707344
280.316	0.717467
280.365	0.710445
280.414	0.718892
280.463	0.722821
280.512	0.703882
280.561	0.71233
280.61	0.718455
280.659	0.70909
280.708	0.719432
280.757	0.710189
280.806	0.7057060000000001
280.855	0.7110379999999999
280.904	0.720315
280.953	0.709931
281.002	0.710723
281.051	0.716985
281.1	0.718342
281.149	0.712603
281.198	0.711587
281.247	0.718118
281.295	0.718316
281.345	0.70765
281.394	0.707313
281.443	0.716524
281.492	0.709183
281.54	0.721719
281.589	0.715056
281.638	0.715527
281.687	0.712107
281.736	0.713809
281.786	0.710913
281.835	0.7142539999999999
281.884	0.7090649999999999
281.933	0.7136479999999999
281.982	0.714668
282.03	0.717869
282.08	0.70804
282.129	0.716391
282.177	0.716327
282.227	0.708931
282.276	0.710963
282.325	0.715466
282.374	0.714724
282.423	0.717361
282.472	0.714144
282.521	0.70651
282.571	0.707087
282.619	0.720237
282.668	0.720064
282.717	0.7134239999999999
282.767	0.714616
282.815	0.718907
282.864	0.72165
282.913	0.715364
282.962	0.720876
283.011	0.713808
283.061	0.711997
283.109	0.717481
283.159	0.714454
283.208	0.719291
283.256	0.728526
283.305	0.717728
283.354	0.714687
283.404	0.71461
283.452	0.7291879999999999
283.501	0.716888
283.55	0.726784
283.6	0.708813
283.648	0.728751
283.698	0.709898
283.746	0.728689
283.796	0.712776
283.845	0.7195780000000001
283.893	0.729664
283.942	0.7215279999999999
283.991	0.721822
284.04	0.725624
284.089	0.720875
284.138	0.716592
284.187	0.726993
284.236	0.727653
284.285	0.719185
284.334	0.720749
284.383	0.721313
284.432	0.72911
284.48	0.727734
284.53	0.71249
284.578	0.738439
284.627	0.717028
284.676	0.72114
284.725	0.723355
284.774	0.721821
284.823	0.718669
284.872	0.732998
284.921	0.722051
284.97	0.712745
285.019	0.73001