105.034	0.228982
105.076	0.230842
105.118	0.232921
105.161	0.228409
105.203	0.228502
105.246	0.229249
105.289	0.227498
105.33	0.235975
105.373	0.226832
105.415	0.234249
105.457	0.233438
105.5	0.228468
105.543	0.231457
105.585	0.234583
105.627	0.231864
105.67	0.228189
105.713	0.231398
105.756	0.229592
105.798	0.231982
105.841	0.230095
105.883	0.236099
105.926	0.230443
105.968	0.235777
106.011	0.232094
106.054	0.230715
106.096	0.236634
106.139	0.234786
106.182	0.232852
106.224	0.233958
106.267	0.233459
106.31	0.230421
106.353	0.234308
106.396	0.230984
106.438	0.235698
106.481	0.236725
106.524	0.232418
106.567	0.233039
106.61	0.237398
106.653	0.236414
106.695	0.236468
106.739	0.234344
106.781	0.235896
106.824	0.238827
106.867	0.232207
106.91	0.236354
106.953	0.232308
106.997	0.235671
107.039	0.237872
107.082	0.236308
107.126	0.235957
107.169	0.236671
107.212	0.23863
107.255	0.238039
107.297	0.240148
107.341	0.237205
107.384	0.236363
107.427	0.236995
107.47	0.240838
107.513	0.236157
107.557	0.236785
107.601	0.235707
107.643	0.241022
107.686	0.240828
107.73	0.23903
107.773	0.237168
107.817	0.239477
107.859	0.244893
107.903	0.23961
107.946	0.241312
107.989	0.236953
108.033	0.239808
108.077	0.237534
108.12	0.242064
108.163	0.239031
108.207	0.240891
108.25	0.241589
108.293	0.241215
108.337	0.238703
108.38	0.241458
108.424	0.240184
108.468	0.240198
108.512	0.24049
108.555	0.243136
108.599	0.239114
108.642	0.240383
108.686	0.24265
108.729	0.243133
108.773	0.242196
108.816	0.241746
108.86	0.240807
108.903	0.247425
108.947	0.240292
108.991	0.242199
109.034	0.244186
109.079	0.239237
109.122	0.244883
109.166	0.243895
109.21	0.241796
109.253	0.24495
109.297	0.24109
109.34	0.247568
109.385	0.240069
109.428	0.246763
109.472	0.244391
109.516	0.241149
109.56	0.246886
109.604	0.242962
109.648	0.24429
109.691	0.247721
109.735	0.243053
109.779	0.244535
109.824	0.242931
109.867	0.246939
109.911	0.246262
109.955	0.249209
109.999	0.245404
110.043	0.246733
110.087	0.247027
110.131	0.246222
110.175	0.248593
110.219	0.247557
110.263	0.246702
110.307	0.244526
110.351	0.247325
110.395	0.247969
110.439	0.249753
110.483	0.247078
110.527	0.245868
110.571	0.251959
110.615	0.246726
110.658	0.254131
110.703	0.246827
110.747	0.248136
110.792	0.248632
110.835	0.251277
110.88	0.248115
110.923	0.252544
110.968	0.248009
111.012	0.248549
111.056	0.250469
111.101	0.249623
111.145	0.250099
111.189	0.251207
111.233	0.251767
111.278	0.248698
111.321	0.254973
111.366	0.248079
111.41	0.250369
111.455	0.25193
111.498	0.254546
111.543	0.248432
111.588	0.250356
111.633	0.250399
111.676	0.255932
111.721	0.251305
111.765	0.252272
111.809	0.253621
111.854	0.250516
111.899	0.250152
111.944	0.252789
111.987	0.2586
112.032	0.248075
112.077	0.254033
112.121	0.254594
112.165	0.252895
112.21	0.255495
112.255	0.251313
112.299	0.251438
112.343	0.258443
112.388	0.252666
112.433	0.253336
112.477	0.254416
112.521	0.254765
112.566	0.255303
112.61	0.254577
112.655	0.254039
112.7	0.255876
112.744	0.255825
112.789	0.254725
112.834	0.25465
112.878	0.257106
112.922	0.2579
112.967	0.255515
113.012	0.254307
113.057	0.256832
113.101	0.255153
113.146	0.25337
113.191	0.258594
113.235	0.260394
113.279	0.26064
113.325	0.250994
113.369	0.260577
113.414	0.255797
113.458	0.25873
113.503	0.260777
113.548	0.254279
113.593	0.261283
113.637	0.258891
113.682	0.258924
113.727	0.256795
113.772	0.256388
113.817	0.258896
113.861	0.261403
113.906	0.260588
113.95	0.26226
113.995	0.258258
114.041	0.257661
114.086	0.258907
114.13	0.260912
114.176	0.25618
114.22	0.267657
114.265	0.257748
114.31	0.260732
114.355	0.261015
114.399	0.261526
114.444	0.260339
114.49	0.255495
114.534	0.262593
114.58	0.257583
114.624	0.262272
114.669	0.261661
114.714	0.258896
114.759	0.265564
114.804	0.258304
114.849	0.262707
114.894	0.262031
114.939	0.264345
114.984	0.261591
115.028	0.264717
115.074	0.261476
115.118	0.263612
115.164	0.256738
115.209	0.263611
115.254	0.263498
115.299	0.264919
115.343	0.264625
115.389	0.263385
115.434	0.263772
115.478	0.267579
115.524	0.261803
115.569	0.262571
115.614	0.267893
115.659	0.263138
115.704	0.261964
115.75	0.263199
115.794	0.266868
115.839	0.263041
115.884	0.263162
115.93	0.262717
115.975	0.266835
116.02	0.265764
116.065	0.264248
116.11	0.266709
116.155	0.267629
116.2	0.266487
116.245	0.263694
116.29	0.265747
116.336	0.2647
116.381	0.262473
116.426	0.267508
116.471	0.267512
116.517	0.261199
116.562	0.268469
116.608	0.261956
116.653	0.268127
116.698	0.267409
116.743	0.269824
116.788	0.266819
116.834	0.265833
116.879	0.268739
116.924	0.270158
116.969	0.268105
117.014	0.26722
117.06	0.267039
117.106	0.264678
117.151	0.264905
117.196	0.270237
117.242	0.269732
117.287	0.267576
117.333	0.268092
117.378	0.273034
117.423	0.26938
117.468	0.26992
117.515	0.263087
117.56	0.272238
117.605	0.271299
117.651	0.269361
117.696	0.268454
117.742	0.266254
117.787	0.275135
117.832	0.268248
117.878	0.272996
117.923	0.268244
117.968	0.27766
118.014	0.266083
118.06	0.272909
118.105	0.274698
118.151	0.268588
118.196	0.271012
118.242	0.272256
118.288	0.269204
118.333	0.273912
118.378	0.272884
118.424	0.270137
118.47	0.270391
118.515	0.272589
118.561	0.271046
118.606	0.27444
118.652	0.271103
118.697	0.276513
118.744	0.268094
118.789	0.274648
118.834	0.277333
118.88	0.270299
118.925	0.276315
118.971	0.270785
119.017	0.270278
119.062	0.274422
119.109	0.269792
119.154	0.275521
119.2	0.272263
119.245	0.275392
119.291	0.273977
119.336	0.273722
119.382	0.277469
119.428	0.270524
119.473	0.278301
119.519	0.271256
119.565	0.275239
119.611	0.271687
119.656	0.278881
119.703	0.270367
119.748	0.279269
119.794	0.272789
119.839	0.278956
119.885	0.274057
119.93	0.280616
119.977	0.273089
120.022	0.276329
120.069	0.272821
120.114	0.278283
120.16	0.273881
120.206	0.279289
120.252	0.274759
120.297	0.277255
120.343	0.276375
120.389	0.274925
120.435	0.278549
120.482	0.273403
120.528	0.275672
120.573	0.282495
120.619	0.274616
120.665	0.27742
120.71	0.281496
120.757	0.275881
120.802	0.281452
120.849	0.273275
120.895	0.27973
120.941	0.277552
120.987	0.277593
121.033	0.278883
121.078	0.280979
121.125	0.277164
121.17	0.279835
121.217	0.274204
121.263	0.280519
121.309	0.280913
121.355	0.279264
121.401	0.278456
121.447	0.280313
121.492	0.284415
121.539	0.274314
121.584	0.282837
121.631	0.277417
121.677	0.282225
121.723	0.277689
121.769	0.282177
121.815	0.281747
121.861	0.281256
121.907	0.277831
121.953	0.281664
122	0.276221
122.045	0.283301
122.091	0.283128
122.138	0.279105
122.184	0.282318
122.23	0.281789
122.275	0.284694
122.322	0.281952
122.368	0.280641
122.414	0.281656
122.46	0.281442
122.506	0.286658
122.552	0.28068
122.599	0.282128
122.644	0.285008
122.691	0.2784
122.737	0.285469
122.783	0.282439
122.829	0.285372
122.875	0.284502
122.922	0.278683
122.967	0.285927
123.013	0.285675
123.06	0.279215
123.106	0.283985
123.152	0.286425
123.198	0.281125
123.245	0.283939
123.291	0.283455
123.337	0.286945
123.383	0.280546
123.429	0.286282
123.476	0.282889
123.522	0.281998
123.569	0.28356
123.615	0.285077
123.661	0.284913
123.707	0.28627
123.754	0.284391
123.8	0.286779
123.846	0.285817
123.893	0.285424
123.939	0.284197
123.985	0.287028
124.032	0.287524
124.078	0.288142
124.125	0.28394
124.171	0.287094
124.217	0.287266
124.264	0.286369
124.31	0.28755
124.356	0.286345
124.403	0.288152
124.449	0.289077
124.495	0.289531
124.542	0.284969
124.588	0.285908
124.634	0.288168
124.681	0.287245
124.727	0.287979
124.774	0.289113
124.82	0.286262
124.866	0.29306
124.912	0.288583
124.959	0.286934
125.006	0.287043
125.052	0.288554
125.099	0.288976
125.145	0.289987
125.191	0.293323
125.238	0.287794
125.284	0.290946
125.331	0.289514
125.377	0.290834
125.424	0.287182
125.47	0.292939
125.517	0.284352
125.564	0.29094
125.61	0.29274
125.656	0.294982
125.703	0.289703
125.749	0.292984
125.796	0.289201
125.842	0.292089
125.889	0.291022
125.935	0.292727
125.981	0.297211
126.028	0.293612
126.075	0.287524
126.121	0.291939
126.167	0.294513
126.214	0.290185
126.261	0.292326
126.308	0.291724
126.354	0.292123
126.401	0.294354
126.447	0.294196
126.494	0.293474
126.54	0.293064
126.587	0.292885
126.634	0.295518
126.681	0.289206
126.727	0.297269
126.774	0.292061
126.82	0.296445
126.867	0.293933
126.913	0.296398
126.96	0.292798
127.006	0.296144
127.052	0.299198
127.099	0.293987
127.146	0.296705
127.193	0.293244
127.239	0.301531
127.285	0.295542
127.332	0.292658
127.379	0.298837
127.426	0.291766
127.472	0.29832
127.518	0.298792
127.565	0.295345
127.612	0.294544
127.659	0.296839
127.706	0.293495
127.752	0.299814
127.799	0.297388
127.845	0.298975
127.892	0.296854
127.939	0.297605
127.986	0.297032
128.032	0.299577
128.078	0.298356
128.125	0.297649
128.172	0.297388
128.218	0.300618
128.265	0.295689
128.312	0.299602
128.358	0.298419
128.405	0.300632
128.452	0.296718
128.498	0.299941
128.545	0.297337
128.592	0.301479
128.639	0.294367
128.686	0.300593
128.732	0.300556
128.779	0.298271
128.826	0.297924
128.873	0.297123
128.92	0.298358
128.966	0.301882
129.013	0.296376
129.06	0.299571
129.107	0.297639
129.154	0.299469
129.2	0.300321
129.247	0.301358
129.294	0.298283
129.341	0.302366
129.387	0.301519
129.434	0.298656
129.481	0.300713
129.528	0.298321
129.575	0.300473
129.622	0.298361
129.669	0.300136
129.716	0.298504
129.762	0.304242
129.809	0.298372
129.856	0.300475
129.903	0.302905
129.95	0.30096
129.997	0.299405
130.044	0.3002
130.092	0.297929
130.138	0.306371
130.184	0.304404
130.231	0.30228
130.278	0.300555
130.325	0.301755
130.372	0.301781
130.419	0.303562
130.466	0.301789
130.512	0.308478
130.559	0.305737
130.607	0.29555
130.653	0.308659
130.7	0.305407
130.747	0.302824
130.794	0.307321
130.841	0.30272
130.887	0.30897
130.934	0.303191
130.982	0.301198
131.028	0.30569
131.076	0.301897
131.123	0.303466
131.169	0.30725
131.217	0.303298
131.263	0.308895
131.31	0.307257
131.357	0.306761
131.404	0.303091
131.451	0.306499
131.497	0.308719
131.544	0.306753
131.591	0.304469
131.639	0.30495
131.685	0.30916
131.732	0.304334
131.779	0.306745
131.826	0.307138
131.874	0.304225
131.92	0.309285
131.967	0.306998
132.014	0.309216
132.061	0.30732
132.108	0.307354
132.155	0.306596
132.202	0.308006
132.249	0.311437
132.296	0.304221
132.343	0.308272
132.391	0.305635
132.438	0.30845
132.485	0.307577
132.532	0.309594
132.578	0.311587
132.626	0.30504
132.673	0.309728
132.72	0.307645
132.767	0.310342
132.815	0.30709
132.861	0.314721
132.908	0.305835
132.956	0.307822
133.003	0.305912
133.05	0.313897
133.097	0.307568
133.144	0.310721
133.191	0.310052
133.239	0.309349
133.285	0.3129
133.333	0.307097
133.379	0.315304
133.427	0.306627
133.474	0.30832
133.521	0.313301
133.568	0.308394
133.615	0.312214
133.663	0.309097
133.71	0.310685
133.757	0.309106
133.804	0.314721
133.852	0.307403
133.898	0.315344
133.945	0.309983
133.993	0.311106
134.04	0.311156
134.087	0.307503
134.134	0.31389
134.181	0.312118
134.229	0.308007
134.276	0.317939
134.323	0.307754
134.37	0.314548
134.417	0.313498
134.465	0.310966
134.512	0.313232
134.559	0.312801
134.606	0.313882
134.653	0.313496
134.7	0.312381
134.748	0.313084
134.795	0.316331
134.842	0.31133
134.889	0.315386
134.936	0.31476
134.983	0.315026
135.031	0.310748
135.078	0.317931
135.125	0.313906
135.173	0.312432
135.22	0.316657
135.267	0.316591
135.315	0.312046
135.362	0.318062
135.409	0.314803
135.456	0.319601
135.503	0.315329
135.55	0.318334
135.598	0.314725
135.645	0.31641
135.693	0.312032
135.74	0.319624
135.788	0.312786
135.835	0.316777
135.882	0.317008
135.93	0.314974
135.978	0.314815
136.024	0.320321
136.072	0.315674
136.12	0.314566
136.166	0.326268
136.214	0.313679
136.261	0.316737
136.308	0.317478
136.356	0.317521
136.402	0.322879
136.45	0.31426
136.497	0.319899
136.545	0.319131
136.592	0.318053
136.64	0.317422
136.687	0.317441
136.734	0.320886
136.782	0.317864
136.829	0.320638
136.876	0.32025
136.924	0.320519
136.971	0.320515
137.019	0.316951
137.066	0.322789
137.113	0.317391
137.161	0.317591
137.208	0.324753
137.255	0.320154
137.303	0.320987
137.351	0.318699
137.398	0.321337
137.445	0.32073
137.492	0.322469
137.539	0.324392
137.587	0.318783
137.635	0.321655
137.682	0.322188
137.73	0.318431
137.777	0.323669
137.824	0.322697
137.872	0.323156
137.919	0.323039
137.967	0.317658
138.014	0.324756
138.061	0.322337
138.108	0.328026
138.156	0.316993
138.204	0.321751
138.251	0.323188
138.298	0.326976
138.346	0.319752
138.394	0.322517
138.441	0.326297
138.489	0.322847
138.536	0.323371
138.584	0.322145
138.631	0.324442
138.679	0.322057
138.727	0.325865
138.774	0.324647
138.822	0.322158
138.869	0.323289
138.917	0.32295
138.964	0.327101
139.012	0.326463
139.059	0.32582
139.107	0.322451
139.154	0.324239
139.202	0.324822
139.25	0.323604
139.297	0.323811
139.345	0.324671
139.392	0.32691
139.439	0.327014
139.487	0.324479
139.534	0.32554
139.582	0.322259
139.629	0.331418
139.677	0.326554
139.724	0.324032
139.772	0.323635
139.82	0.326359
139.867	0.326305
139.915	0.32796
139.963	0.324434
140.009	0.332452
140.057	0.327733
140.105	0.325739
140.152	0.327446
140.199	0.328051
140.248	0.323438
140.295	0.329264
140.342	0.329042
140.39	0.322164
140.437	0.331821
140.485	0.3289
140.533	0.32742
140.58	0.33015
140.627	0.329861
140.675	0.326778
140.723	0.325093
140.77	0.330711
140.818	0.3306
140.866	0.325083
140.913	0.331683
140.96	0.330564
141.008	0.326923
141.056	0.326712
141.104	0.331263
141.151	0.332701
141.199	0.325287
141.246	0.331551
141.294	0.330945
141.341	0.33089
141.389	0.329752
141.437	0.329817
141.484	0.330649
141.532	0.330967
141.58	0.329035
141.628	0.328361
141.675	0.335866
141.723	0.329239
141.771	0.328815
141.818	0.33411
141.866	0.329798
141.914	0.327922
141.962	0.328648
142.009	0.335984
142.057	0.328232
142.105	0.331573
142.152	0.330954
142.2	0.327632
142.248	0.334281
142.296	0.330399
142.343	0.333595
142.391	0.334971
142.438	0.330904
142.486	0.331275
142.534	0.330905
142.582	0.332722
142.63	0.332482
142.677	0.336978
142.724	0.332424
142.773	0.327937
142.821	0.331097
142.868	0.334914
142.916	0.331326
142.964	0.334248
143.011	0.337253
143.059	0.334815
143.107	0.33069
143.155	0.33388
143.202	0.336722
143.25	0.33091
143.298	0.333968
143.345	0.338823
143.394	0.326121
143.441	0.339034
143.488	0.339304
143.536	0.333874
143.585	0.330007
143.632	0.340819
143.68	0.329979
143.728	0.339039
143.776	0.331166
143.823	0.337606
143.871	0.336836
143.919	0.332272
143.968	0.330055
144.014	0.344213
144.062	0.333515
144.11	0.332662
144.158	0.337992
144.205	0.339011
144.253	0.337815
144.301	0.332383
144.35	0.333576
144.397	0.339097
144.445	0.333191
144.493	0.341342
144.541	0.334353
144.588	0.339256
144.636	0.334943
144.685	0.33471
144.732	0.337063
144.78	0.337357
144.828	0.337257
144.876	0.340645
144.923	0.339558
144.971	0.337809
145.02	0.334355
145.068	0.339538
145.115	0.339776
145.163	0.340863
145.211	0.33764
145.259	0.34078
145.307	0.337883
145.355	0.33908
145.402	0.340252
145.45	0.339146
145.498	0.339966
145.546	0.340309
145.594	0.340547
145.642	0.340553
145.69	0.338381
145.737	0.342586
145.785	0.342266
145.833	0.337642
145.881	0.341066
145.929	0.337833
145.977	0.342461
146.025	0.340011
146.072	0.344883
146.12	0.341795
146.168	0.340588
146.216	0.344725
146.264	0.341493
146.312	0.339637
146.359	0.346294
146.407	0.339147
146.455	0.343342
146.503	0.342772
146.551	0.341365
146.598	0.343185
146.647	0.339749
146.694	0.344305
146.742	0.345296
146.79	0.343955
146.838	0.342548
146.886	0.343057
146.934	0.344812
146.981	0.344914
147.03	0.341575
147.077	0.343018
147.125	0.343411
147.173	0.342999
147.221	0.343487
147.269	0.344725
147.317	0.345402
147.365	0.340485
147.413	0.347486
147.46	0.347225
147.508	0.344052
147.556	0.346146
147.604	0.341288
147.653	0.340273
147.701	0.345122
147.748	0.345329
147.796	0.345435
147.844	0.347061
147.892	0.340437
147.94	0.351058
147.988	0.338968
148.036	0.346505
148.084	0.344533
148.132	0.346685
148.18	0.344829
148.228	0.34342
148.276	0.347496
148.324	0.346015
148.372	0.343353
148.42	0.348764
148.467	0.348845
148.516	0.34305
148.564	0.348886
148.611	0.348039
148.66	0.343544
148.708	0.347606
148.756	0.345392
148.804	0.349435
148.852	0.34742
148.899	0.351063
148.947	0.346075
148.995	0.348828
149.044	0.343587
149.092	0.349909
149.14	0.347189
149.187	0.349741
149.236	0.344435
149.284	0.34891
149.332	0.348303
149.379	0.350919
149.428	0.343416
149.475	0.356648
149.524	0.342611
149.571	0.351232
149.62	0.347217
149.668	0.349651
149.715	0.353752
149.764	0.343866
149.812	0.351648
149.859	0.354851
149.908	0.343364
149.956	0.351304
150.004	0.351622
150.051	0.350795
150.1	0.347617
150.147	0.35544
150.196	0.347524
150.243	0.355536
150.292	0.347706
150.339	0.354162
150.388	0.350173
150.435	0.354675
150.484	0.349218
150.531	0.35269
150.58	0.347357
150.628	0.353043
150.675	0.355584
150.724	0.349087
150.771	0.355985
150.82	0.350527
150.868	0.348337
150.916	0.355956
150.965	0.348273
151.012	0.356866
151.06	0.354216
151.108	0.354077
151.156	0.351153
151.205	0.347134
151.253	0.349542
151.3	0.357816
151.349	0.35189
151.397	0.354467
151.445	0.350251
151.493	0.356269
151.541	0.354181
151.589	0.353918
151.637	0.354085
151.685	0.350071
151.733	0.354632
151.781	0.352641
151.83	0.349097
151.877	0.360414
151.925	0.353772
151.973	0.354449
152.022	0.35299
152.07	0.353556
152.118	0.356859
152.166	0.355688
152.215	0.350318
152.262	0.360607
152.31	0.359894
152.358	0.35265
152.406	0.357072
152.454	0.356541
152.503	0.353209
152.55	0.359768
152.599	0.351994
152.646	0.363605
152.695	0.350515
152.743	0.360415
152.791	0.357161
152.84	0.353412
152.887	0.359368
152.935	0.357512
152.984	0.352532
153.031	0.361342
153.08	0.353686
153.128	0.356703
153.176	0.358216
153.224	0.358692
153.272	0.358249
153.32	0.357096
153.368	0.35847
153.416	0.359469
153.464	0.358419
153.512	0.356938
153.561	0.357974
153.609	0.35951
153.657	0.35777
153.705	0.358034
153.754	0.356234
153.802	0.35972
153.849	0.363626
153.898	0.35905
153.946	0.358361
153.994	0.358075
154.042	0.361541
154.09	0.359404
154.139	0.35911
154.187	0.358438
154.235	0.361736
154.283	0.356541
154.331	0.365589
154.379	0.362129
154.428	0.354451
154.476	0.361354
154.524	0.35596
154.572	0.363427
154.621	0.359015
154.668	0.363785
154.717	0.357834
154.765	0.361776
154.813	0.361099
154.861	0.362215
154.909	0.358678
154.957	0.364193
155.005	0.36156
155.054	0.357771
155.101	0.365382
155.149	0.362849
155.198	0.361635
155.246	0.360076
155.295	0.359976
155.342	0.367665
155.391	0.357817
155.438	0.366514
155.486	0.36306
155.535	0.362087
155.583	0.361859
155.631	0.361414
155.679	0.366305
155.728	0.360172
155.775	0.367169
155.824	0.363406
155.871	0.366373
155.92	0.358964
155.968	0.366092
156.017	0.359709
156.065	0.364697
156.113	0.365906
156.161	0.363639
156.209	0.364603
156.257	0.364142
156.306	0.363644
156.353	0.369067
156.401	0.365681
156.45	0.363443
156.498	0.363755
156.545	0.369866
156.594	0.358794
156.642	0.367748
156.691	0.362431
156.739	0.362075
156.788	0.365428
156.836	0.365108
156.884	0.368841
156.932	0.36644
156.981	0.362891
157.029	0.368404
157.077	0.36215
157.126	0.365612
157.173	0.37134
157.222	0.365375
157.27	0.365075
157.318	0.367193
157.367	0.365636
157.415	0.366101
157.463	0.368942
157.511	0.367361
157.559	0.366685
157.608	0.366181
157.656	0.368691
157.704	0.367397
157.752	0.368437
157.801	0.364603
157.849	0.36457
157.897	0.370058
157.946	0.3632
157.994	0.367738
158.041	0.372762
158.09	0.364026
158.138	0.3713
158.187	0.367792
158.235	0.368155
158.283	0.368271
158.331	0.367629
158.379	0.371537
158.427	0.370398
158.476	0.36289
158.525	0.365369
158.573	0.371458
158.621	0.367296
158.669	0.369033
158.718	0.366446
158.765	0.375368
158.813	0.370786
158.862	0.367795
158.91	0.373366
158.958	0.37141
159.006	0.371296
159.055	0.367362
159.103	0.370034
159.151	0.369179
159.2	0.36718
159.248	0.375136
159.296	0.368343
159.344	0.372128
159.393	0.366409
159.441	0.370155
159.489	0.373722
159.537	0.371706
159.586	0.371353
159.634	0.365867
159.683	0.370988
159.731	0.372296
159.779	0.370031
159.828	0.369502
159.875	0.376661
159.924	0.367891
159.973	0.370662
160.021	0.372396
160.069	0.368495
160.117	0.374415
160.166	0.370282
160.214	0.371703
160.262	0.374865
160.31	0.374182
160.359	0.368894
160.407	0.37566
160.456	0.369105
160.504	0.373569
160.552	0.372663
160.6	0.373675
160.649	0.373015
160.697	0.371746
160.745	0.374828
160.794	0.372489
160.842	0.374409
160.891	0.369729
160.939	0.375755
160.988	0.369089
161.035	0.378608
161.083	0.37529
161.132	0.37298
161.18	0.375935
161.228	0.375147
161.277	0.370141
161.325	0.376568
161.373	0.374392
161.422	0.374572
161.469	0.378067
161.518	0.372752
161.565	0.383159
161.614	0.372962
161.663	0.370371
161.711	0.378489
161.76	0.369873
161.807	0.38126
161.855	0.377198
161.904	0.372517
161.952	0.37786
162	0.381481
162.049	0.369665
162.097	0.377328
162.145	0.377407
162.193	0.3768
162.242	0.375972
162.29	0.376639
162.339	0.375526
162.387	0.374801
162.435	0.380648
162.484	0.373481
162.531	0.380775
162.58	0.376307
162.628	0.378849
162.677	0.373119
162.725	0.376163
162.773	0.380225
162.821	0.379003
162.869	0.378574
162.917	0.379523
162.966	0.37463
163.014	0.380027
163.062	0.38056
163.111	0.373371
163.159	0.376921
163.207	0.380071
163.256	0.371773
163.305	0.378599
163.354	0.373753
163.401	0.382399
163.449	0.382283
163.498	0.37719
163.546	0.379527
163.595	0.377866
163.643	0.376714
163.692	0.378269
163.739	0.383139
163.788	0.376776
163.836	0.379936
163.884	0.381116
163.933	0.379041
163.981	0.377217
164.03	0.379713
164.078	0.376461
164.126	0.382829
164.175	0.377899
164.223	0.383456
164.272	0.374628
164.32	0.380922
164.368	0.3808
164.417	0.382381
164.465	0.381696
164.514	0.376157
164.562	0.382472
164.61	0.379342
164.658	0.380982
164.707	0.380738
164.755	0.380286
164.803	0.383046
164.851	0.385449
164.9	0.376649
164.949	0.379921
164.997	0.386275
165.045	0.380495
165.094	0.380947
165.142	0.383967
165.19	0.382018
165.239	0.381406
165.287	0.380141
165.336	0.381556
165.384	0.385921
165.432	0.384366
165.48	0.384401
165.529	0.377822
165.577	0.388042
165.626	0.379688
165.674	0.388683
165.722	0.382886
165.77	0.386445
165.819	0.379244
165.867	0.387941
165.915	0.382868
165.964	0.380388
166.012	0.387506
166.061	0.381885
166.11	0.380169
166.157	0.392691
166.206	0.383291
166.254	0.384073
166.303	0.38137
166.351	0.385003
166.399	0.387865
166.448	0.380981
166.496	0.384282
166.545	0.384213
166.593	0.38762
166.641	0.381758
166.69	0.386439
166.738	0.38583
166.786	0.38746
166.835	0.383616
166.883	0.389387
166.932	0.383687
166.98	0.388577
167.028	0.383478
167.077	0.385434
167.125	0.388551
167.173	0.389408
167.221	0.384354
167.269	0.389853
167.318	0.387801
167.366	0.384676
167.415	0.380637
167.463	0.391996
167.512	0.387292
167.56	0.385698
167.608	0.390737
167.657	0.386745
167.705	0.383776
167.754	0.387208
167.802	0.390413
167.85	0.389755
167.899	0.380694
167.947	0.387991
167.996	0.386294
168.044	0.39065
168.092	0.391158
168.14	0.389711
168.189	0.381541
168.237	0.393464
168.286	0.387385
168.334	0.389559
168.383	0.385497
168.432	0.383232
168.48	0.388791
168.528	0.392385
168.577	0.385281
168.625	0.39095
168.674	0.386677
168.722	0.391658
168.77	0.386556
168.818	0.398795
168.866	0.386031
168.915	0.384932
168.964	0.389045
169.012	0.387762
169.06	0.391892
169.109	0.391015
169.157	0.387446
169.206	0.389102
169.254	0.388726
169.303	0.38895
169.351	0.392797
169.4	0.38462
169.449	0.389331
169.497	0.39331
169.546	0.388193
169.594	0.389516
169.643	0.389348
169.691	0.391327
169.739	0.389805
169.788	0.392039
169.836	0.388393
169.885	0.391128
169.934	0.388937
169.982	0.394496
170.031	0.387698
170.079	0.390535
170.128	0.387658
170.176	0.397133
170.224	0.390992
170.273	0.391247
170.322	0.390263
170.37	0.393515
170.418	0.390948
170.467	0.391515
170.515	0.393161
170.564	0.392817
170.613	0.38896
170.661	0.393704
170.709	0.394931
170.758	0.386538
170.806	0.397634
170.855	0.391823
170.903	0.393074
170.952	0.39092
171.002	0.385378
171.049	0.398368
171.098	0.395607
171.146	0.392918
171.195	0.390098
171.244	0.391381
171.292	0.394161
171.34	0.398537
171.389	0.392533
171.437	0.393129
171.486	0.39185
171.535	0.392426
171.584	0.391975
171.631	0.398861
171.68	0.394833
171.729	0.394187
171.777	0.393053
171.826	0.395682
171.874	0.394296
171.923	0.395357
171.972	0.39114
172.02	0.396177
172.069	0.394364
172.117	0.39235
172.166	0.396473
172.214	0.395673
172.263	0.390227
172.312	0.397314
172.36	0.393271
172.409	0.393879
172.458	0.395667
172.507	0.392754
172.555	0.394594
172.604	0.397502
172.653	0.393424
172.701	0.39955
172.75	0.393655
172.799	0.392209
172.847	0.399087
172.895	0.401011
172.944	0.39008
172.993	0.394546
173.042	0.393544
173.09	0.404103
173.139	0.393551
173.188	0.39371
173.236	0.400295
173.284	0.399273
173.334	0.387323
173.382	0.403094
173.43	0.399679
173.479	0.396526
173.528	0.395488
173.576	0.396938
173.626	0.391381
173.673	0.406214
173.722	0.396761
173.771	0.396743
173.819	0.397033
173.868	0.399341
173.917	0.392368
173.965	0.404269
174.014	0.393809
174.062	0.400636
174.112	0.392289
174.159	0.406685
174.208	0.396699
174.257	0.398659
174.305	0.399557
174.354	0.400189
174.403	0.394938
174.452	0.400694
174.5	0.401781
174.549	0.395773
174.597	0.402262
174.646	0.399878
174.695	0.396896
174.743	0.399475
174.793	0.396581
174.841	0.404605
174.889	0.399192
174.938	0.40078
174.987	0.399946
175.036	0.398718
175.084	0.404379
175.133	0.398428
175.181	0.403566
175.23	0.400559
175.279	0.396629
175.327	0.402564
175.376	0.399159
175.425	0.398325
175.473	0.406379
175.522	0.400963
175.571	0.402012
175.619	0.402898
175.668	0.395478
175.717	0.40283
175.766	0.401503
175.814	0.400892
175.863	0.400771
175.912	0.399202
175.96	0.405898
176.009	0.401685
176.058	0.4007
176.106	0.404081
176.156	0.397867
176.204	0.406183
176.253	0.401973
176.301	0.403224
176.35	0.400848
176.399	0.405176
176.448	0.396434
176.496	0.410491
176.545	0.399458
176.593	0.406981
176.642	0.406946
176.691	0.394455
176.74	0.404548
176.789	0.399355
176.838	0.40571
176.886	0.405508
176.935	0.401562
176.984	0.405418
177.032	0.405329
177.082	0.400911
177.13	0.408578
177.179	0.4003
177.228	0.402665
177.276	0.409053
177.324	0.406336
177.373	0.402953
177.422	0.403066
177.471	0.404545
177.519	0.40927
177.569	0.400095
177.617	0.405897
177.665	0.410938
177.715	0.399546
177.763	0.410109
177.812	0.403438
177.861	0.406838
177.909	0.405913
177.958	0.408156
178.007	0.403738
178.055	0.408154
178.104	0.407816
178.153	0.403281
178.202	0.40457
178.251	0.408153
178.299	0.411361
178.348	0.405612
178.397	0.40138
178.445	0.411211
178.494	0.405903
178.543	0.408426
178.592	0.406978
178.639	0.415424
178.689	0.402187
178.738	0.406697
178.787	0.404191
178.836	0.407392
178.884	0.410989
178.933	0.407467
178.981	0.41599
179.03	0.40459
179.079	0.404515
179.127	0.411496
179.177	0.404199
179.225	0.410857
179.274	0.407821
179.323	0.407136
179.371	0.412851
179.42	0.410651
179.468	0.411981
179.517	0.405813
179.565	0.413351
179.615	0.406617
179.663	0.409814
179.712	0.411117
179.76	0.41126
179.81	0.405408
179.858	0.41503
179.906	0.413948
179.955	0.406059
180.004	0.414986
180.053	0.408579
180.101	0.410501
180.15	0.411166
180.199	0.411938
180.248	0.408508
180.297	0.408414
180.345	0.414459
180.394	0.411209
180.442	0.411055
180.491	0.41563
180.539	0.410714
180.588	0.413233
180.637	0.408256
180.685	0.415159
180.734	0.409361
180.783	0.416008
180.832	0.407946
180.88	0.413091
180.929	0.411321
180.978	0.410321
181.027	0.410504
181.075	0.418412
181.124	0.407947
181.173	0.414648
181.221	0.415432
181.27	0.410002
181.319	0.411507
181.368	0.412576
181.417	0.41022
181.465	0.41423
181.514	0.413646
181.563	0.411201
181.611	0.416366
181.66	0.41093
181.709	0.416856
181.758	0.409775
181.807	0.410908
181.855	0.415162
181.905	0.410151
181.953	0.412587
182.002	0.411578
182.051	0.413476
182.099	0.417843
182.148	0.412361
182.198	0.410058
182.246	0.415186
182.295	0.412355
182.344	0.415827
182.393	0.413196
182.441	0.416234
182.491	0.410621
182.539	0.413646
182.588	0.412239
182.637	0.41612
182.686	0.415016
182.735	0.415567
182.783	0.418975
182.832	0.409429
182.881	0.416622
182.93	0.412375
182.978	0.42232
183.028	0.411185
183.076	0.415906
183.125	0.413329
183.174	0.419997
183.222	0.415378
183.271	0.413195
183.32	0.418641
183.369	0.41265
183.418	0.41658
183.467	0.412553
183.515	0.422304
183.564	0.413793
183.613	0.414025
183.662	0.419467
183.711	0.416127
183.76	0.415366
183.808	0.419099
183.856	0.420212
183.905	0.416039
183.955	0.412164
184.003	0.4199
184.052	0.41798
184.1	0.420952
184.149	0.416267
184.198	0.419548
184.246	0.417695
184.296	0.414148
184.344	0.421639
184.393	0.420119
184.441	0.416776
184.491	0.414066
184.539	0.420887
184.588	0.418361
184.637	0.415145
184.685	0.426137
184.734	0.417228
184.783	0.416038
184.831	0.422002
184.88	0.421538
184.929	0.418289
184.978	0.41445
185.027	0.419688
185.076	0.417541
185.125	0.416764
185.173	0.421994
185.222	0.41824
185.271	0.419761
185.319	0.424843
185.368	0.420834
185.417	0.413485
185.466	0.423151
185.515	0.418655
185.563	0.421133
185.612	0.421128
185.661	0.420237
185.71	0.419478
185.758	0.420751
185.807	0.419615
185.856	0.41955
185.905	0.421999
185.953	0.423157
186.002	0.418603
186.051	0.419211
186.1	0.418574
186.148	0.424152
186.197	0.424042
186.246	0.421607
186.295	0.416727
186.343	0.425709
186.392	0.419031
186.441	0.418487
186.49	0.418174
186.539	0.422892
186.587	0.422337
186.636	0.421132
186.685	0.41773
186.735	0.417661
186.783	0.429789
186.832	0.419076
186.88	0.423415
186.93	0.417025
186.978	0.428239
187.027	0.420205
187.075	0.42644
187.125	0.413071
187.174	0.423488
187.223	0.4203
187.271	0.425586
187.32	0.419426
187.369	0.421736
187.418	0.420829
187.467	0.424227
187.516	0.42147
187.565	0.421172
187.614	0.420811
187.662	0.429545
187.712	0.417611
187.76	0.424421
187.808	0.429277
187.857	0.424153
187.906	0.42324
187.956	0.415529
188.004	0.425995
188.053	0.422773
188.102	0.424178
188.151	0.422078
188.2	0.426088
188.249	0.423748
188.298	0.425412
188.347	0.424833
188.395	0.428244
188.444	0.421436
188.494	0.421926
188.542	0.430355
188.591	0.421767
188.64	0.426414
188.689	0.425969
188.737	0.426126
188.786	0.429736
188.834	0.430038
188.884	0.419533
188.933	0.427455
188.982	0.425783
189.03	0.436045
189.078	0.428041
189.128	0.421974
189.177	0.421801
189.225	0.434827
189.274	0.425298
189.323	0.426669
189.371	0.433279
189.421	0.419538
189.469	0.431855
189.518	0.430485
189.567	0.426889
189.616	0.430175
189.665	0.425544
189.713	0.432918
189.762	0.424245
189.811	0.429188
189.859	0.432385
189.908	0.422492
189.957	0.430735
190.006	0.430226
190.055	0.423006
190.104	0.431035
190.152	0.432445
190.201	0.429613
190.249	0.433016
190.298	0.425361
190.347	0.42935
190.395	0.432012
190.445	0.423638
190.494	0.427265
190.542	0.43406
190.591	0.427318
190.64	0.429053
190.688	0.433777
190.737	0.431703
190.786	0.428675
190.835	0.426764
190.884	0.426973
190.933	0.427433
190.981	0.434352
191.031	0.424614
191.079	0.430693
191.128	0.430763
191.177	0.429744
191.226	0.426002
191.275	0.428434
191.324	0.427826
191.373	0.431019
191.421	0.434996
191.47	0.42793
191.519	0.42881
191.568	0.42434
191.617	0.434014
191.665	0.432755
191.715	0.426694
191.764	0.42877
191.812	0.434862
191.861	0.429922
191.91	0.423849
191.959	0.430133
192.008	0.426049
192.057	0.429329
192.106	0.435954
192.154	0.433694
192.204	0.426055
192.252	0.435463
192.302	0.425892
192.351	0.429834
192.399	0.433436
192.448	0.433535
192.497	0.429569
192.545	0.437561
192.595	0.424822
192.643	0.436021
192.693	0.428235
192.741	0.433522
192.79	0.435418
192.839	0.429005
192.888	0.430365
192.937	0.433716
192.986	0.433397
193.034	0.439264
193.083	0.430207
193.132	0.432494
193.182	0.430896
193.23	0.438867
193.279	0.431519
193.327	0.435877
193.377	0.426717
193.425	0.443262
193.473	0.437317
193.522	0.433298
193.571	0.436641
193.62	0.430819
193.669	0.435396
193.718	0.439205
193.766	0.440072
193.815	0.431825
193.864	0.437157
193.913	0.433047
193.961	0.435252
194.01	0.437676
194.058	0.441778
194.108	0.432196
194.156	0.437089
194.205	0.44068
194.253	0.435832
194.303	0.433573
194.352	0.435203
194.4	0.439265
194.449	0.44099
194.498	0.435848
194.546	0.444261
194.595	0.434714
194.643	0.438654
194.692	0.44314
194.741	0.437897
194.789	0.440372
194.838	0.440149
194.887	0.440654
194.936	0.441518
194.985	0.433445
195.034	0.439439
195.082	0.446288
195.131	0.436926
195.18	0.439328
195.228	0.441591
195.277	0.443476
195.326	0.439157
195.375	0.436826
195.423	0.443218
195.472	0.437117
195.521	0.441892
195.57	0.434337
195.619	0.441786
195.667	0.442243
195.716	0.442116
195.765	0.43449
195.814	0.439165
195.862	0.443925
195.911	0.437219
195.96	0.436876
196.008	0.441631
196.058	0.435337
196.106	0.44536
196.155	0.438768
196.204	0.439188
196.252	0.438386
196.301	0.439169
196.35	0.437668
196.399	0.440333
196.448	0.436602
196.496	0.44532
196.546	0.431035
196.594	0.443882
196.643	0.4379
196.692	0.436451
196.741	0.440064
196.79	0.439894
196.839	0.437171
196.887	0.446964
196.937	0.430658
196.985	0.442524
197.034	0.443394
197.083	0.434019
197.132	0.4403
197.181	0.43844
197.229	0.44287
197.278	0.439424
197.327	0.436132
197.377	0.43405
197.425	0.449278
197.474	0.437054
197.523	0.437748
197.572	0.445217
197.621	0.436902
197.669	0.444276
197.719	0.437695
197.767	0.44581
197.816	0.440753
197.865	0.436349
197.914	0.441183
197.962	0.443135
198.011	0.440874
198.06	0.442741
198.109	0.441252
198.157	0.449954
198.206	0.437229
198.255	0.43567
198.304	0.438545
198.352	0.448782
198.401	0.443106
198.449	0.444553
198.498	0.441594
198.547	0.437812
198.596	0.443777
198.645	0.442324
198.693	0.442976
198.742	0.440682
198.791	0.444083
198.839	0.443148
198.888	0.442259
198.936	0.447423
198.985	0.442136
199.034	0.443063
199.082	0.443439
199.131	0.4451
199.18	0.442169
199.228	0.447487
199.277	0.43728
199.325	0.447512
199.374	0.441282
199.422	0.44925
199.471	0.442563
199.52	0.44505
199.569	0.438634
199.617	0.447924
199.666	0.44612
199.715	0.439546
199.763	0.445317
199.812	0.445842
199.861	0.436653
199.91	0.445156
199.958	0.448061
200.006	0.449503
200.055	0.446871
200.104	0.438228
200.152	0.449244
200.201	0.44499
200.25	0.435853
200.298	0.454224
200.348	0.436409
200.396	0.449164
200.445	0.442814
200.494	0.444093
200.542	0.44686
200.591	0.442285
200.64	0.443469
200.689	0.443108
200.737	0.447566
200.786	0.444993
200.835	0.442882
200.884	0.445149
200.932	0.447459
200.982	0.440315
201.03	0.448045
201.079	0.444806
201.128	0.442494
201.176	0.446824
201.226	0.440516
201.274	0.44859
201.323	0.443183
201.371	0.453624
201.421	0.439199
201.47	0.442871
201.518	0.449091
201.566	0.452922
201.616	0.439512
201.665	0.444175
201.713	0.449672
201.763	0.438894
201.812	0.443
201.861	0.447905
201.909	0.447324
201.958	0.45075
202.007	0.443746
202.056	0.445822
202.104	0.447936
202.153	0.443461
202.203	0.441784
202.252	0.444154
202.3	0.448595
202.349	0.44523
202.398	0.446337
202.447	0.446715
202.496	0.44946
202.545	0.443262
202.593	0.454358
202.642	0.441387
202.691	0.445179
202.74	0.448675
202.789	0.441465
202.838	0.448433
202.887	0.4513
202.936	0.443076
202.985	0.446993
203.034	0.441793
203.083	0.447168
203.131	0.449719
203.18	0.44829
203.229	0.4434
203.279	0.443406
203.328	0.447955
203.376	0.449203
203.425	0.448343
203.474	0.446493
203.523	0.449035
203.572	0.4472
203.621	0.447257
203.67	0.447697
203.719	0.441631
203.768	0.4477
203.817	0.449225
203.866	0.444728
203.915	0.452108
203.963	0.451454
204.012	0.450104
204.061	0.450965
204.11	0.442366
204.159	0.451062
204.208	0.444597
204.257	0.4526
204.306	0.449769
204.354	0.453619
204.404	0.442555
204.452	0.454549
204.501	0.448383
204.55	0.44868
204.599	0.450001
204.649	0.44345
204.697	0.460394
204.746	0.448782
204.794	0.45663
204.843	0.450581
204.893	0.448324
204.941	0.457299
204.99	0.451908
205.038	0.452988
205.088	0.446358
205.136	0.456037
205.184	0.457326
205.233	0.456143
205.282	0.446066
205.331	0.454376
205.38	0.449993
205.429	0.455
205.478	0.450594
205.526	0.46019
205.575	0.456845
205.624	0.446156
205.673	0.454108
205.722	0.44918
205.77	0.458153
205.819	0.453593
205.868	0.451867
205.916	0.45751
205.965	0.45238
206.014	0.451894
206.063	0.451131
206.112	0.45489
206.16	0.456304
206.209	0.457129
206.258	0.447497
206.306	0.46013
206.356	0.450433
206.404	0.459647
206.453	0.453367
206.501	0.454523
206.55	0.453629
206.599	0.456936
206.648	0.454271
206.697	0.449828
206.746	0.454805
206.794	0.456871
206.843	0.457573
206.892	0.45456
206.94	0.457686
206.989	0.457967
207.037	0.457567
207.087	0.446635
207.135	0.460796
207.184	0.456929
207.232	0.459997
207.28	0.460279
207.33	0.450222
207.378	0.459878
207.427	0.453409
207.475	0.463752
207.524	0.460662
207.572	0.461476
207.621	0.457036
207.669	0.456507
207.718	0.461026
207.766	0.459282
207.815	0.457415
207.863	0.46214
207.912	0.456999
207.96	0.459012
208.009	0.458063
208.057	0.464866
208.106	0.453046
208.155	0.457856
208.203	0.465549
208.251	0.458252
208.3	0.454862
208.348	0.463128
208.397	0.460551
208.445	0.460812
208.494	0.455175
208.543	0.458809
208.591	0.462027
208.64	0.456704
208.689	0.455885
208.736	0.467043
208.785	0.458803
208.833	0.459605
208.882	0.458579
208.93	0.460427
208.979	0.456624
209.028	0.45693
209.077	0.455038
209.125	0.463681
209.174	0.458162
209.223	0.45763
209.271	0.462587
209.32	0.456308
209.368	0.459208
209.417	0.455242
209.465	0.464316
209.514	0.454431
209.562	0.463901
209.611	0.455811
209.66	0.458391
209.708	0.464983
209.757	0.451804
209.806	0.458384
209.854	0.462782
209.903	0.456818
209.952	0.457416
210.001	0.455932
210.049	0.459016
210.098	0.458875
210.147	0.455011
210.196	0.457408
210.244	0.459206
210.293	0.45979
210.342	0.455512
210.39	0.463511
210.439	0.455051
210.487	0.462459
210.536	0.459888
210.585	0.457009
210.633	0.460999
210.682	0.459593
210.73	0.462615
210.779	0.458303
210.827	0.467854
210.876	0.451404
210.925	0.460097
210.973	0.463782
211.021	0.465475
211.07	0.458789
211.119	0.457477
211.167	0.463841
211.215	0.466347
211.264	0.456066
211.313	0.460459
211.361	0.4632
211.409	0.464208
211.458	0.458774
211.506	0.467326
211.554	0.464827
211.602	0.467517
211.652	0.452363
211.7	0.46527
211.749	0.463483
211.797	0.463537
211.845	0.473915
211.894	0.455233
211.942	0.463203
211.99	0.470159
212.039	0.458921
212.087	0.470609
212.135	0.463241
212.184	0.463798
212.232	0.471964
212.281	0.455202
212.329	0.467033
212.377	0.465643
212.425	0.469824
212.474	0.460256
212.522	0.46773
212.571	0.457137
212.619	0.471761
212.667	0.4636
212.716	0.464645
212.764	0.465356
212.813	0.462101
212.861	0.461699
212.91	0.463969
212.958	0.465937
213.006	0.465607
213.055	0.463423
213.103	0.466378
213.151	0.463954
213.2	0.462578
213.248	0.467758
213.297	0.457749
213.346	0.462817
213.394	0.467608
213.442	0.462706
213.491	0.458376
213.54	0.465716
213.588	0.464372
213.636	0.464033
213.685	0.46478
213.734	0.460153
213.781	0.470098
213.83	0.459752
213.879	0.466615
213.927	0.471191
213.975	0.4633
214.024	0.46153
214.073	0.465815
214.121	0.468958
214.17	0.463972
214.218	0.465354
214.267	0.461332
214.316	0.466955
214.364	0.467885
214.413	0.460762
214.462	0.463526
214.511	0.465253
214.558	0.474669
214.607	0.467209
214.656	0.461508
214.704	0.467186
214.753	0.465552
214.802	0.460865
214.85	0.462385
214.899	0.465122
214.948	0.465664
214.996	0.469356
215.045	0.461406
215.093	0.465358
215.142	0.462691
215.191	0.466146
215.239	0.467704
215.288	0.464767
215.337	0.465396
215.386	0.461219
215.434	0.465127
215.483	0.461297
215.532	0.464774
215.58	0.468211
215.629	0.464383
215.678	0.461469
215.726	0.4699
215.774	0.470591
215.823	0.460027
215.872	0.464954
215.921	0.464546
215.97	0.464825
216.018	0.464649
216.067	0.46451
216.116	0.465817
216.164	0.466578
216.213	0.466071
216.261	0.470094
216.31	0.466858
216.358	0.468754
216.408	0.457991
216.456	0.470934
216.504	0.47373
216.553	0.460824
216.602	0.472571
216.651	0.463937
216.699	0.467353
216.748	0.469683
216.796	0.470769
216.844	0.4697
216.894	0.461269
216.941	0.476207
216.991	0.462827
217.039	0.467832
217.088	0.467472
217.136	0.473314
217.185	0.468863
217.234	0.465143
217.282	0.475786
217.33	0.470518
217.378	0.47466
217.427	0.471304
217.476	0.464661
217.524	0.473752
217.573	0.463093
217.622	0.467781
217.669	0.479863
217.718	0.463074
217.767	0.471413
217.815	0.470677
217.864	0.473276
217.912	0.468405
217.961	0.464648
218.009	0.47886
218.057	0.472226
218.106	0.469435
218.155	0.46599
218.203	0.471689
218.252	0.471021
218.301	0.46644
218.349	0.471672
218.398	0.473167
218.447	0.462797
218.495	0.473355
218.544	0.47149
218.592	0.470763
218.641	0.473411
218.689	0.466954
218.738	0.468362
218.787	0.472866
218.835	0.473723
218.884	0.466821
218.932	0.470476
218.981	0.473579
219.03	0.466346
219.078	0.470634
219.127	0.470333
219.175	0.472648
219.224	0.471037
219.273	0.461667
219.321	0.479511
219.37	0.465337
219.418	0.475803
219.468	0.465047
219.516	0.475852
219.565	0.470187
219.614	0.466744
219.663	0.46444
219.711	0.479103
219.76	0.47199
219.808	0.471666
219.857	0.472644
219.906	0.469081
219.955	0.471715
220.003	0.473424
220.052	0.469206
220.101	0.470253
220.149	0.475223
220.198	0.472268
220.247	0.46908
220.296	0.468537
220.345	0.475549
220.393	0.474778
220.443	0.466159
220.491	0.478381
220.539	0.473689
220.588	0.471926
220.637	0.468226
220.686	0.476587
220.735	0.467047
220.784	0.474251
220.832	0.476619
220.881	0.471566
220.93	0.47625
220.978	0.472397
221.027	0.477751
221.075	0.474034
221.124	0.470701
221.173	0.477089
221.221	0.475997
221.27	0.473587
221.319	0.477418
221.368	0.470674
221.417	0.472091
221.465	0.481563
221.514	0.470667
221.563	0.476347
221.611	0.476679
221.66	0.47292
221.708	0.478035
221.757	0.478599
221.806	0.47314
221.855	0.469735
221.903	0.485452
221.952	0.475138
222	0.474355
222.049	0.479207
222.098	0.476082
222.146	0.477423
222.195	0.473931
222.243	0.487944
222.292	0.474292
222.341	0.473697
222.389	0.48198
222.438	0.469994
222.487	0.478945
222.535	0.479936
222.584	0.477248
222.633	0.472029
222.681	0.484344
222.73	0.470259
222.779	0.476245
222.828	0.473352
222.876	0.478414
222.925	0.477001
222.973	0.480602
223.022	0.473476
223.071	0.478438
223.12	0.474945
223.168	0.478738
223.217	0.4783
223.266	0.476769
223.315	0.471522
223.363	0.489169
223.412	0.471449
223.46	0.482509
223.51	0.471524
223.558	0.481858
223.607	0.473685
223.655	0.480027
223.704	0.477474
223.753	0.478013
223.802	0.472109
223.851	0.481341
223.899	0.477789
223.948	0.480004
223.997	0.477741
224.045	0.476276
224.094	0.476069
224.143	0.482934
224.192	0.475014
224.241	0.475246
224.29	0.472663
224.338	0.482419
224.387	0.476576
224.436	0.474834
224.485	0.477521
224.533	0.482344
224.582	0.476505
224.631	0.47661
224.68	0.481485
224.728	0.478823
224.778	0.469994
224.827	0.481265
224.875	0.477962
224.924	0.47747
224.973	0.479767
225.022	0.473814
225.071	0.479534
225.12	0.47668
225.169	0.478711
225.218	0.474318
225.266	0.485998
225.315	0.47387
225.365	0.475573
225.413	0.47815
225.462	0.483151
225.51	0.483333
225.56	0.471451
225.609	0.480831
225.657	0.480033
225.706	0.479557
225.755	0.477764
225.804	0.483655
225.853	0.476111
225.902	0.474479
225.951	0.486461
225.999	0.479749
226.048	0.480792
226.097	0.482853
226.146	0.477509
226.195	0.478862
226.244	0.4805
226.293	0.482677
226.341	0.483167
226.391	0.476274
226.439	0.485593
226.488	0.480847
226.537	0.476556
226.585	0.48738
226.635	0.477435
226.683	0.482014
226.732	0.481416
226.781	0.484646
226.829	0.483046
226.878	0.484334
226.927	0.479312
226.976	0.479749
227.025	0.482381
227.074	0.477636
227.123	0.484758
227.172	0.48024
227.22	0.491667
227.269	0.478633
227.318	0.483099
227.367	0.481026
227.416	0.48318
227.464	0.485035
227.513	0.488043
227.561	0.484365
227.61	0.487781
227.66	0.472339
227.708	0.485625
227.757	0.482846
227.805	0.48983
227.855	0.474005
227.903	0.487588
227.952	0.479337
228.001	0.484557
228.049	0.48858
228.098	0.481059
228.147	0.480651
228.196	0.485827
228.245	0.483752
228.294	0.482277
228.342	0.484921
228.391	0.485426
228.44	0.479774
228.489	0.482631
228.538	0.479098
228.587	0.487222
228.636	0.485224
228.685	0.477576
228.733	0.487716
228.782	0.481637
228.831	0.482485
228.88	0.485513
228.929	0.480456
228.978	0.478586
229.028	0.478095
229.077	0.482671
229.126	0.479052
229.175	0.485456
229.223	0.484437
229.272	0.488203
229.321	0.479814
229.37	0.483824
229.419	0.47917
229.469	0.478737
229.517	0.485654
229.566	0.484901
229.615	0.486365
229.664	0.47837
229.713	0.485149
229.762	0.481912
229.811	0.479769
229.86	0.48498
229.909	0.477764
229.958	0.484465
230.007	0.485098
230.056	0.482798
230.106	0.477942
230.155	0.478237
230.203	0.489631
230.252	0.483634
230.301	0.483586
230.351	0.479906
230.4	0.484102
230.449	0.482825
230.498	0.484927
230.546	0.485286
230.596	0.480478
230.645	0.481521
230.694	0.485468
230.743	0.48466
230.792	0.480822
230.842	0.477638
230.89	0.490469
230.939	0.484632
230.988	0.485215
231.037	0.483159
231.087	0.484239
231.136	0.48268
231.185	0.480183
231.235	0.482627
231.283	0.489993
231.333	0.481414
231.382	0.483146
231.432	0.483369
231.48	0.495793
231.529	0.4811
231.578	0.488264
231.627	0.490497
231.676	0.484336
231.725	0.483491
231.774	0.486041
231.824	0.484315
231.873	0.487421
231.922	0.486185
231.971	0.489251
232.02	0.486218
232.069	0.488561
232.118	0.481357
232.167	0.489929
232.216	0.488896
232.266	0.481028
232.315	0.489762
232.364	0.484644
232.413	0.490308
232.461	0.490739
232.511	0.486693
232.559	0.491611
232.608	0.491137
232.657	0.485
232.706	0.488052
232.755	0.489556
232.804	0.494251
232.854	0.482029
232.902	0.494441
232.951	0.486566
233	0.493912
233.049	0.486885
233.098	0.483854
233.147	0.493955
233.196	0.490397
233.244	0.493771
233.293	0.490494
233.342	0.487484
233.392	0.489438
233.441	0.487922
233.49	0.49115
233.539	0.487384
233.587	0.496119
233.636	0.487168
233.685	0.489836
233.735	0.486875
233.783	0.491298
233.832	0.489603
233.881	0.488753
233.93	0.489038
233.979	0.490718
234.028	0.489246
234.077	0.493919
234.126	0.487393
234.175	0.494005
234.224	0.488887
234.273	0.491926
234.322	0.487762
234.371	0.483067
234.42	0.492294
234.468	0.500503
234.518	0.479779
234.567	0.488887
234.617	0.486431
234.665	0.499744
234.713	0.491437
234.763	0.483232
234.812	0.495295
234.861	0.491773
234.91	0.48567
234.96	0.484618
235.009	0.491204
235.057	0.495033
235.106	0.494908
235.156	0.482459
235.204	0.493474
235.254	0.488384
235.303	0.485711
235.352	0.497881
235.402	0.479627
235.451	0.492338
235.5	0.494299
235.549	0.493377
235.598	0.486498
235.647	0.492841
235.696	0.48868
235.746	0.485422
235.796	0.487117
235.844	0.496675
235.893	0.495447
235.942	0.489372
235.991	0.498192
236.041	0.483699
236.089	0.496106
236.139	0.484946
236.188	0.495507
236.237	0.494825
236.286	0.491046
236.335	0.491955
236.384	0.498528
236.433	0.491174
236.482	0.492498
236.531	0.489755
236.58	0.496407
236.629	0.495389
236.678	0.493962
236.727	0.493969
236.776	0.496003
236.826	0.485321
236.874	0.500935
236.924	0.488
236.972	0.498707
237.021	0.495717
237.07	0.495549
237.12	0.485439
237.168	0.499916
237.217	0.489889
237.266	0.497455
237.315	0.495769
237.364	0.493743
237.413	0.495069
237.462	0.496899
237.512	0.487816
237.56	0.498727
237.609	0.493422
237.659	0.492815
237.707	0.496884
237.756	0.494669
237.806	0.489635
237.855	0.495026
237.904	0.490149
237.952	0.504398
238.002	0.492702
238.051	0.494868
238.1	0.495536
238.149	0.494406
238.198	0.493076
238.247	0.495211
238.296	0.492439
238.346	0.493023
238.394	0.497109
238.444	0.492775
238.493	0.49607
238.542	0.495729
238.591	0.494131
238.639	0.498292
238.689	0.490925
238.738	0.496825
238.787	0.494869
238.836	0.492226
238.885	0.498058
238.934	0.496654
238.984	0.49429
239.033	0.492463
239.082	0.494746
239.132	0.488803
239.181	0.500709
239.229	0.499097
239.279	0.492165
239.328	0.494863
239.377	0.493546
239.426	0.497052
239.475	0.504179
239.524	0.492216
239.573	0.497741
239.622	0.493608
239.672	0.491463
239.721	0.493605
239.771	0.491835
239.82	0.495929
239.869	0.493174
239.918	0.501901
239.967	0.497192
240.016	0.494093
240.066	0.491204
240.114	0.500758
240.164	0.494893
240.213	0.494447
240.262	0.500397
240.312	0.487447
240.36	0.503138
240.41	0.494073
240.459	0.49347
240.508	0.499919
240.557	0.492821
240.606	0.495911
240.655	0.501214
240.704	0.493752
240.754	0.497433
240.803	0.498971
240.852	0.492815
240.901	0.500161
240.95	0.501794
240.999	0.494703
241.048	0.501476
241.097	0.498424
241.146	0.499804
241.195	0.49859
241.244	0.495964
241.294	0.49303
241.343	0.502145
241.392	0.499354
241.44	0.504782
241.489	0.495901
241.538	0.50463
241.587	0.496971
241.637	0.496491
241.686	0.493182
241.734	0.507554
241.784	0.490919
241.833	0.504408
241.882	0.498352
241.931	0.500062
241.98	0.498326
242.029	0.506791
242.078	0.498087
242.127	0.497316
242.176	0.501984
242.225	0.504008
242.274	0.498471
242.323	0.505893
242.372	0.495805
242.421	0.502149
242.47	0.506082
242.52	0.495574
242.569	0.497245
242.617	0.508063
242.666	0.502286
242.716	0.497989
242.763	0.512368
242.813	0.494161
242.862	0.500432
242.912	0.49691
242.961	0.503459
243.01	0.503198
243.059	0.500149
243.108	0.497535
243.158	0.49643
243.205	0.512901
243.255	0.494387
243.304	0.500443
243.353	0.503432
243.402	0.496939
243.451	0.506822
243.5	0.500018
243.55	0.497376
243.599	0.499331
243.648	0.504366
243.696	0.502643
243.746	0.50125
243.795	0.501552
243.844	0.497525
243.893	0.499238
243.943	0.499238
243.992	0.501673
244.041	0.500047
244.089	0.506719
244.139	0.497157
244.188	0.503536
244.237	0.501243
244.286	0.501259
244.335	0.506542
244.384	0.502917
244.434	0.492345
244.483	0.503904
244.532	0.497804
244.582	0.494853
244.63	0.506407
244.68	0.497056
244.729	0.504547
244.778	0.502666
244.827	0.498917
244.876	0.502384
244.925	0.50405
244.975	0.495864
245.024	0.502547
245.074	0.494405
245.123	0.50573
245.172	0.503229
245.221	0.499608
245.27	0.502794
245.32	0.499563
245.368	0.504876
245.418	0.50392
245.467	0.500848
245.516	0.500154
245.565	0.503346
245.614	0.508426
245.663	0.50231
245.713	0.497614
245.762	0.500851
245.812	0.501795
245.86	0.513416
245.909	0.498468
245.958	0.503175
246.008	0.499024
246.057	0.504612
246.106	0.501331
246.156	0.502781
246.205	0.498871
246.254	0.507576
246.303	0.502173
246.352	0.50599
246.402	0.501394
246.451	0.503684
246.5	0.500246
246.549	0.503863
246.599	0.499306
246.648	0.507673
246.698	0.497575
246.747	0.50184
246.795	0.510798
246.844	0.507241
246.894	0.502348
246.943	0.4998
246.992	0.510758
247.041	0.502695
247.09	0.50849
247.139	0.501762
247.188	0.507901
247.237	0.50711
247.287	0.495426
247.336	0.504584
247.385	0.506009
247.434	0.505208
247.483	0.510224
247.531	0.510649
247.582	0.495029
247.63	0.508708
247.679	0.508063
247.729	0.504013
247.777	0.509745
247.826	0.504932
247.876	0.499596
247.924	0.514323
247.974	0.499787
248.023	0.507668
248.072	0.504785
248.121	0.510271
248.171	0.497864
248.22	0.509498
248.268	0.509809
248.318	0.50319
248.367	0.50104
248.416	0.512419
248.465	0.502585
248.514	0.509555
248.563	0.512599
248.611	0.509218
248.661	0.505289
248.71	0.507953
248.759	0.505405
248.808	0.510784
248.857	0.505882
248.906	0.506231
248.955	0.508159
249.003	0.514088
249.052	0.508052
249.101	0.509652
249.151	0.500964
249.2	0.512091
249.249	0.507598
249.298	0.5071
249.347	0.507353
249.396	0.510817
249.444	0.511883
249.493	0.512539
249.542	0.505398
249.591	0.516521
249.64	0.504621
249.689	0.512338
249.738	0.506918
249.787	0.506129
249.836	0.510241
249.885	0.503632
249.934	0.511434
249.983	0.508968
250.032	0.510798
250.082	0.502189
250.13	0.517911
250.179	0.504957
250.228	0.51286
250.277	0.506226
250.326	0.507463
250.375	0.514282
250.424	0.501733
250.473	0.506283
250.523	0.50554
250.572	0.50935
250.621	0.50716
250.669	0.51662
250.718	0.504472
250.768	0.507589
250.817	0.50928
250.865	0.512128
250.915	0.502789
250.964	0.508486
251.014	0.502251
251.062	0.511727
251.111	0.507086
251.16	0.509537
251.21	0.507579
251.259	0.507213
251.308	0.506094
251.357	0.508333
251.406	0.510688
251.455	0.510335
251.504	0.507879
251.553	0.508552
251.603	0.502464
251.652	0.510866
251.701	0.505042
251.751	0.506989
251.799	0.51592
251.848	0.507773
251.897	0.508334
251.947	0.500834
251.996	0.513688
252.045	0.511551
252.094	0.506497
252.143	0.51285
252.193	0.503301
252.242	0.509967
252.292	0.50589
252.34	0.513547
252.39	0.506832
252.439	0.506271
252.488	0.507879
252.537	0.512487
252.587	0.507498
252.636	0.505654
252.684	0.523731
252.733	0.506896
252.783	0.505845
252.832	0.509741
252.881	0.510484
252.931	0.508651
252.98	0.508011
253.029	0.508771
253.079	0.508935
253.127	0.514413
253.176	0.513131
253.226	0.506352
253.274	0.51564
253.324	0.507187
253.373	0.509963
253.422	0.511207
253.471	0.511411
253.521	0.506217
253.57	0.512527
253.619	0.510836
253.668	0.513104
253.718	0.507558
253.767	0.511026
253.816	0.513256
253.865	0.504794
253.914	0.520282
253.963	0.511129
254.013	0.503144
254.062	0.508137
254.111	0.518767
254.161	0.503683
254.209	0.517295
254.258	0.515414
254.308	0.500886
254.358	0.512743
254.407	0.508966
254.456	0.51545
254.505	0.506348
254.555	0.504593
254.605	0.512983
254.654	0.510989
254.703	0.515991
254.752	0.509062
254.802	0.509958
254.851	0.511564
254.9	0.510304
254.949	0.516664
254.999	0.507687
255.047	0.516915
255.098	0.502764
255.147	0.508968
255.196	0.518007
255.245	0.516004
255.294	0.507655
255.344	0.506809
255.393	0.515694
255.443	0.509942
255.492	0.516271
255.541	0.516037
255.59	0.505895
255.64	0.513962
255.689	0.510732
255.738	0.51068
255.788	0.508284
255.837	0.521668
255.886	0.511663
255.935	0.521462
255.984	0.513859
256.034	0.503381
256.083	0.515768
256.133	0.50713
256.182	0.519556
256.231	0.512306
256.281	0.508358
256.33	0.518536
256.379	0.517884
256.428	0.514255
256.477	0.515459
256.526	0.513007
256.575	0.515106
256.625	0.514456
256.674	0.518724
256.723	0.508214
256.772	0.521551
256.821	0.512904
256.87	0.51785
256.919	0.519076
256.969	0.510501
257.017	0.52037
257.067	0.50972
257.115	0.525391
257.164	0.51625
257.214	0.514799
257.263	0.5153
257.312	0.51749
257.361	0.514666
257.409	0.525164
257.459	0.511582
257.508	0.51492
257.557	0.520909
257.606	0.521861
257.655	0.51587
257.704	0.513059
257.753	0.516531
257.802	0.519203
257.852	0.513378
257.9	0.520691
257.95	0.510715
257.999	0.519397
258.048	0.51991
258.097	0.512228
258.145	0.529358
258.194	0.517834
258.243	0.517641
258.293	0.518065
258.342	0.516909
258.391	0.516951
258.44	0.518462
258.489	0.519731
258.538	0.51608
258.587	0.514899
258.636	0.520482
258.685	0.514451
258.734	0.518824
258.783	0.527362
258.832	0.51143
258.882	0.513687
258.93	0.52726
258.98	0.5127
259.028	0.520472
259.078	0.516546
259.127	0.519114
259.176	0.515734
259.225	0.521398
259.274	0.518467
259.323	0.518355
259.372	0.512961
259.422	0.515076
259.471	0.514365
259.52	0.523801
259.569	0.516237
259.618	0.513372
259.667	0.517082
259.716	0.522867
259.765	0.512588
259.814	0.518058
259.864	0.512344
259.913	0.520473
259.963	0.511197
260.011	0.520962
260.06	0.520866
260.109	0.516606
260.159	0.515803
260.208	0.516263
260.257	0.520835
260.306	0.515814
260.355	0.515079
260.404	0.52145
260.453	0.514541
260.502	0.519154
260.551	0.518329
260.602	0.508146
260.65	0.522504
260.7	0.511747
260.749	0.5173
260.798	0.515648
260.848	0.518142
260.896	0.520674
260.947	0.507325
260.996	0.517451
261.045	0.52235
261.094	0.514111
261.144	0.513147
261.193	0.518667
261.242	0.518631
261.292	0.512256
261.341	0.518363
261.39	0.521093
261.439	0.520876
261.489	0.50776
261.538	0.520521
261.587	0.520284
261.636	0.525302
261.685	0.514105
261.735	0.514358
261.784	0.518364
261.833	0.52428
261.882	0.518267
261.932	0.516368
261.981	0.521788
262.03	0.51527
262.08	0.515828
262.129	0.519593
262.177	0.525676
262.226	0.523547
262.276	0.511091
262.325	0.525905
262.374	0.521453
262.424	0.514238
262.472	0.524476
262.522	0.519264
262.571	0.519902
262.621	0.517037
262.669	0.532719
262.718	0.515049
262.767	0.523295
262.817	0.517121
262.865	0.52983
262.915	0.510345
262.964	0.531979
263.013	0.518645
263.063	0.516504
263.111	0.526852
263.16	0.525067
263.209	0.523993
263.258	0.519044
263.307	0.525044
263.357	0.519176
263.406	0.522246
263.455	0.523046
263.504	0.519478
263.553	0.526298
263.602	0.525722
263.651	0.520546
263.701	0.516831
263.749	0.529842
263.798	0.520927
263.848	0.518227
263.897	0.521934
263.946	0.526935
263.995	0.519421
264.045	0.519228
264.093	0.528848
264.143	0.517565
264.192	0.518642
264.241	0.530432
264.29	0.516498
264.34	0.523277
264.389	0.524293
264.438	0.519853
264.487	0.520306
264.536	0.525934
264.586	0.516636
264.635	0.524163
264.684	0.519101
264.733	0.522922
264.782	0.525099
264.832	0.516987
264.881	0.522242
264.93	0.527215
264.979	0.522543
265.029	0.520231
265.078	0.521688
265.127	0.519699
265.177	0.520309
265.226	0.521939
265.276	0.51633
265.325	0.523279
265.374	0.517895
265.423	0.523703
265.472	0.523336
265.522	0.520604
265.571	0.521266
265.62	0.528512
265.669	0.520991
265.719	0.522005
265.768	0.516764
265.817	0.529087
265.867	0.517049
265.916	0.522448
265.966	0.515149
266.014	0.531796
266.065	0.510193
266.113	0.530431
266.163	0.521445
266.212	0.526526
266.261	0.516802
266.311	0.521427
266.36	0.521895
266.409	0.526534
266.458	0.522979
266.507	0.52567
266.557	0.518403
266.606	0.530717
266.656	0.513536
266.705	0.528571
266.754	0.524804
266.803	0.520311
266.852	0.52623
266.902	0.520871
266.951	0.524232
267	0.528131
267.05	0.516612
267.099	0.532757
267.148	0.525891
267.198	0.51596
267.248	0.517985
267.296	0.533947
267.346	0.521671
267.394	0.528814
267.444	0.521554
267.493	0.523023
267.542	0.526484
267.591	0.528003
267.641	0.519081
267.69	0.527324
267.739	0.533155
267.789	0.516671
267.837	0.531435
267.886	0.531395
267.936	0.517441
267.985	0.529912
268.035	0.52089
268.084	0.527564
268.133	0.526479
268.182	0.523288
268.231	0.527735
268.28	0.52913
268.329	0.532573
268.378	0.522408
268.428	0.525981
268.478	0.517104
268.526	0.531463
268.576	0.522146
268.625	0.532648
268.674	0.523966
268.724	0.524808
268.773	0.527262
268.821	0.531252
268.871	0.519931
268.92	0.527026
268.97	0.517525
269.019	0.532887
269.068	0.529602
269.118	0.518953
269.167	0.526946
269.216	0.524912
269.266	0.521684
269.314	0.54271
269.364	0.521499
269.413	0.523528
269.462	0.527791
269.512	0.518223
269.561	0.536811
269.61	0.5218
269.66	0.528151
269.709	0.52446
269.758	0.524847
269.808	0.529352
269.857	0.525023
269.906	0.52905
269.955	0.53412
270.004	0.522966
270.053	0.532672
270.103	0.521479
270.152	0.526611
270.201	0.533427
270.25	0.530622
270.3	0.524081
270.348	0.535508
270.398	0.519889
270.448	0.524185
270.497	0.529353
270.546	0.529388
270.596	0.526626
270.644	0.531999
270.693	0.532127
270.743	0.521659
270.792	0.534858
270.841	0.525759
270.89	0.532733
270.94	0.52605
270.989	0.528292
271.038	0.529081
271.088	0.52843
271.137	0.52882
271.186	0.534473
271.236	0.521478
271.285	0.531379
271.333	0.533701
271.382	0.532267
271.432	0.524689
271.481	0.528877
271.53	0.533651
271.579	0.528366
271.628	0.535422
271.677	0.528355
271.727	0.52349
271.777	0.52532
271.826	0.529719
271.875	0.531479
271.924	0.529454
271.973	0.53266
272.022	0.53254
272.072	0.528175
272.121	0.52214
272.17	0.538632
272.22	0.519882
272.269	0.534335
272.318	0.529009
272.367	0.531696
272.417	0.525082
272.466	0.530936
272.515	0.533407
272.564	0.53327
272.613	0.528078
272.663	0.524785
272.711	0.537373
272.761	0.520871
272.81	0.533655
272.86	0.527225
272.909	0.533616
272.958	0.530678
273.007	0.536479
273.056	0.527256
273.105	0.530959
273.154	0.530045
273.204	0.526844
273.254	0.526258
273.303	0.526457
273.352	0.533308
273.401	0.535132
273.45	0.53311
273.499	0.532084
273.549	0.525021
273.598	0.531657
273.647	0.536986
273.696	0.528201
273.745	0.533918
273.795	0.525745
273.844	0.533295
273.893	0.530329
273.942	0.528088
273.992	0.52604
274.041	0.540456
274.09	0.527288
274.14	0.530178
274.188	0.538596
274.238	0.53069
274.287	0.526948
274.336	0.531305
274.386	0.533121
274.435	0.531112
274.484	0.536408
274.533	0.535613
274.582	0.525977
274.632	0.527173
274.68	0.54047
274.729	0.534894
274.779	0.528429
274.828	0.531442
274.878	0.532022
274.927	0.530697
274.977	0.527991
275.026	0.529177
275.074	0.540654
275.124	0.530344
275.173	0.528303
275.222	0.534942
275.272	0.524957
275.321	0.535554
275.37	0.538527
275.419	0.52901
275.469	0.531174
275.518	0.533112
275.568	0.527563
275.617	0.533972
275.665	0.540465
275.715	0.526217
275.764	0.534379
275.813	0.537596
275.862	0.534352
275.911	0.532252
275.962	0.521878
276.011	0.529442
276.061	0.530608
276.109	0.541259
276.158	0.538016
276.208	0.528849
276.257	0.533649
276.306	0.536781
276.355	0.531958
276.404	0.541063
276.454	0.528076
276.503	0.535838
276.551	0.538205
276.601	0.528904
276.65	0.535723
276.699	0.537526
276.749	0.531521
276.798	0.533105
276.847	0.535765
276.896	0.536861
276.946	0.522659
276.994	0.546174
277.044	0.526219
277.093	0.542033
277.142	0.535387
277.191	0.537809
277.24	0.53819
277.289	0.534688
277.338	0.532431
277.387	0.537924
277.437	0.533486
277.486	0.531635
277.535	0.539294
277.584	0.538568
277.633	0.534082
277.682	0.534745
277.731	0.540366
277.781	0.525713
277.83	0.540138
277.879	0.530137
277.928	0.538116
277.977	0.538839
278.026	0.542892
278.075	0.528337
278.125	0.531243
278.174	0.535244
278.223	0.539543
278.272	0.537579
278.321	0.530877
278.371	0.533942
278.419	0.541258
278.468	0.54299
278.517	0.53226
278.567	0.533894
278.616	0.534695
278.665	0.534401
278.714	0.539852
278.764	0.531305
278.813	0.536661
278.862	0.534761
278.91	0.54395
278.96	0.530853
279.009	0.536864
279.058	0.536216
279.108	0.529944
279.157	0.534482
279.206	0.535963
279.255	0.539684
279.304	0.536881
279.354	0.531447
279.403	0.536054
279.453	0.531865
279.502	0.53904
279.551	0.53598
279.6	0.536605
279.649	0.53645
279.699	0.529787
279.748	0.538317
279.797	0.537531
279.846	0.535021
279.895	0.540928
279.945	0.52606
279.994	0.545464
280.043	0.53237
280.092	0.5349
280.141	0.53908
280.191	0.535976
280.24	0.531891
280.289	0.541302
280.338	0.536595
280.388	0.535753
280.437	0.538184
280.486	0.536015
280.535	0.535946
280.584	0.540279
280.633	0.536341
280.683	0.533899
280.732	0.539723
280.782	0.529227
280.83	0.543325
280.88	0.536225
280.928	0.545137
280.978	0.533179
281.027	0.538398
281.076	0.533646
281.125	0.542973
281.174	0.537965
281.223	0.541965
281.272	0.540919
281.321	0.535185
281.371	0.534209
281.419	0.546685
281.469	0.532066
281.517	0.544907
281.567	0.535494
281.616	0.539349
281.665	0.532111
281.713	0.553238
281.763	0.535615
281.812	0.539501
281.861	0.541196
281.91	0.538947
281.959	0.538773
282.008	0.54227
282.057	0.538461
282.106	0.540661
282.155	0.538336
282.204	0.541317
282.253	0.537763
282.302	0.541671
282.351	0.538402
282.401	0.537459
282.449	0.542966
282.498	0.544532
282.547	0.538476
282.596	0.539526
282.645	0.546001
282.694	0.541789
282.743	0.537114
282.793	0.538103
282.841	0.545271
282.89	0.542093
282.939	0.538109
282.989	0.537472
283.038	0.53747
283.087	0.538217
283.136	0.545376
283.185	0.542433
283.234	0.539873
283.283	0.534796
283.331	0.552016
283.381	0.53829
283.43	0.541535
283.48	0.527924
283.528	0.548585
283.577	0.539279
283.627	0.533603
283.676	0.542372
283.725	0.539661
283.774	0.547542
283.823	0.535605
283.872	0.538867
283.922	0.540639
283.971	0.536574
284.02	0.547025
284.069	0.540184
284.117	0.54404
284.167	0.53971
284.216	0.540445
284.265	0.536613
284.314	0.541957
284.363	0.545026
284.412	0.54158
284.461	0.540153
284.511	0.538479
284.56	0.538915
284.61	0.531658
284.658	0.548558
284.707	0.543889
284.757	0.537607
284.806	0.537028
284.855	0.545379
284.904	0.544839
284.953	0.541157
285.002	0.540916