130.044	0.330809
130.091	0.329713
130.138	0.329886
130.185	0.332207
130.231	0.332652
130.278	0.334436
130.324	0.334259
130.371	0.329421
130.418	0.332408
130.465	0.332224
130.512	0.330077
130.558	0.339508
130.605	0.328353
130.652	0.331422
130.699	0.335677
130.746	0.331671
130.792	0.336189
130.839	0.340409
130.886	0.335203
130.933	0.335794
130.98	0.335608
131.027	0.335247
131.073	0.341417
131.12	0.335067
131.167	0.336461
131.214	0.331139
131.26	0.339334
131.307	0.338873
131.354	0.333708
131.4	0.340042
131.448	0.339404
131.494	0.343471
131.541	0.338777
131.588	0.34582
131.635	0.341582
131.681	0.343314
131.728	0.338962
131.775	0.34216
131.821	0.344297
131.869	0.333353
131.916	0.342212
131.962	0.342905
132.009	0.341815
132.056	0.341413
132.103	0.342992
132.15	0.341291
132.197	0.343877
132.243	0.345914
132.291	0.340109
132.338	0.34252
132.384	0.343524
132.431	0.344234
132.478	0.343651
132.525	0.340027
132.572	0.345746
132.619	0.339883
132.666	0.346147
132.713	0.347345
132.76	0.346591
132.807	0.345656
132.853	0.347011
132.9	0.344784
132.947	0.342249
132.994	0.345638
133.041	0.34445
133.088	0.343837
133.135	0.342727
133.182	0.350793
133.229	0.343736
133.275	0.350623
133.323	0.345601
133.369	0.354812
133.417	0.341781
133.463	0.35165
133.51	0.347688
133.556	0.354519
133.604	0.341481
133.651	0.348938
133.698	0.345979
133.745	0.348705
133.792	0.347124
133.839	0.346554
133.885	0.349584
133.932	0.350817
133.979	0.345882
134.026	0.350516
134.073	0.350914
134.12	0.348944
134.167	0.346399
134.214	0.35231
134.261	0.347281
134.308	0.353452
134.355	0.349004
134.402	0.35579
134.449	0.344515
134.496	0.353195
134.543	0.352427
134.589	0.355749
134.637	0.346709
134.684	0.351514
134.731	0.3525
134.778	0.351432
134.825	0.353188
134.872	0.353316
134.919	0.351319
134.966	0.354342
135.013	0.354501
135.06	0.354631
135.107	0.353511
135.154	0.355046
135.201	0.353524
135.248	0.353724
135.296	0.349853
135.342	0.358401
135.39	0.354581
135.437	0.356119
135.484	0.356325
135.531	0.356915
135.578	0.354951
135.624	0.363585
135.673	0.347573
135.72	0.359085
135.767	0.356058
135.814	0.358577
135.861	0.36218
135.908	0.358811
135.955	0.359007
136.003	0.355726
136.05	0.359565
136.098	0.352957
136.145	0.360012
136.191	0.367663
136.239	0.361888
136.286	0.360822
136.333	0.359353
136.38	0.359681
136.427	0.365869
136.475	0.358339
136.521	0.363368
136.569	0.359862
136.616	0.360304
136.663	0.363974
136.71	0.364553
136.757	0.365021
136.804	0.362579
136.851	0.3648
136.899	0.361866
136.946	0.364615
136.993	0.361226
137.04	0.36394
137.087	0.363677
137.135	0.359325
137.182	0.367075
137.229	0.363778
137.277	0.360499
137.323	0.372703
137.371	0.35969
137.417	0.371817
137.464	0.368337
137.512	0.365651
137.559	0.36229
137.607	0.366867
137.654	0.369218
137.701	0.365444
137.749	0.364391
137.795	0.375957
137.843	0.361742
137.89	0.367642
137.937	0.3702
137.984	0.370097
138.031	0.368299
138.078	0.369642
138.125	0.367511
138.172	0.370421
138.221	0.36169
138.268	0.368114
138.315	0.372145
138.362	0.36969
138.409	0.365931
138.456	0.371947
138.504	0.365538
138.552	0.36753
138.599	0.370215
138.646	0.373669
138.694	0.367159
138.741	0.370817
138.789	0.36521
138.836	0.366792
138.883	0.372706
138.93	0.373405
138.978	0.361963
139.025	0.374261
139.072	0.377181
139.12	0.3707
139.167	0.373968
139.215	0.369689
139.262	0.377111
139.31	0.366597
139.357	0.376853
139.404	0.371712
139.452	0.371532
139.499	0.371066
139.546	0.377924
139.594	0.371612
139.64	0.380199
139.688	0.372849
139.736	0.372241
139.783	0.373487
139.831	0.376292
139.878	0.376029
139.926	0.374708
139.973	0.379551
140.02	0.374473
140.068	0.373076
140.115	0.376542
140.163	0.374937
140.21	0.377102
140.257	0.375892
140.305	0.374821
140.353	0.374289
140.4	0.377131
140.447	0.378696
140.495	0.377924
140.542	0.38498
140.59	0.375766
140.638	0.373567
140.685	0.382898
140.732	0.378185
140.78	0.377466
140.827	0.377304
140.875	0.379884
140.922	0.384088
140.969	0.378423
141.017	0.380077
141.064	0.384046
141.112	0.377516
141.158	0.388849
141.207	0.375805
141.254	0.381895
141.301	0.383739
141.349	0.381214
141.397	0.376108
141.444	0.39045
141.492	0.380856
141.539	0.387521
141.587	0.380308
141.634	0.387601
141.681	0.381356
141.728	0.390091
141.777	0.375512
141.824	0.387588
141.872	0.385085
141.919	0.38491
141.967	0.382196
142.014	0.3876
142.062	0.383342
142.109	0.390774
142.157	0.381901
142.205	0.381945
142.252	0.389395
142.3	0.386632
142.347	0.388439
142.394	0.387245
142.442	0.385748
142.49	0.383218
142.537	0.387585
142.585	0.386597
142.633	0.385709
142.68	0.389326
142.727	0.387599
142.775	0.388727
142.823	0.386096
142.87	0.387175
142.918	0.38735
142.966	0.385614
143.014	0.385511
143.061	0.392891
143.108	0.38577
143.156	0.391359
143.203	0.386434
143.251	0.386156
143.299	0.38726
143.346	0.39357
143.394	0.386464
143.441	0.389876
143.489	0.388142
143.537	0.390159
143.585	0.388787
143.632	0.391958
143.68	0.38877
143.727	0.397169
143.775	0.386785
143.823	0.389557
143.871	0.391668
143.918	0.393813
143.966	0.390556
144.013	0.390669
144.061	0.389326
144.109	0.387935
144.156	0.390572
144.204	0.393913
144.251	0.398094
144.299	0.390782
144.347	0.394171
144.395	0.38978
144.443	0.394162
144.49	0.400181
144.538	0.398228
144.586	0.396584
144.633	0.398061
144.681	0.393438
144.729	0.397911
144.776	0.394524
144.824	0.393767
144.872	0.395331
144.92	0.400221
144.967	0.397848
145.016	0.395027
145.063	0.398755
145.111	0.399816
145.159	0.404356
145.207	0.395035
145.255	0.398606
145.302	0.40269
145.35	0.394828
145.398	0.393983
145.445	0.399713
145.493	0.397655
145.541	0.398949
145.589	0.394162
145.637	0.402691
145.684	0.401385
145.732	0.402494
145.78	0.399352
145.828	0.399081
145.876	0.398146
145.923	0.399897
145.971	0.399609
146.019	0.39851
146.067	0.397291
146.114	0.402376
146.162	0.397635
146.21	0.40191
146.257	0.403491
146.305	0.399728
146.353	0.39964
146.402	0.398044
146.449	0.409261
146.496	0.404207
146.544	0.403344
146.592	0.401488
146.639	0.404108
146.688	0.3981
146.736	0.400011
146.783	0.401343
146.831	0.401828
146.879	0.406672
146.926	0.407264
146.975	0.395014
147.022	0.412873
147.07	0.407661
147.118	0.400613
147.166	0.405013
147.214	0.400214
147.261	0.406498
147.309	0.405567
147.357	0.394609
147.405	0.403718
147.452	0.407338
147.501	0.396184
147.548	0.411906
147.597	0.397956
147.644	0.406454
147.692	0.40868
147.74	0.405781
147.788	0.401812
147.836	0.405176
147.884	0.399708
147.932	0.406105
147.98	0.396876
148.028	0.40666
148.076	0.40368
148.124	0.405297
148.171	0.408531
148.22	0.404737
148.267	0.410441
148.315	0.411272
148.363	0.407338
148.411	0.408464
148.459	0.408243
148.507	0.406605
148.554	0.409862
148.603	0.402187
148.65	0.412134
148.699	0.402112
148.747	0.407177
148.794	0.41221
148.842	0.413115
148.89	0.40566
148.938	0.410914
148.986	0.414149
149.034	0.413369
149.081	0.413508
149.13	0.408734
149.177	0.420512
149.225	0.413108
149.274	0.40477
149.321	0.4141
149.369	0.412795
149.417	0.403498
149.465	0.413342
149.513	0.41232
149.561	0.410078
149.608	0.416815
149.657	0.410085
149.704	0.419419
149.752	0.414343
149.801	0.407939
149.849	0.413333
149.897	0.412935
149.945	0.415017
149.992	0.417517
150.04	0.414364
150.087	0.419347
150.136	0.408972
150.184	0.413455
150.232	0.417238
150.279	0.421132
150.327	0.417727
150.376	0.414121
150.424	0.417619
150.471	0.416851
150.519	0.417808
150.568	0.409461
150.616	0.41142
150.664	0.416186
150.712	0.415822
150.76	0.414875
150.808	0.415744
150.855	0.417198
150.904	0.414175
150.952	0.411513
151	0.422909
151.048	0.417207
151.095	0.419769
151.143	0.417259
151.192	0.414964
151.24	0.412834
151.288	0.419126
151.335	0.415689
151.384	0.410036
151.432	0.414664
151.48	0.417796
151.529	0.412767
151.575	0.427349
151.624	0.412652
151.672	0.420441
151.72	0.419131
151.768	0.414414
151.816	0.420023
151.864	0.424757
151.912	0.413783
151.96	0.417146
152.008	0.423359
152.056	0.41435
152.105	0.416111
152.153	0.42082
152.2	0.424725
152.249	0.421187
152.297	0.420228
152.345	0.423362
152.393	0.42166
152.44	0.428007
152.489	0.416593
152.537	0.41811
152.585	0.41955
152.633	0.423043
152.681	0.419715
152.729	0.421036
152.777	0.417553
152.825	0.420855
152.873	0.421197
152.922	0.420602
152.97	0.422111
153.017	0.422566
153.065	0.420683
153.114	0.417965
153.161	0.421576
153.21	0.417939
153.258	0.419249
153.305	0.425552
153.354	0.418696
153.402	0.425032
153.449	0.427428
153.497	0.424304
153.546	0.418856
153.594	0.42552
153.642	0.42727
153.69	0.422473
153.738	0.427808
153.787	0.423519
153.835	0.425876
153.882	0.430213
153.931	0.421866
153.979	0.428102
154.027	0.422715
154.076	0.420567
154.124	0.429715
154.172	0.4259
154.22	0.422194
154.268	0.422683
154.316	0.425965
154.364	0.426818
154.413	0.419845
154.46	0.430682
154.509	0.424602
154.557	0.423852
154.605	0.425277
154.653	0.427834
154.701	0.423587
154.749	0.427176
154.798	0.422615
154.846	0.426405
154.894	0.422323
154.942	0.424084
154.99	0.428769
155.038	0.425624
155.086	0.423284
155.135	0.423468
155.183	0.431741
155.231	0.421767
155.28	0.426988
155.327	0.431661
155.375	0.429689
155.424	0.425497
155.472	0.426222
155.52	0.42983
155.568	0.42803
155.617	0.426664
155.665	0.427519
155.712	0.436012
155.761	0.426528
155.809	0.429994
155.857	0.435948
155.906	0.42628
155.954	0.428957
156.002	0.435601
156.051	0.420889
156.098	0.439143
156.147	0.426986
156.195	0.427619
156.243	0.429907
156.291	0.43952
156.34	0.427763
156.388	0.434404
156.436	0.432902
156.484	0.437099
156.532	0.429794
156.58	0.432298
156.629	0.430026
156.677	0.42922
156.726	0.427783
156.774	0.430653
156.822	0.431818
156.87	0.438372
156.918	0.432158
156.966	0.437824
157.015	0.431596
157.063	0.435342
157.111	0.44556
157.16	0.430774
157.208	0.432209
157.256	0.442681
157.304	0.434528
157.353	0.428221
157.401	0.435866
157.449	0.430828
157.497	0.437059
157.546	0.43236
157.594	0.436029
157.642	0.436345
157.69	0.438399
157.738	0.435295
157.787	0.433082
157.835	0.437546
157.883	0.433592
157.931	0.439004
157.98	0.434161
158.027	0.44054
158.076	0.431813
158.124	0.438814
158.173	0.429763
158.221	0.441494
158.269	0.442221
158.317	0.439118
158.366	0.436682
158.414	0.442724
158.462	0.438456
158.511	0.437833
158.559	0.44136
158.607	0.435087
158.656	0.434341
158.704	0.439999
158.752	0.435218
158.801	0.439227
158.848	0.446739
158.897	0.437324
158.945	0.443054
158.993	0.448318
159.042	0.440295
159.09	0.444995
159.139	0.438046
159.187	0.44663
159.235	0.443058
159.283	0.446416
159.331	0.445135
159.38	0.437672
159.428	0.44883
159.476	0.445249
159.525	0.441114
159.573	0.448586
159.621	0.442023
159.67	0.443352
159.718	0.447033
159.767	0.442806
159.815	0.446523
159.863	0.444943
159.912	0.442326
159.961	0.441238
160.008	0.454501
160.056	0.444443
160.105	0.445956
160.154	0.443353
160.202	0.451816
160.25	0.443763
160.299	0.447208
160.347	0.455234
160.396	0.45193
160.444	0.456444
160.492	0.451884
160.54	0.455208
160.589	0.447599
160.637	0.456369
160.685	0.450282
160.734	0.452336
160.782	0.45056
160.831	0.451961
160.879	0.45352
160.928	0.448596
160.975	0.459249
161.025	0.443184
161.073	0.456464
161.12	0.458433
161.169	0.450553
161.217	0.454418
161.265	0.449131
161.314	0.452925
161.362	0.448886
161.411	0.449609
161.459	0.451163
161.508	0.454062
161.556	0.451764
161.604	0.460728
161.653	0.454023
161.701	0.458596
161.748	0.459029
161.798	0.446924
161.846	0.453045
161.895	0.448461
161.942	0.456181
161.99	0.453383
162.039	0.450005
162.088	0.448667
162.136	0.456199
162.184	0.449749
162.233	0.45159
162.281	0.451448
162.329	0.457655
162.378	0.454469
162.427	0.448116
162.475	0.454506
162.523	0.454672
162.571	0.454997
162.619	0.45287
162.668	0.450226
162.716	0.459359
162.765	0.448348
162.813	0.452438
162.862	0.457797
162.91	0.451929
162.958	0.464725
163.006	0.455783
163.055	0.456075
163.104	0.451098
163.151	0.458642
163.2	0.454076
163.249	0.447332
163.296	0.455319
163.345	0.448652
163.393	0.458614
163.441	0.459735
163.49	0.452939
163.538	0.459414
163.587	0.458951
163.636	0.456082
163.683	0.464729
163.732	0.45318
163.781	0.452388
163.829	0.456223
163.877	0.453843
163.926	0.443931
163.974	0.446228
164.022	0.45272
164.071	0.453273
164.119	0.453773
164.167	0.460217
164.216	0.457207
164.264	0.459486
164.313	0.45923
164.362	0.459237
164.41	0.465694
164.458	0.45928
164.507	0.447946
164.555	0.451718
164.602	0.450722
164.651	0.442568
164.699	0.455411
164.747	0.456599
164.796	0.453638
164.844	0.462202
164.892	0.461143
164.94	0.464755
164.989	0.461066
165.037	0.46658
165.086	0.453717
165.134	0.457421
165.182	0.455867
165.23	0.453759
165.278	0.460183
165.327	0.457214
165.375	0.456881
165.424	0.46075
165.472	0.465535
165.52	0.463221
165.568	0.467535
165.617	0.466802
165.665	0.464614
165.713	0.461908
165.762	0.452935
165.81	0.460313
165.858	0.45219
165.907	0.458114
165.955	0.461308
166.003	0.469459
166.051	0.46142
166.1	0.461287
166.148	0.465722
166.196	0.474319
166.245	0.456835
166.294	0.456488
166.342	0.457228
166.39	0.455993
166.438	0.455385
166.487	0.454707
166.535	0.462594
166.584	0.457506
166.632	0.467941
166.68	0.46675
166.728	0.464154
166.777	0.46513
166.825	0.460999
166.874	0.459443
166.922	0.460565
166.971	0.456508
167.019	0.464018
167.067	0.464066
167.116	0.453881
167.163	0.467941
167.212	0.463472
167.26	0.462199
167.308	0.468388
167.357	0.46131
167.405	0.467262
167.454	0.457489
167.502	0.464145
167.55	0.468171
167.599	0.454416
167.647	0.460896
167.695	0.455762
167.744	0.455388
167.791	0.466044
167.84	0.453089
167.889	0.457879
167.937	0.462841
167.985	0.465014
168.033	0.462337
168.082	0.459186
168.13	0.463718
168.179	0.453508
168.227	0.466716
168.275	0.467337
168.323	0.462542
168.371	0.461502
168.42	0.458958
168.468	0.468603
168.517	0.463977
168.565	0.466361
168.612	0.473132
168.661	0.460585
168.709	0.471034
168.758	0.463822
168.805	0.475227
168.853	0.468753
168.902	0.45863
168.95	0.466398
168.999	0.46343
169.047	0.468696
169.095	0.469829
169.143	0.465037
169.191	0.47142
169.239	0.470833
169.288	0.465073
169.336	0.467073
169.384	0.472592
169.432	0.468464
169.481	0.466428
169.529	0.473988
169.577	0.464532
169.625	0.47283
169.673	0.471574
169.722	0.471517
169.77	0.471687
169.818	0.472969
169.866	0.474654
169.914	0.470335
169.962	0.47483
170.011	0.466791
170.059	0.476182
170.107	0.470926
170.155	0.469102
170.203	0.472925
170.251	0.478379
170.3	0.467136
170.348	0.472894
170.396	0.477258
170.444	0.473188
170.492	0.478633
170.54	0.470212
170.588	0.478906
170.637	0.467526
170.685	0.479632
170.733	0.469469
170.781	0.474758
170.83	0.47238
170.878	0.473305
170.926	0.479615
170.974	0.474135
171.022	0.478389
171.07	0.475863
171.118	0.474601
171.167	0.474032
171.215	0.473938
171.262	0.480818
171.311	0.471767
171.359	0.475749
171.407	0.475964
171.455	0.479723
171.503	0.474069
171.551	0.474298
171.599	0.477399
171.648	0.475115
171.696	0.480595
171.744	0.4755
171.792	0.477961
171.84	0.476748
171.888	0.475984
171.937	0.474424
171.985	0.477135
172.033	0.477069
172.081	0.475847
172.13	0.472637
172.178	0.476594
172.226	0.482793
172.274	0.479018
172.322	0.477553
172.37	0.480618
172.419	0.472353
172.467	0.480388
172.515	0.480209
172.563	0.476075
172.612	0.474998
172.66	0.484896
172.708	0.479946
172.757	0.47353
172.804	0.483675
172.852	0.491303
172.901	0.472949
172.949	0.480496
172.997	0.483507
173.045	0.48237
173.093	0.481959
173.141	0.480755
173.19	0.481154
173.238	0.480473
173.286	0.482405
173.334	0.476987
173.382	0.483019
173.431	0.483252
173.479	0.481329
173.527	0.484894
173.575	0.487007
173.623	0.487358
173.672	0.476751
173.719	0.490828
173.768	0.479136
173.816	0.485047
173.864	0.479035
173.912	0.484202
173.96	0.482917
174.009	0.482597
174.057	0.482482
174.105	0.483772
174.153	0.488357
174.202	0.477916
174.249	0.489393
174.297	0.487209
174.345	0.489808
174.393	0.486282
174.442	0.482208
174.49	0.486238
174.538	0.484925
174.586	0.486317
174.634	0.484324
174.683	0.480206
174.731	0.484327
174.779	0.492457
174.827	0.487957
174.876	0.482579
174.924	0.4885
174.973	0.48203
175.021	0.49177
175.069	0.489908
175.117	0.485312
175.165	0.485954
175.214	0.483438
175.262	0.487501
175.311	0.481586
175.359	0.48402
175.407	0.490905
175.455	0.493741
175.504	0.483577
175.552	0.488483
175.6	0.491909
175.649	0.485186
175.697	0.493117
175.745	0.487861
175.793	0.488132
175.842	0.481735
175.89	0.493721
175.939	0.482622
175.987	0.491681
176.036	0.484443
176.084	0.491583
176.132	0.485447
176.181	0.493164
176.229	0.492748
176.276	0.498533
176.325	0.491359
176.373	0.488415
176.422	0.488255
176.471	0.48885
176.518	0.495848
176.567	0.490654
176.615	0.488158
176.663	0.495429
176.712	0.489018
176.76	0.496547
176.808	0.489867
176.857	0.492234
176.905	0.496496
176.953	0.496353
177.001	0.495234
177.05	0.493181
177.098	0.493784
177.146	0.503014
177.195	0.486939
177.243	0.498561
177.291	0.489549
177.339	0.497932
177.388	0.494411
177.436	0.496601
177.484	0.496395
177.532	0.502596
177.581	0.496726
177.629	0.497002
177.677	0.500909
177.725	0.499148
177.774	0.496254
177.822	0.496637
177.87	0.501466
177.918	0.498354
177.966	0.498008
178.014	0.499776
178.062	0.499999
178.11	0.502425
178.159	0.499729
178.207	0.497821
178.256	0.496679
178.304	0.505007
178.352	0.497559
178.4	0.506696
178.448	0.496965
178.497	0.49745
178.545	0.495813
178.593	0.504186
178.641	0.498453
178.689	0.502356
178.738	0.492397
178.787	0.497808
178.835	0.502769
178.883	0.503273
178.932	0.494489
178.98	0.503736
179.028	0.503603
179.076	0.499795
179.125	0.497527
179.173	0.507816
179.221	0.496823
179.27	0.492098
179.317	0.514313
179.366	0.4919
179.414	0.50456
179.462	0.506368
179.511	0.491701
179.559	0.510203
179.608	0.492349
179.656	0.50986
179.704	0.503558
179.753	0.500596
179.801	0.503321
179.849	0.504841
179.898	0.496344
179.946	0.50284
179.995	0.49789
180.043	0.503545
180.091	0.510591
180.14	0.49869
180.188	0.506636
180.236	0.507998
180.285	0.499516
180.333	0.503219
180.382	0.504504
180.43	0.505453
180.478	0.500579
180.526	0.509105
180.575	0.496491
180.624	0.501354
180.672	0.501307
180.72	0.510988
180.768	0.507371
180.818	0.495275
180.866	0.513282
180.914	0.503422
180.963	0.505221
181.011	0.506912
181.059	0.508614
181.108	0.500261
181.157	0.495138
181.205	0.507468
181.253	0.506868
181.302	0.503521
181.351	0.500299
181.399	0.506122
181.447	0.506787
181.496	0.506182
181.544	0.508359
181.593	0.504275
181.641	0.510294
181.69	0.505545
181.738	0.50662
181.787	0.499566
181.835	0.509376
181.885	0.498741
181.933	0.508265
181.981	0.505295
182.029	0.514672
182.078	0.503327
182.127	0.505271
182.176	0.507704
182.224	0.509296
182.273	0.510256
182.321	0.507607
182.37	0.507276
182.418	0.510953
182.467	0.501853
182.515	0.514659
182.563	0.507059
182.612	0.507302
182.661	0.506889
182.709	0.513293
182.758	0.503773
182.806	0.517039
182.854	0.522748
182.903	0.50016
182.952	0.508516
183	0.523108
183.05	0.497438
183.097	0.522348
183.146	0.508093
183.194	0.514387
183.242	0.512721
183.29	0.5202
183.339	0.507785
183.387	0.518864
183.436	0.511352
183.484	0.519286
183.533	0.50952
183.581	0.523609
183.63	0.511724
183.678	0.513726
183.726	0.519816
183.775	0.514815
183.823	0.513825
183.871	0.521147
183.919	0.516447
183.968	0.515978
184.016	0.514551
184.065	0.515379
184.113	0.516592
184.161	0.524702
184.209	0.518959
184.257	0.520855
184.306	0.511231
184.354	0.522894
184.402	0.521997
184.451	0.513082
184.499	0.512742
184.548	0.518508
184.596	0.510658
184.644	0.51933
184.693	0.5186
184.74	0.521631
184.789	0.516365
184.838	0.512334
184.886	0.521791
184.935	0.51089
184.983	0.517865
185.032	0.515151
185.08	0.52026
185.128	0.515026
185.176	0.518399
185.225	0.511392
185.273	0.515389
185.321	0.522445
185.37	0.513387
185.418	0.51912
185.466	0.521765
185.515	0.51597
185.563	0.521745
185.612	0.510308
185.66	0.517378
185.709	0.513292
185.758	0.510579
185.806	0.519185
185.854	0.517333
185.903	0.516138
185.951	0.521023
185.999	0.51367
186.048	0.518061
186.096	0.514673
186.145	0.519421
186.193	0.516563
186.242	0.516028
186.29	0.5159
186.338	0.519823
186.387	0.512699
186.435	0.517364
186.484	0.511856
186.533	0.513918
186.582	0.51241
186.63	0.515581
186.678	0.522049
186.727	0.514626
186.776	0.509906
186.824	0.519873
186.873	0.519491
186.921	0.519867
186.97	0.518952
187.018	0.514165
187.067	0.515044
187.116	0.514965
187.164	0.519976
187.213	0.509903
187.261	0.522124
187.31	0.517094
187.358	0.526221
187.407	0.52001
187.455	0.518854
187.504	0.524459
187.553	0.517232
187.602	0.514743
187.65	0.525196
187.699	0.513848
187.748	0.518859
187.796	0.522747
187.845	0.519087
187.893	0.5282
187.942	0.519367
187.991	0.52077
188.04	0.522426
188.088	0.520838
188.137	0.523044
188.186	0.517901
188.234	0.528834
188.283	0.520339
188.332	0.520434
188.381	0.522728
188.43	0.520704
188.478	0.52565
188.526	0.527399
188.576	0.51918
188.624	0.522121
188.673	0.529577
188.722	0.523075
188.77	0.526156
188.819	0.524155
188.868	0.52457
188.917	0.520222
188.966	0.523149
189.014	0.527601
189.063	0.526679
189.112	0.518751
189.16	0.532404
189.209	0.528667
189.258	0.518424
189.306	0.531353
189.356	0.517719
189.405	0.521909
189.453	0.536931
189.502	0.524457
189.55	0.535509
189.6	0.518656
189.648	0.525082
189.697	0.527935
189.746	0.519281
189.795	0.528193
189.843	0.52949
189.892	0.529997
189.94	0.530038
189.989	0.527292
190.038	0.525333
190.087	0.5247
190.136	0.530473
190.185	0.526496
190.233	0.536206
190.282	0.523551
190.332	0.523412
190.38	0.528186
190.429	0.535619
190.478	0.521765
190.526	0.538103
190.576	0.524893
190.624	0.534599
190.673	0.533959
190.722	0.53065
190.77	0.534644
190.819	0.530873
190.868	0.526648
190.917	0.534981
190.966	0.532768
191.014	0.533076
191.063	0.536872
191.112	0.531722
191.161	0.52601
191.21	0.532326
191.258	0.541449
191.308	0.527852
191.356	0.543398
191.405	0.533182
191.454	0.529913
191.502	0.545039
191.551	0.534637
191.6	0.535844
191.648	0.534357
191.697	0.536115
191.746	0.533321
191.795	0.53545
191.843	0.538695
191.892	0.536697
191.941	0.533049
191.989	0.540964
192.038	0.540504
192.087	0.534758
192.136	0.534606
192.185	0.537592
192.233	0.542735
192.282	0.535222
192.331	0.531679
192.379	0.539466
192.428	0.532889
192.477	0.535634
192.526	0.535559
192.574	0.537119
192.623	0.543881
192.671	0.537106
192.72	0.542312
192.769	0.534803
192.818	0.535997
192.866	0.546402
192.916	0.531032
192.964	0.539745
193.012	0.544405
193.061	0.531847
193.11	0.536953
193.159	0.536529
193.208	0.534205
193.257	0.536688
193.306	0.531855
193.354	0.544316
193.403	0.539458
193.452	0.535715
193.501	0.533275
193.55	0.538099
193.598	0.544994
193.647	0.534935
193.697	0.528781
193.744	0.547743
193.793	0.540492
193.842	0.532884
193.891	0.541091
193.94	0.540716
193.988	0.540442
194.037	0.543651
194.087	0.531026
194.135	0.548356
194.183	0.54547
194.233	0.534912
194.281	0.549797
194.33	0.536996
194.379	0.537695
194.427	0.54407
194.477	0.533529
194.525	0.553216
194.574	0.538253
194.622	0.551367
194.671	0.542639
194.719	0.548743
194.768	0.542971
194.816	0.553524
194.865	0.544782
194.914	0.548164
194.963	0.541623
195.011	0.548531
195.06	0.549902
195.108	0.554088
195.157	0.539157
195.205	0.554098
195.254	0.547645
195.302	0.550685
195.35	0.555724
195.399	0.546679
195.448	0.550548
195.496	0.550333
195.545	0.551663
195.593	0.551683
195.641	0.555014
195.689	0.555232
195.738	0.550952
195.786	0.549341
195.835	0.551646
195.883	0.551567
195.932	0.550017
195.98	0.550226
196.028	0.553101
196.076	0.557162
196.125	0.552383
196.173	0.549636
196.221	0.559178
196.27	0.553006
196.318	0.550943
196.366	0.55064
196.415	0.551331
196.463	0.553226
196.512	0.544313
196.559	0.562696
196.608	0.542617
196.656	0.563376
196.705	0.542458
196.753	0.559871
196.802	0.548075
196.85	0.558543
196.898	0.555173
196.946	0.551934
196.995	0.547223
197.044	0.549609
197.092	0.550918
197.14	0.552068
197.189	0.549606
197.237	0.553441
197.286	0.549728
197.334	0.553403
197.382	0.547679
197.431	0.552712
197.48	0.540866
197.528	0.555081
197.577	0.548875
197.625	0.551167
197.674	0.547137
197.722	0.553416
197.771	0.546882
197.819	0.553283
197.868	0.543729
197.916	0.544886
197.965	0.54654
198.014	0.547345
198.062	0.554961
198.111	0.547569
198.159	0.555204
198.208	0.544906
198.256	0.551088
198.305	0.547275
198.354	0.549623
198.402	0.552333
198.45	0.549512
198.499	0.546708
198.547	0.555367
198.596	0.550111
198.645	0.5471
198.693	0.551633
198.742	0.548099
198.791	0.550136
198.839	0.553905
198.888	0.554274
198.937	0.547787
198.985	0.55477
199.034	0.552328
199.082	0.55508
199.13	0.559966
199.18	0.546295
199.228	0.556178
199.277	0.552563
199.325	0.56077
199.374	0.553503
199.422	0.55859
199.471	0.555819
199.519	0.558412
199.568	0.553129
199.616	0.559174
199.665	0.555721
199.713	0.566137
199.761	0.563573
199.81	0.551367
199.858	0.559691
199.907	0.557602
199.955	0.558345
200.004	0.562498
200.052	0.564377
200.1	0.558656
200.148	0.568038
200.197	0.554414
200.246	0.555551
200.294	0.571306
200.342	0.556914
200.391	0.558636
200.439	0.567175
200.487	0.560856
200.535	0.566146
200.584	0.55787
200.632	0.560074
200.681	0.561892
200.729	0.564726
200.778	0.559304
200.826	0.563803
200.874	0.564395
200.922	0.562779
200.971	0.563349
201.019	0.559006
201.068	0.562028
201.116	0.56712
201.165	0.554838
201.213	0.566465
201.262	0.555102
201.31	0.568914
201.359	0.55623
201.407	0.564208
201.455	0.562944
201.504	0.562008
201.552	0.564086
201.6	0.567764
201.649	0.555847
201.698	0.556137
201.746	0.560722
201.795	0.565523
201.843	0.556234
201.891	0.567772
201.94	0.554248
201.988	0.567884
202.037	0.556417
202.085	0.563172
202.134	0.561106
202.183	0.560601
202.231	0.566214
202.28	0.557037
202.328	0.568313
202.377	0.556928
202.425	0.562216
202.474	0.564758
202.523	0.557855
202.57	0.567709
202.619	0.558607
202.668	0.557981
202.717	0.558602
202.765	0.560911
202.813	0.568546
202.861	0.567434
202.911	0.552641
202.96	0.558401
203.007	0.571747
203.057	0.554075
203.105	0.557766
203.153	0.569283
203.201	0.566315
203.251	0.551071
203.299	0.565506
203.348	0.561873
203.396	0.562503
203.445	0.562277
203.494	0.560071
203.542	0.559715
203.591	0.568523
203.639	0.560353
203.688	0.562552
203.737	0.559916
203.785	0.559361
203.833	0.568888
203.882	0.559811
203.931	0.565763
203.979	0.563412
204.027	0.565318
204.076	0.560614
204.124	0.565934
204.173	0.559435
204.222	0.562288
204.27	0.56752
204.319	0.564173
204.367	0.567534
204.415	0.56937
204.464	0.559883
204.513	0.567444
204.562	0.561522
204.61	0.572028
204.658	0.569581
204.707	0.566791
204.755	0.572015
204.804	0.562756
204.853	0.556975
204.901	0.572027
204.949	0.57507
204.998	0.57083
205.046	0.566237
205.095	0.563139
205.144	0.571565
205.192	0.573553
205.24	0.572167
205.289	0.561677
205.338	0.567626
205.386	0.566732
205.435	0.561321
205.483	0.570314
205.532	0.571447
205.581	0.562215
205.629	0.569355
205.678	0.567737
205.726	0.57017
205.775	0.560742
205.824	0.564577
205.873	0.564906
205.921	0.572726
205.969	0.572748
206.018	0.556434
206.067	0.567899
206.116	0.562515
206.164	0.575984
206.213	0.562454
206.262	0.5629
206.31	0.571531
206.359	0.561026
206.408	0.56893
206.457	0.562036
206.505	0.565758
206.554	0.567979
206.603	0.568481
206.652	0.565746
206.7	0.574199
206.749	0.564294
206.797	0.572848
206.846	0.564406
206.895	0.562577
206.944	0.565346
206.993	0.572773
207.042	0.563879
207.091	0.562135
207.139	0.573394
207.189	0.561585
207.237	0.573225
207.286	0.57128
207.334	0.569621
207.383	0.57541
207.432	0.56151
207.481	0.577631
207.529	0.573074
207.578	0.568631
207.627	0.575478
207.675	0.577821
207.724	0.573886
207.773	0.571636
207.821	0.57678
207.869	0.58285
207.918	0.572611
207.967	0.569628
208.016	0.5808
208.065	0.569264
208.113	0.582592
208.162	0.572217
208.21	0.576019
208.258	0.581568
208.308	0.566032
208.356	0.583559
208.405	0.575706
208.453	0.584346
208.502	0.570973
208.55	0.587522
208.599	0.574763
208.647	0.580548
208.696	0.570193
208.744	0.585505
208.793	0.570465
208.841	0.582578
208.889	0.587133
208.939	0.563095
208.987	0.591815
209.036	0.571173
209.084	0.587677
209.133	0.574773
209.181	0.584366
209.229	0.576727
209.278	0.574918
209.327	0.57789
209.375	0.572933
209.423	0.583108
209.473	0.563702
209.521	0.58295
209.57	0.574846
209.618	0.58397
209.667	0.572602
209.716	0.581258
209.764	0.577136
209.814	0.571358
209.861	0.58642
209.91	0.578899
209.959	0.57207
210.007	0.580357
210.056	0.572471
210.105	0.573251
210.154	0.569692
210.202	0.577704
210.251	0.57974
210.299	0.577154
210.349	0.57194
210.397	0.588768
210.446	0.574179
210.495	0.575731
210.543	0.583392
210.591	0.589132
210.64	0.573496
210.689	0.579517
210.738	0.582579
210.787	0.57567
210.835	0.581819
210.885	0.574728
210.932	0.593644
210.981	0.57908
211.03	0.576632
211.079	0.587239
211.128	0.570045
211.177	0.585452
211.226	0.584183
211.275	0.580181
211.323	0.585169
211.372	0.577307
211.421	0.589808
211.47	0.575427
211.518	0.590946
211.567	0.580148
211.616	0.583768
211.666	0.579728
211.714	0.592232
211.763	0.579249
211.812	0.590334
211.861	0.583778
211.91	0.583662
211.958	0.588643
212.008	0.581755
212.057	0.583775
212.105	0.588291
212.154	0.584621
212.204	0.583261
212.252	0.594905
212.301	0.582153
212.35	0.583031
212.399	0.587542
212.448	0.590829
212.497	0.58572
212.546	0.578441
212.595	0.585896
212.644	0.590717
212.693	0.585498
212.742	0.588038
212.792	0.579652
212.841	0.579749
212.89	0.590412
212.939	0.590024
212.988	0.590932
213.037	0.585909
213.086	0.584128
213.135	0.591992
213.184	0.586877
213.233	0.580438
213.283	0.586755
213.331	0.591564
213.38	0.592195
213.43	0.578826
213.479	0.587405
213.528	0.586225
213.576	0.596581
213.626	0.583847
213.675	0.590336
213.724	0.583493
213.773	0.588239
213.822	0.59513
213.871	0.595064
213.92	0.588599
213.969	0.596188
214.018	0.58271
214.067	0.595917
214.115	0.597585
214.164	0.592033
214.213	0.591206
214.262	0.593095
214.311	0.589897
214.36	0.599477
214.409	0.598185
214.458	0.595748
214.506	0.598093
214.555	0.597892
214.604	0.590813
214.653	0.600695
214.702	0.589373
214.751	0.595207
214.8	0.593958
214.848	0.600799
214.897	0.598882
214.946	0.590603
214.994	0.603337
215.043	0.598036
215.092	0.599371
215.141	0.593279
215.189	0.602708
215.238	0.602391
215.286	0.60678
215.335	0.587448
215.384	0.599967
215.433	0.595368
215.482	0.593008
215.53	0.597713
215.578	0.60027
215.627	0.597996
215.676	0.595776
215.724	0.595312
215.773	0.601861
215.821	0.599651
215.871	0.587497
215.919	0.601863
215.967	0.599951
216.017	0.58833
216.065	0.597337
216.114	0.592135
216.163	0.598673
216.211	0.599526
216.26	0.595843
216.309	0.596557
216.358	0.586126
216.407	0.602935
216.455	0.595573
216.504	0.595692
216.553	0.600651
216.602	0.596635
216.65	0.602166
216.699	0.596409
216.748	0.5893
216.796	0.605494
216.845	0.595869
216.894	0.593852
216.943	0.594051
216.992	0.600101
217.041	0.594422
217.089	0.599256
217.138	0.600211
217.187	0.594799
217.236	0.597959
217.285	0.59507
217.333	0.60625
217.381	0.601891
217.43	0.592317
217.479	0.595905
217.528	0.594624
217.577	0.601373
217.626	0.589116
217.675	0.60003
217.724	0.595626
217.773	0.59537
217.822	0.599776
217.87	0.603884
217.919	0.606974
217.968	0.592676
218.017	0.607874
218.066	0.600769
218.115	0.597945
218.164	0.602679
218.213	0.602035
218.262	0.598561
218.31	0.605419
218.359	0.599598
218.408	0.605053
218.457	0.597239
218.506	0.602686
218.555	0.60071
218.604	0.600758
218.654	0.599057
218.702	0.60783
218.752	0.595771
218.8	0.606893
218.849	0.605909
218.898	0.606464
218.947	0.600579
218.996	0.60126
219.045	0.593498
219.094	0.606628
219.143	0.598804
219.192	0.604634
219.24	0.606046
219.289	0.60413
219.338	0.602029
219.387	0.602971
219.436	0.60806
219.485	0.604244
219.533	0.612351
219.583	0.600598
219.632	0.604592
219.681	0.603389
219.73	0.601622
219.779	0.607359
219.828	0.606989
219.876	0.611785
219.925	0.608535
219.974	0.600205
220.023	0.615256
220.071	0.611638
220.12	0.610119
220.169	0.601305
220.217	0.618235
220.267	0.599923
220.316	0.611179
220.365	0.606881
220.413	0.61247
220.462	0.604225
220.511	0.605078
220.56	0.615796
220.609	0.607128
220.658	0.599541
220.706	0.617421
220.755	0.609225
220.804	0.613036
220.853	0.604263
220.901	0.61275
220.95	0.603953
220.999	0.603323
221.048	0.604326
221.096	0.615153
221.146	0.599061
221.195	0.602534
221.243	0.609501
221.292	0.607591
221.341	0.610552
221.39	0.606741
221.439	0.606312
221.487	0.611122
221.537	0.603569
221.586	0.605181
221.635	0.605337
221.683	0.6108
221.733	0.598921
221.781	0.612358
221.829	0.612946
221.879	0.604171
221.928	0.607374
221.977	0.605966
222.026	0.605106
222.075	0.609628
222.123	0.609556
222.173	0.597825
222.221	0.612606
222.27	0.608411
222.319	0.609602
222.368	0.59941
222.418	0.598615
222.466	0.617506
222.515	0.600561
222.564	0.605546
222.613	0.60687
222.663	0.597911
222.712	0.606938
222.761	0.610856
222.811	0.600232
222.859	0.619459
222.908	0.606137
222.957	0.612716
223.006	0.6071
223.056	0.603192
223.104	0.616011
223.154	0.605013
223.203	0.606384
223.251	0.620518
223.301	0.605442
223.35	0.608929
223.399	0.613131
223.448	0.613225
223.498	0.607388
223.546	0.618571
223.596	0.609252
223.645	0.618679
223.694	0.612182
223.742	0.620549
223.792	0.608768
223.84	0.621463
223.89	0.607295
223.939	0.613131
223.989	0.607508
224.037	0.625435
224.086	0.61362
224.135	0.610597
224.184	0.616975
224.233	0.612149
224.282	0.615
224.331	0.622368
224.38	0.6119
224.429	0.615271
224.478	0.617776
224.526	0.624193
224.576	0.606688
224.624	0.624666
224.673	0.614211
224.723	0.615772
224.772	0.618439
224.821	0.608966
224.87	0.622653
224.918	0.626719
224.967	0.619697
225.016	0.624248
225.065	0.619467
225.114	0.616421
225.163	0.619402
225.212	0.611526
225.26	0.635318
225.309	0.6074
225.358	0.618547
225.407	0.620449
225.456	0.61976
225.505	0.612072
225.554	0.628853
225.602	0.624031
225.651	0.621819
225.7	0.612659
225.749	0.62583
225.798	0.616743
225.847	0.616693
225.896	0.621781
225.944	0.624322
225.994	0.614407
226.043	0.612322
226.092	0.621773
226.14	0.622159
226.19	0.612188
226.238	0.626187
226.287	0.608167
226.336	0.623769
226.385	0.608974
226.434	0.623028
226.483	0.609426
226.532	0.621354
226.581	0.618098
226.63	0.615682
226.679	0.616058
226.728	0.619355
226.777	0.615686
226.826	0.620543
226.874	0.625833
226.924	0.615425
226.973	0.615256
227.022	0.613379
227.071	0.624122
227.12	0.619624
227.169	0.622705
227.218	0.621997
227.267	0.616034
227.316	0.619441
227.365	0.622224
227.414	0.619925
227.463	0.620329
227.513	0.619434
227.562	0.621228
227.611	0.616538
227.659	0.629335
227.709	0.613187
227.758	0.622839
227.807	0.619175
227.856	0.621765
227.905	0.622486
227.954	0.618527
228.004	0.611729
228.053	0.617116
228.102	0.624611
228.151	0.617295
228.199	0.626776
228.249	0.612955
228.298	0.619317
228.347	0.61774
228.397	0.62062
228.445	0.624938
228.494	0.624681
228.543	0.622027
228.592	0.622899
228.642	0.616438
228.691	0.619685
228.74	0.626681
228.789	0.61779
228.838	0.627156
228.888	0.611001
228.936	0.63126
228.985	0.619724
229.034	0.622112
229.084	0.618919
229.133	0.626443
229.182	0.624675
229.231	0.62108
229.28	0.621244
229.329	0.626368
229.378	0.631658
229.427	0.626416
229.476	0.624389
229.524	0.635837
229.574	0.622579
229.623	0.630966
229.672	0.628653
229.721	0.627839
229.769	0.636005
229.818	0.629683
229.868	0.626421
229.916	0.636933
229.965	0.62812
230.014	0.632789
230.063	0.632057
230.112	0.626364
230.161	0.629407
230.21	0.631274
230.259	0.63486
230.308	0.632811
230.356	0.638223
230.406	0.626126
230.454	0.633699
230.503	0.637504
230.552	0.624167
230.601	0.635311
230.65	0.634406
230.699	0.631394
230.748	0.629566
230.797	0.637894
230.846	0.631386
230.895	0.632778
230.943	0.639886
230.993	0.625619
231.042	0.628117
231.091	0.632027
231.139	0.639184
231.188	0.631965
231.237	0.629271
231.287	0.623426
231.335	0.642546
231.384	0.631271
231.433	0.640852
231.482	0.632687
231.531	0.627975
231.58	0.637455
231.629	0.63481
231.679	0.622536
231.727	0.635083
231.776	0.632583
231.825	0.629231
231.874	0.633798
231.923	0.635722
231.972	0.632306
232.022	0.628891
232.071	0.633457
232.12	0.622777
232.169	0.637619
232.218	0.62736
232.267	0.631824
232.317	0.628285
232.366	0.629726
232.415	0.628122
232.464	0.636124
232.513	0.62551
232.562	0.631232
232.611	0.632818
232.661	0.628716
232.71	0.627278
232.759	0.631544
232.809	0.626225
232.858	0.631987
232.907	0.631351
232.956	0.626517
233.006	0.626426
233.054	0.636395
233.104	0.624525
233.153	0.627587
233.201	0.636525
233.251	0.620805
233.3	0.6336
233.35	0.625973
233.399	0.632582
233.448	0.625893
233.497	0.632735
233.546	0.629957
233.595	0.627991
233.644	0.630629
233.694	0.620793
233.744	0.621225
233.792	0.634339
233.842	0.618504
233.891	0.63424
233.94	0.629251
233.989	0.628753
234.039	0.62104
234.088	0.632282
234.137	0.633061
234.186	0.628974
234.235	0.63072
234.284	0.628341
234.333	0.626309
234.383	0.629305
234.431	0.632546
234.48	0.632627
234.53	0.628447
234.578	0.636024
234.628	0.626608
234.677	0.631258
234.726	0.631427
234.775	0.633186
234.825	0.626862
234.874	0.64128
234.923	0.634116
234.972	0.629174
235.022	0.627331
235.071	0.636904
235.12	0.635261
235.169	0.638782
235.218	0.632301
235.267	0.642228
235.316	0.637081
235.366	0.62944
235.415	0.636163
235.464	0.636784
235.513	0.640771
235.562	0.643741
235.611	0.641008
235.661	0.637391
235.71	0.639085
235.759	0.636093
235.808	0.636741
235.857	0.647812
235.906	0.63487
235.955	0.635987
236.004	0.641147
236.053	0.644012
236.103	0.63367
236.152	0.640305
236.201	0.640575
236.25	0.643765
236.299	0.642532
236.348	0.645641
236.397	0.637737
236.445	0.644205
236.495	0.63594
236.544	0.635699
236.593	0.642183
236.642	0.637727
236.691	0.637179
236.741	0.634775
236.789	0.647353
236.838	0.640885
236.887	0.640136
236.936	0.641766
236.986	0.636933
237.034	0.649245
237.083	0.636136
237.132	0.634503
237.181	0.637484
237.23	0.639511
237.28	0.632588
237.328	0.649065
237.377	0.638401
237.427	0.638512
237.476	0.637494
237.524	0.649026
237.574	0.629486
237.623	0.645643
237.672	0.639123
237.721	0.639674
237.77	0.644048
237.82	0.635705
237.868	0.645485
237.917	0.642306
237.967	0.641506
238.016	0.643328
238.065	0.643229
238.114	0.640751
238.164	0.632049
238.212	0.648191
238.261	0.641102
238.311	0.640165
238.36	0.640231
238.409	0.639175
238.458	0.647727
238.507	0.642128
238.557	0.635927
238.606	0.63721
238.655	0.644996
238.704	0.643727
238.753	0.652571
238.803	0.633795
238.851	0.651648
238.9	0.641625
238.949	0.647682
238.999	0.63941
239.048	0.648209
239.097	0.636748
239.146	0.652117
239.195	0.645135
239.244	0.647433
239.294	0.638212
239.343	0.644704
239.391	0.651573
239.44	0.645022
239.49	0.635246
239.538	0.663329
239.588	0.630603
239.637	0.640413
239.686	0.641615
239.735	0.635177
239.784	0.646874
239.832	0.646724
239.882	0.637491
239.931	0.639293
239.98	0.63724
240.029	0.641906
240.078	0.643517
240.127	0.643825
240.176	0.644897
240.225	0.637279
240.274	0.648598
240.322	0.653311
240.371	0.643411
240.421	0.636964
240.47	0.639775
240.518	0.651746
240.568	0.639585
240.617	0.643111
240.666	0.642209
240.715	0.63694
240.764	0.65663
240.812	0.65093
240.862	0.63734
240.911	0.65269
240.959	0.648773
241.009	0.642368
241.058	0.648803
241.107	0.648239
241.155	0.650391
241.205	0.641951
241.254	0.646124
241.303	0.646974
241.352	0.642882
241.401	0.652783
241.45	0.645593
241.5	0.638122
241.548	0.660917
241.597	0.653592
241.646	0.640131
241.695	0.656244
241.744	0.652801
241.793	0.645781
241.843	0.645851
241.892	0.649894
241.94	0.654958
241.989	0.649971
242.039	0.645754
242.088	0.656285
242.137	0.656612
242.186	0.653267
242.235	0.654444
242.285	0.643009
242.333	0.664785
242.383	0.645418
242.432	0.661281
242.481	0.649302
242.53	0.651066
242.58	0.652407
242.628	0.659509
242.678	0.6516
242.726	0.657665
242.775	0.659288
242.825	0.64542
242.875	0.651944
242.923	0.670047
242.973	0.645087
243.022	0.655532
243.071	0.657539
243.12	0.659927
243.169	0.660752
243.218	0.657893
243.267	0.652544
243.317	0.652001
243.366	0.656253
243.415	0.663086
243.464	0.657443
243.514	0.658974
243.563	0.65862
243.612	0.664565
243.662	0.647273
243.711	0.663738
243.76	0.661424
243.809	0.652058
243.857	0.672526
243.908	0.641612
243.957	0.662788
244.006	0.657185
244.056	0.657258
244.104	0.66509
244.154	0.655229
244.204	0.655365
244.253	0.655879
244.302	0.667405
244.351	0.665862
244.4	0.659333
244.449	0.665882
244.499	0.645298
244.548	0.660457
244.597	0.661534
244.647	0.660712
244.695	0.670074
244.744	0.654739
244.794	0.655531
244.843	0.659191
244.892	0.659667
244.942	0.65504
244.991	0.658013
245.04	0.667912
245.09	0.653893
245.138	0.670655
245.187	0.667704
245.236	0.655389
245.286	0.654208
245.335	0.662226
245.384	0.659887
245.433	0.661681
245.482	0.66594
245.532	0.651521
245.58	0.672608
245.63	0.661439
245.679	0.66404
245.727	0.679003
245.777	0.652152
245.826	0.660641
245.875	0.660113
245.924	0.667972
245.973	0.655006
246.022	0.658819
246.071	0.660798
246.121	0.6542
246.169	0.662771
246.218	0.660243
246.267	0.668445
246.317	0.651714
246.366	0.661942
246.415	0.654513
246.464	0.662351
246.512	0.665924
246.562	0.654313
246.611	0.654996
246.661	0.656018
246.709	0.662361
246.758	0.664454
246.808	0.652906
246.856	0.663135
246.905	0.659739
246.955	0.654596
247.004	0.659948
247.053	0.656033
247.102	0.667264
247.151	0.652519
247.2	0.664307
247.249	0.658823
247.299	0.656365
247.348	0.656669
247.397	0.663654
247.446	0.662617
247.495	0.655202
247.545	0.656439
247.594	0.663734
247.643	0.662886
247.692	0.658244
247.741	0.668938
247.79	0.661676
247.839	0.657994
247.888	0.665265
247.938	0.654126
247.987	0.664924
248.036	0.655767
248.086	0.655837
248.135	0.658883
248.184	0.67151
248.233	0.655362
248.282	0.66546
248.331	0.665989
248.381	0.656932
248.43	0.661807
248.48	0.656615
248.528	0.667063
248.578	0.657875
248.627	0.671047
248.677	0.649772
248.726	0.666549
248.774	0.670233
248.824	0.658462
248.873	0.661842
248.922	0.673369
248.972	0.660571
249.021	0.663353
249.07	0.663365
249.119	0.669754
249.168	0.659416
249.218	0.663057
249.267	0.662587
249.316	0.662623
249.366	0.658037
249.414	0.671614
249.464	0.663248
249.513	0.668044
249.562	0.661683
249.612	0.656166
249.661	0.665795
249.709	0.676304
249.759	0.661361
249.809	0.660257
249.858	0.665025
249.907	0.669557
249.956	0.662928
250.005	0.673746
250.055	0.659397
250.104	0.665932
250.153	0.671513
250.202	0.66919
250.251	0.668057
250.3	0.670825
250.35	0.664392
250.399	0.672031
250.448	0.669825
250.497	0.675953
250.547	0.659935
250.595	0.676419
250.645	0.669942
250.693	0.676196
250.742	0.672898
250.792	0.664635
250.841	0.668129
250.89	0.674543
250.94	0.668226
250.989	0.667029
251.038	0.675105
251.087	0.676693
251.136	0.667665
251.185	0.680135
251.234	0.669964
251.284	0.666424
251.333	0.670851
251.383	0.663813
251.432	0.676028
251.481	0.67536
251.53	0.679045
251.579	0.672836
251.629	0.665278
251.678	0.679718
251.727	0.676486
251.776	0.672711
251.825	0.680978
251.874	0.670478
251.924	0.667183
251.973	0.683375
252.022	0.666255
252.072	0.672129
252.12	0.683151
252.17	0.673885
252.219	0.673635
252.268	0.682813
252.318	0.669609
252.366	0.68532
252.416	0.664108
252.465	0.678694
252.514	0.679915
252.564	0.676076
252.614	0.666787
252.662	0.681643
252.711	0.678892
252.761	0.675636
252.809	0.681041
252.859	0.675942
252.907	0.680858
252.957	0.665047
253.006	0.679219
253.056	0.673888
253.105	0.680564
253.154	0.675248
253.203	0.674611
253.252	0.686628
253.302	0.668734
253.351	0.678721
253.4	0.67628
253.449	0.68227
253.499	0.676088
253.548	0.681127
253.596	0.682299
253.645	0.684933
253.695	0.673879
253.744	0.68367
253.793	0.680355
253.842	0.683002
253.891	0.678412
253.94	0.692821
253.989	0.677698
254.039	0.676403
254.087	0.690767
254.137	0.668513
254.186	0.690482
254.235	0.679439
254.284	0.680312
254.332	0.693779
254.382	0.672904
254.431	0.691631
254.48	0.679083
254.529	0.680454
254.578	0.690993
254.627	0.679954
254.677	0.674352
254.726	0.686568
254.775	0.684331
254.824	0.678413
254.873	0.683182
254.922	0.68499
254.971	0.680404
255.021	0.678211
255.069	0.687473
255.118	0.682996
255.167	0.686687
255.217	0.680954
255.266	0.677052
255.315	0.687841
255.364	0.678035
255.413	0.684994
255.462	0.680213
255.511	0.684181
255.561	0.675835
255.61	0.682016
255.659	0.688534
255.708	0.672689
255.757	0.685709
255.807	0.678689
255.856	0.680813
255.906	0.677371
255.954	0.689942
256.003	0.684632
256.053	0.677319
256.101	0.690226
256.151	0.677392
256.2	0.683898
256.249	0.677095
256.298	0.682834
256.348	0.674607
256.397	0.68699
256.446	0.681252
256.495	0.682627
256.544	0.68517
256.593	0.678542
256.642	0.691913
256.692	0.670268
256.74	0.691639
256.79	0.673957
256.839	0.687309
256.888	0.682134
256.937	0.685202
256.987	0.670313
257.036	0.694492
257.085	0.682864
257.134	0.688812
257.183	0.67676
257.232	0.697005
257.281	0.680153
257.331	0.68133
257.38	0.681941
257.429	0.693727
257.478	0.683293
257.527	0.694169
257.576	0.675116
257.626	0.677907
257.675	0.688673
257.724	0.691402
257.774	0.671663
257.823	0.691544
257.872	0.68477
257.921	0.682395
257.97	0.6902
258.02	0.682861
258.069	0.690196
258.118	0.689982
258.167	0.685223
258.216	0.682244
258.266	0.680104
258.315	0.690491
258.365	0.680244
258.414	0.690669
258.463	0.685491
258.512	0.69283
258.562	0.680118
258.611	0.688474
258.66	0.695093
258.708	0.69476
258.758	0.688041
258.807	0.686844
258.856	0.686813
258.905	0.692703
258.956	0.669538
259.004	0.694347
259.053	0.692634
259.102	0.699628
259.151	0.683926
259.2	0.700622
259.249	0.683522
259.298	0.698775
259.348	0.682369
259.397	0.698432
259.446	0.694204
259.494	0.701291
259.544	0.683781
259.593	0.680998
259.641	0.704397
259.691	0.683324
259.74	0.685714
259.789	0.691356
259.838	0.694812
259.887	0.691646
259.936	0.694
259.985	0.691727
260.034	0.700515
260.083	0.692982
260.132	0.69408
260.181	0.691944
260.23	0.685722
260.279	0.692781
260.328	0.705682
260.377	0.68596
260.426	0.699111
260.475	0.690399
260.524	0.688564
260.573	0.694546
260.622	0.694064
260.671	0.695137
260.72	0.69457
260.769	0.69675
260.818	0.697063
260.867	0.688701
260.916	0.699047
260.965	0.688793
261.014	0.693548
261.063	0.691757
261.112	0.698329
261.161	0.691569
261.211	0.693707
261.26	0.688606
261.309	0.693258
261.358	0.701236
261.407	0.689816
261.455	0.69923
261.505	0.690264
261.554	0.682472
261.603	0.692265
261.652	0.702581
261.701	0.693865
261.75	0.689067
261.799	0.688184
261.849	0.686361
261.898	0.691376
261.947	0.699454
261.996	0.694397
262.044	0.69811
262.094	0.688464
262.143	0.686791
262.192	0.687556
262.242	0.691318
262.291	0.69154
262.339	0.700776
262.389	0.684888
262.438	0.699316
262.487	0.694094
262.536	0.696306
262.585	0.689269
262.634	0.695695
262.684	0.689264
262.733	0.694435
262.781	0.698939
262.831	0.68551
262.88	0.693324
262.929	0.698005
262.979	0.688333
263.028	0.693672
263.077	0.696887
263.126	0.687694
263.176	0.690635
263.224	0.707495
263.274	0.684123
263.323	0.698322
263.373	0.6814
263.422	0.697511
263.471	0.70001
263.52	0.695876
263.569	0.690327
263.618	0.697438
263.668	0.692512
263.717	0.694376
263.767	0.685912
263.815	0.708708
263.864	0.697187
263.913	0.69884
263.962	0.698601
264.012	0.692239
264.062	0.688329
264.11	0.704624
264.16	0.691496
264.209	0.693505
264.258	0.702396
264.308	0.686837
264.357	0.699122
264.406	0.689153
264.455	0.707639
264.504	0.695465
264.553	0.695977
264.603	0.693486
264.652	0.696302
264.701	0.696002
264.751	0.693465
264.8	0.699121
264.849	0.69637
264.898	0.697252
264.947	0.703497
264.996	0.696243
265.046	0.691924
265.095	0.699275
265.143	0.709629
265.193	0.693367
265.243	0.689939
265.291	0.706603
265.341	0.692637
265.39	0.698339
265.44	0.696247
265.488	0.711893
265.537	0.695051
265.587	0.699646
265.636	0.706296
265.685	0.695283
265.734	0.703558
265.783	0.696177
265.832	0.702557
265.882	0.700511
265.93	0.707992
265.981	0.686932
266.03	0.700799
266.079	0.699643
266.127	0.714823
266.176	0.706871
266.226	0.697357
266.275	0.705036
266.324	0.703348
266.372	0.709288
266.422	0.694585
266.472	0.696202
266.52	0.712604
266.57	0.69326
266.619	0.706667
266.668	0.70917
266.717	0.695645
266.766	0.710238
266.815	0.708898
266.864	0.70736
266.913	0.698293
266.962	0.70596
267.012	0.701644
267.061	0.710663
267.11	0.695036
267.159	0.714352
267.208	0.7043
267.257	0.705255
267.306	0.707126
267.356	0.696877
267.405	0.707622
267.455	0.699413
267.504	0.700981
267.552	0.722612
267.601	0.702299
267.651	0.698045
267.7	0.711486
267.749	0.703417
267.799	0.702141
267.847	0.708243
267.897	0.704797
267.946	0.709385
267.995	0.696987
268.045	0.703297
268.093	0.711742
268.143	0.707425
268.192	0.708931
268.241	0.703624
268.29	0.710069
268.339	0.713081
268.388	0.709144
268.438	0.7009
268.487	0.703199
268.536	0.707569
268.586	0.703017
268.635	0.712708
268.684	0.707575
268.733	0.710091
268.782	0.704548
268.831	0.714401
268.88	0.7157
268.929	0.70266
268.979	0.70987
269.028	0.713321
269.077	0.705264
269.126	0.710768
269.176	0.702635
269.224	0.722498
269.274	0.697214
269.323	0.712071
269.373	0.703906
269.421	0.713844
269.471	0.708915
269.521	0.697394
269.569	0.717894
269.619	0.711963
269.668	0.707681
269.717	0.709413
269.766	0.715976
269.816	0.706234
269.864	0.713827
269.914	0.705308
269.962	0.720759
270.012	0.710445
270.06	0.714159
270.11	0.701998
270.159	0.712802
270.209	0.709411
270.257	0.716314
270.307	0.707236
270.356	0.708103
270.405	0.720044
270.454	0.70945
270.503	0.715398
270.552	0.715556
270.602	0.707828
270.651	0.711082
270.7	0.719252
270.749	0.71484
270.798	0.708873
270.847	0.711441
270.896	0.719569
270.945	0.715339
270.994	0.724556
271.043	0.708135
271.093	0.706658
271.141	0.71874
271.191	0.709194
271.24	0.709584
271.289	0.70961
271.338	0.718102
271.387	0.701486
271.436	0.721545
271.485	0.707918
271.534	0.715286
271.583	0.711205
271.633	0.710143
271.682	0.706569
271.731	0.714535
271.78	0.721055
271.829	0.712305
271.878	0.707176
271.927	0.708797
271.976	0.715984
272.025	0.720364
272.074	0.70302
272.123	0.713532
272.173	0.699523
272.222	0.713857
272.271	0.709921
272.32	0.716592
272.37	0.70766
272.419	0.712024
272.468	0.710208
272.517	0.715237
272.566	0.709074
272.615	0.707962
272.664	0.716268
272.713	0.70689
272.763	0.700151
272.813	0.712582
272.862	0.714956
272.911	0.715806
272.96	0.705669
273.009	0.71501
273.059	0.707596
273.108	0.722713
273.157	0.715912
273.206	0.715655
273.256	0.70314
273.305	0.708518
273.354	0.717497
273.403	0.711663
273.452	0.715805
273.502	0.70985
273.551	0.719011
273.601	0.709596
273.65	0.711884
273.699	0.720214
273.749	0.706771
273.798	0.710938
273.847	0.718395
273.896	0.717179
273.945	0.718247
273.994	0.72353
274.043	0.719068
274.093	0.712384
274.141	0.727271
274.191	0.706516
274.24	0.723413
274.289	0.728896
274.339	0.704822
274.388	0.725859
274.437	0.724474
274.486	0.715838
274.535	0.726155
274.584	0.724165
274.633	0.718921
274.682	0.729752
274.731	0.7177
274.78	0.7262
274.829	0.721077
274.878	0.727185
274.927	0.727115
274.976	0.714889
275.025	0.729147
275.074	0.730894
275.123	0.720892
275.171	0.733892
275.22	0.726044
275.269	0.726998
275.318	0.725932
275.367	0.723643
275.417	0.72356
275.465	0.728402
275.514	0.727121
275.564	0.720026
275.613	0.724644
275.661	0.735634
275.71	0.724322
275.759	0.732415
275.808	0.723759
275.856	0.734642
275.905	0.727289
275.955	0.717629
276.004	0.725183
276.053	0.727776
276.101	0.737208
276.15	0.719074
276.199	0.732172
276.248	0.724531
276.297	0.72425
276.346	0.721191
276.395	0.725214
276.444	0.732138
276.493	0.71707
276.542	0.728665
276.59	0.73533
276.641	0.71058
276.689	0.735781
276.738	0.721873
276.787	0.730483
276.837	0.719216
276.885	0.73383
276.934	0.719527
276.983	0.732536
277.033	0.709867
277.082	0.733098
277.131	0.717026
277.18	0.729831
277.229	0.729971
277.278	0.717389
277.327	0.7347
277.376	0.731084
277.425	0.723854
277.474	0.728639
277.524	0.719832
277.573	0.724581
277.622	0.722775
277.67	0.736876
277.72	0.718739
277.769	0.719023
277.819	0.722271
277.867	0.731237
277.916	0.735588
277.966	0.715796
278.014	0.736564
278.063	0.727195
278.112	0.731166
278.161	0.722469
278.211	0.726728
278.26	0.718359
278.309	0.738394
278.358	0.716281
278.406	0.738615
278.456	0.721783
278.505	0.725393
278.555	0.719139
278.603	0.739395
278.652	0.728017
278.701	0.723535
278.75	0.731741
278.799	0.732731
278.848	0.727939
278.898	0.723076
278.947	0.722418
278.995	0.74352
279.045	0.718676
279.094	0.725306
279.143	0.73642
279.192	0.722005
279.241	0.730708
279.29	0.725236
279.339	0.739195
279.388	0.727992
279.437	0.730351
279.486	0.738179
279.535	0.73297
279.584	0.725401
279.632	0.745114
279.682	0.723914
279.731	0.734651
279.78	0.724807
279.829	0.732138
279.878	0.729981
279.927	0.736881
279.977	0.721954
280.025	0.740141
280.074	0.730685
280.124	0.731236
280.173	0.730249
280.221	0.738331
280.271	0.724237
280.32	0.734191
280.369	0.732859
280.418	0.726267
280.467	0.728094
280.517	0.718614
280.566	0.742951
280.614	0.740053
280.663	0.728362
280.713	0.721289
280.762	0.729934
280.811	0.737695
280.86	0.728005
280.909	0.736592
280.959	0.725597
281.008	0.730954
281.057	0.726234
281.106	0.729093
281.155	0.732631
281.205	0.732639
281.254	0.732123
281.302	0.741003
281.353	0.714595
281.401	0.74195
281.451	0.726972
281.5	0.728239
281.549	0.732424
281.598	0.745276
281.647	0.723522
281.696	0.734429
281.746	0.727511
281.795	0.72936
281.844	0.736206
281.894	0.727152
281.943	0.731751
281.992	0.731855
282.041	0.74234
282.091	0.72736
282.139	0.740787
282.188	0.73623
282.237	0.744055
282.287	0.726707
282.337	0.724509
282.386	0.737898
282.435	0.73781
282.484	0.728635
282.533	0.742931
282.582	0.735356
282.632	0.728289
282.681	0.735862
282.73	0.741371
282.779	0.735767
282.827	0.750327
282.877	0.732055
282.926	0.738432
282.975	0.736493
283.024	0.737426
283.074	0.730754
283.122	0.751593
283.171	0.735148
283.221	0.736146
283.27	0.739591
283.319	0.735797
283.368	0.743087
283.417	0.739867
283.466	0.73599
283.515	0.736697
283.564	0.74932
283.613	0.735295
283.662	0.735564
283.711	0.750321
283.76	0.734616
283.809	0.741984
283.858	0.736642
283.907	0.748432
283.956	0.734161
284.005	0.742978
284.053	0.746608
284.103	0.734787
284.152	0.734837
284.201	0.743093
284.249	0.751807
284.299	0.730571
284.348	0.747418
284.397	0.745945
284.446	0.74051
284.495	0.743221
284.544	0.743975
284.593	0.739581
284.642	0.743196
284.691	0.741455
284.74	0.742998
284.789	0.740791
284.839	0.743342
284.887	0.756449
284.937	0.73239
284.985	0.755236
285.034	0.744343