90.004202	0.247268288
90.037375	0.246493935
90.070212	0.249620737
90.104025	0.243726149
90.136969	0.252028456
90.170172	0.250767818
90.203543	0.247264945
90.237509	0.240896014
90.270834	0.244587907
90.304373	0.242783152
90.3375		0.247245368
90.371619	0.242294809
90.405264	0.247247799
90.438971	0.247872555
90.473731	0.241135352
90.506644	0.255476218
90.540564	0.249123074
90.574545	0.250145745
90.608145	0.254167273
90.642111	0.251604558
90.676733	0.245309877
90.711096	0.24516534
90.745688	0.242860059
90.779639	0.247664031
90.814352	0.243267881
90.847449	0.256858907
90.882895	0.241311991
90.917212	0.250382516
90.951315	0.252951282
90.986517	0.24576657
91.020987	0.252776493
91.055624	0.253372695
91.090201	0.254560839
91.125128	0.250963179
91.159598	0.252371293
91.194434	0.247845389
91.229285	0.246868575
91.264716	0.243300725
91.299429	0.250246481
91.334662	0.248311396
91.369696	0.251379242
91.404334	0.255164084
91.43949	0.252101438
91.475317	0.247985232
91.510718	0.252719642
91.545813	0.255744855
91.581	0.255389242
91.615942	0.256494352
91.651633	0.248475656
91.687186	0.247234911
91.722906	0.245663381
91.758078	0.249983572
91.793814	0.248131215
91.829703	0.248995108
91.865088	0.254105165
91.9009	0.251649516
91.93653	0.253586092
91.972128	0.254293304
92.007773	0.254648779
92.044226	0.249892126
92.079672	0.259256741
92.115759	0.255972285
92.151709	0.257238735
92.187659	0.255554609
92.223731	0.252183611
92.25936	0.254102204
92.295706	0.249080742
92.332251	0.249336858
92.36846	0.253063751
92.404105	0.258300731
92.440619	0.252725406
92.47692	0.254613714
92.513525	0.253067979
92.549612	0.257119346
92.586142	0.255374223
92.622702	0.257057411
92.659415	0.256987411
92.695334	0.26124804
92.732565	0.249837833
92.768607	0.25690527
92.805365	0.251818207
92.841635	0.256745553
92.878271	0.25551465
92.915274	0.254205024
92.952155	0.255921466
92.988898	0.257493669
93.025397	0.259672603
93.062582	0.255134029
93.099814	0.25630602
93.136527	0.261504174
93.173483	0.260430188
93.210593	0.257714943
93.248129	0.252765879
93.285696	0.251230559
93.322272	0.257764543
93.360098	0.250389149
93.397482	0.255056409
93.434439	0.25941282
93.471762	0.257872679
93.509756	0.254221043
93.547278	0.258089185
93.584341	0.262073549
93.621817	0.260611447
93.659598	0.259280545
93.697378	0.259458507
93.734717	0.261343151
93.772513	0.25622646
93.809988	0.257022543
93.847235	0.258405349
93.885382	0.25346774
93.923498	0.255016055
93.960928	0.260580022
93.999243	0.255496521
94.036749	0.261710483
94.075034	0.256794895
94.112906	0.260372945
94.151099	0.259244138
94.188483	0.265532159
94.226828	0.25873685
94.264853	0.259825966
94.302908	0.257938178
94.341406	0.253997727
94.37905	0.260210516
94.418036	0.252454312
94.455603	0.262736565
94.493933	0.258475096
94.532584	0.256860409
94.570273	0.263967253
94.608786	0.258906028
94.646948	0.262346981
94.684958	0.264405759
94.723929	0.258231661
94.762396	0.260827777
94.801428	0.25618741
94.838934	0.265951843
94.878256	0.253419781
94.916296	0.262410416
94.955359	0.256045155
94.994131	0.258512722
95.032614	0.26089605
95.07157	0.258343064
95.110083	0.262224866
95.149847	0.254645549
95.188635	0.26170246
95.226889	0.266469985
95.265707	0.262243252
95.304877	0.258936235
95.343222	0.264016805
95.38259	0.257121538
95.421378	0.261372046
95.460516	0.259497276
95.49964	0.260677879
95.538702	0.261733769
95.577536	0.264308092
95.617011	0.260944005
95.656531	0.261430499
95.69541	0.266452837
95.734351	0.266698659
95.77384	0.26399786
95.812888	0.267013413
95.851752	0.267216731
95.891608	0.259148936
95.931021	0.261709172
95.970175	0.264323724
96.009985	0.260972178
96.049063	0.266727759
96.087881	0.26937397
96.127753	0.26302559
96.167487	0.26439997
96.206427	0.270101198
96.246542	0.263127864
96.286993	0.261844709
96.32598	0.272160103
96.365485	0.266982535
96.4047	0.267395686
96.444266	0.263985258
96.484351	0.261049768
96.52468	0.26069979
96.564658	0.263935215
96.60401	0.269093901
96.644797	0.260149358
96.684637	0.266855744
96.723883	0.27201515
96.763525	0.270401344
96.803381	0.269647392
96.84371	0.266932743
96.884207	0.265904684
96.923804	0.270035822
96.964133	0.263577157
97.004187	0.264736108
97.044196	0.265648855
97.083746	0.270296423
97.125159	0.259380769
97.164801	0.271622898
97.205161	0.267170902
97.245032	0.271147218
97.285819	0.266482674
97.325751	0.273849356
97.36582	0.273411891
97.406027	0.271798825
97.446616	0.268109427
97.487189	0.266697608
97.527365	0.268111799
97.567175	0.270539214
97.607932	0.26552545
97.648535	0.267840187
97.688879	0.270518674
97.729727	0.267334234
97.770041	0.270805793
97.810339	0.271744359
97.850989	0.270910278
97.891562	0.272533695
97.932272	0.271468928
97.973379	0.267660664
98.013892	0.270462806
98.054175	0.270483843
98.094122	0.271796145
98.135763	0.260723312
98.175879	0.271477408
98.216925	0.267153806
98.256949	0.27562964
98.298392	0.2669582
98.338873	0.273898845
98.380331	0.267810088
98.420737	0.276192292
98.461691	0.273752822
98.502692	0.27385886
98.54357	0.27351791
98.584402	0.272483518
98.625738	0.267147104
98.666357	0.270598774
98.707251	0.26851505
98.748343	0.26881873
98.788962	0.273653106
98.830191	0.271084955
98.87168	0.270631003
98.912497	0.275563005
98.953543	0.274062859
98.994437	0.275671515
99.035254	0.2769377
99.077338	0.269243106
99.118597	0.273989375
99.15882	0.279677925
99.20043	0.268922417
99.241888	0.269228033
99.282996	0.271882023
99.324637	0.269791278
99.366324	0.271187941
99.407248	0.277619628
99.448737	0.27491353
99.490286	0.275196247
99.531683	0.277025953
99.573111	0.277174469
99.614874	0.274820517
99.656622	0.274640695
99.698035	0.275916959
99.738577	0.280493326
99.780264	0.270904296
99.822165	0.268567612
99.863608	0.271752154
99.905859	0.268188545
99.947272	0.275362307
99.988562	0.277373691
100.03028	0.275255775
100.072119	0.275670891
100.114264	0.274742709
100.155798	0.279261826
100.197729	0.276762943
100.238715	0.282850201
100.280356	0.277381185
100.32276	0.27112839
100.364722	0.272265422
100.406241	0.274413317
100.448386	0.270166017
100.489661	0.27701367
100.531821	0.272548696
100.573233	0.27861341
100.615713	0.27244558
100.657172	0.280319057
100.699698	0.273971039
100.7414	0.2799891
100.782996	0.280928255
100.825125	0.277564067
100.86698	0.279538659
100.908942	0.277898057
100.950873	0.276364941
100.992957	0.274536922
101.034521	0.278066055
101.077094	0.272509078
101.11965	0.274125254
101.162039	0.276358201
101.204077	0.279590396
101.245978	0.281494139
101.288199	0.280205156
101.330237	0.281794833
101.372275	0.282318067
101.414175	0.283352439
101.456595	0.28002039
101.498206	0.285090714
101.54032	0.279650603
101.582754	0.276105058
101.625037	0.276449131
101.667624	0.275064317
101.709952	0.278122536
101.752875	0.275598782
101.794134	0.28782414
101.836844	0.278330117
101.879416	0.279870902
101.921896	0.28091074
101.963888	0.284669141
102.006567	0.280414801
102.048361	0.286527954
102.091437	0.277792736
102.134146	0.278522818
102.176031	0.282699457
102.218542	0.277942611
102.261496	0.275982049
102.304312	0.278187042
102.346442	0.28339535
102.389227	0.279139331
102.431998	0.279359336
102.473914	0.286243535
102.516791	0.280613851
102.559622	0.281572804
102.602255	0.283202448
102.644934	0.282191091
102.687918	0.279390691
102.730383	0.281579793
102.773352	0.277329214
102.815771	0.280525764
102.858542	0.278778819
102.901129	0.281217968
102.944052	0.280030354
102.986762	0.28277605
103.029334	0.285246168
103.072699	0.28082947
103.115591	0.283966286
103.158423	0.284003798
103.200812	0.286025009
103.244238	0.278618841
103.286078	0.288527418
103.329215	0.278865575
103.372366	0.278251544
103.415259	0.280460869
103.458014	0.282680841
103.501654	0.279028424
103.54476	0.284264009
103.587439	0.287969497
103.630667	0.284649291
103.673331	0.287785983
103.716391	0.28388111
103.759161	0.284897614
103.802573	0.28010225
103.844977	0.286698009
103.888205	0.281464525
103.931342	0.28223168
103.974448	0.281975597
104.017645	0.281670616
104.060706	0.284064116
104.103949	0.284351924
104.146796	0.288144582
104.189902	0.287067348
104.233221	0.285916801
104.276297	0.286799543
104.319342	0.286409244
104.362906	0.282802515
104.406256	0.284740166
104.449942	0.283069735
104.492682	0.289775622
104.535803	0.287360532
104.579169	0.285281853
104.622687	0.284465157
104.665472	0.290540573
104.708762	0.288593072
104.751822	0.290733115
104.794959	0.289481047
104.838248	0.287390549
104.881918	0.284642988
104.925223	0.287530968
104.968451	0.288609866
105.012015	0.286945563
105.055533	0.287819155
105.098715	0.29048644
105.142035	0.289788506
105.186179	0.284481696
105.22962	0.289758366
105.272894	0.291170833
105.316504	0.289417351
105.359778	0.291340126
105.403662	0.286747087
105.446951	0.290869476
105.490057	0.292535159
105.534521	0.284235964
105.577841	0.29189718
105.62081	0.29485092
105.664786	0.288435575
105.708594	0.289814444
105.752142	0.291958212
105.795676	0.292589223
105.83895	0.294821624
105.882575	0.2924222
105.926856	0.287800291
105.970709	0.290578629
106.014258	0.292525586
106.058066	0.290991655
106.101721	0.292348088
106.144919	0.295693437
106.188727	0.292076696
106.232565	0.292351904
106.276709	0.290788463
106.320441	0.294758405
106.363608	0.299639885
106.407721	0.292727284
106.451269	0.296165139
106.495337	0.292312736
106.53916	0.293131304
106.583746	0.28781466
106.627158	0.295995981
106.670706	0.295515814
106.714499	0.294345404
106.758566	0.292954752
106.802039	0.297324631
106.845999	0.294340194
106.889822	0.296218811
106.933524	0.298334799
106.977484	0.297190729
107.021399	0.296510996
107.065482	0.293764659
107.109717	0.291112817
107.153159	0.296107923
107.197241	0.292873815
107.241293	0.294199333
107.285147	0.296263161
107.32897	0.296939499
107.372565	0.298867708
107.416693	0.29534693
107.461005	0.294525532
107.504675	0.30104856
107.549551	0.294058162
107.593512	0.300353903
107.636938	0.302854403
107.681448	0.29338671
107.725424	0.295604223
107.769598	0.294151085
107.813559	0.296412232
107.857123	0.300356061
107.901953	0.293078497
107.945685	0.301376746
107.989783	0.299191071
108.033591	0.301332686
108.077856	0.298632029
108.122015	0.300956008
108.166892	0.297479783
108.210928	0.303800102
108.255133	0.301334989
108.299048	0.301651438
108.343344	0.297778144
108.387823	0.296189604
108.432379	0.296711575
108.476492	0.301049164
108.520758	0.300944011
108.565237	0.300051925
108.609	0.305396599
108.654303	0.295694051
108.698401	0.305263052
108.742255	0.308086604
108.786581	0.305151182
108.831519	0.300661732
108.874884	0.310149301
108.919577	0.29934604
108.964255	0.298527577
109.008658	0.300485591
109.052466	0.305351862
109.097555	0.29798226
109.141547	0.306683501
109.18595	0.304680246
109.230673	0.303459302
109.275168	0.306316868
109.318991	0.311768557
109.363806	0.304989795
109.407614	0.311662262
109.452231	0.305316406
109.497427	0.299724275
109.541647	0.304492274
109.586508	0.299144314
109.630545	0.304647257
109.674796	0.304244543
109.719626	0.301766749
109.763953	0.306162431
109.808768	0.303495625
109.853461	0.305767785
109.897681	0.310562321
109.942419	0.307731399
109.986289	0.313497406
110.031439	0.302857738
110.075446	0.308891756
110.120734	0.29883945
110.164328	0.309482615
110.209204	0.300115117
110.254065	0.300589448
110.298377	0.305625941
110.342688	0.307360359
110.387503	0.306174277
110.432013	0.310998488
110.47666	0.311229289
110.521292	0.311179135
110.566092	0.308308556
110.611258	0.304150405
110.655173	0.312119711
110.699667	0.308270648
110.744513	0.306094531
110.788687	0.310274062
110.833853	0.302916312
110.878226	0.308256761
110.923193	0.305148781
110.967963	0.308077381
111.01235	0.313340539
111.057425	0.309755962
111.102057	0.312848865
111.147147	0.307885851
111.19155	0.310712646
111.236426	0.306609729
111.281088	0.308234437
111.325888	0.308006539
111.371054	0.306332222
111.416128	0.307559407
111.46102	0.308508459
111.506186	0.306509846
111.551062	0.309923006
111.595465	0.315199256
111.640356	0.313289421
111.684851	0.316886038
111.729544	0.314981954
111.775153	0.307329375
111.819998	0.311875527
111.864661	0.31312711
111.909842	0.310135397
111.954916	0.311342978
112.000159	0.31064959
112.04418	0.31942473
112.089026	0.313340648
112.133963	0.31365499
112.179114	0.31277582
112.224417	0.312766642
112.269293	0.316234768
112.313696	0.319530449
112.359183	0.31090279
112.403632	0.31763632
112.448706	0.312760327
112.493521	0.314417436
112.53913	0.309176901
112.583975	0.314664279
112.628775	0.315420065
112.67359	0.315391419
112.718588	0.314356327
112.764273	0.310836522
112.808646	0.321179302
112.853751	0.316840697
112.898795	0.31733517
112.943793	0.317265082
112.988562	0.318681444
113.034094	0.313817109
113.078848	0.319515979
113.12374	0.318797562
113.169226	0.315089026
113.213736	0.322728975
113.259131	0.317336578
113.303915	0.323097885
113.34931	0.3194858
113.393957	0.324320968
113.439093	0.319204738
113.484503	0.315850892
113.529135	0.321485455
113.574118	0.319799103
113.619376	0.318637885
113.664786	0.318171265
113.709723	0.322223372
113.754996	0.320444925
113.800238	0.321324348
113.845282	0.324183133
113.890448	0.324362889
113.934836	0.329939958
113.980521	0.319206466
114.025381	0.322792375
114.070639	0.3185171
114.115027	0.324167915
114.160941	0.313759387
114.205817	0.322036127
114.251303	0.318965513
114.296576	0.321902334
114.342047	0.322184086
114.386816	0.328635274
114.431586	0.329533933
114.477423	0.321986635
114.522757	0.324711754
114.568457	0.321046814
114.613089	0.327454367
114.65827	0.322495485
114.703772	0.319960274
114.749228	0.320330816
114.794516	0.322820791
114.839606	0.326153899
114.885489	0.322830773
114.930457	0.331514296
114.97605	0.327821655
115.021597	0.32813861
115.066565	0.331390763
115.111945	0.327203523
115.156943	0.329199871
115.202155	0.327436167
115.247519	0.326341507
115.29328	0.323000508
115.337958	0.330218449
115.383673	0.322413328
115.429007	0.325859106
115.474356	0.328176353
115.519919	0.328597347
115.565421	0.330012322
115.610388	0.333389795
115.655753	0.329617211
115.701376	0.327259706
115.74642	0.331285739
115.791464	0.33148691
115.837439	0.325368759
115.882742	0.330534552
115.928152	0.329870631
115.973746	0.329067918
116.019385	0.329277017
116.064581	0.333010776
116.109503	0.335203599
116.155142	0.330026588
116.200018	0.335438672
116.245688	0.329660903
116.291052	0.332202782
116.336691	0.330641637
116.382513	0.330110241
116.427847	0.3347392
116.472815	0.338618797
116.518973	0.331644328
116.563818	0.34260103
116.60874	0.341762392
116.655142	0.329971146
116.700034	0.339665858
116.745261	0.336707442
116.791251	0.331778226
116.836386	0.338843202
116.882086	0.335345478
116.927496	0.338195062
116.972967	0.338147204
117.018759	0.33644691
117.064123	0.340773015
117.109961	0.337960191
117.155554	0.340315283
117.201621	0.335968917
117.246756	0.341338718
117.292075	0.338813973
117.337698	0.335861122
117.383322	0.335669897
117.429282	0.333771178
117.475073	0.335916538
117.520804	0.337218024
117.566275	0.339801184
117.611975	0.339459838
117.657843	0.339286919
117.703711	0.33969143
117.74964	0.339296956
117.794898	0.343604659
117.840567	0.339242237
117.885947	0.340381637
117.932165	0.333668966
117.978033	0.336588165
118.023932	0.336912722
118.069205	0.342135373
118.114935	0.339565163
118.160895	0.339638136
118.206824	0.341229422
118.252875	0.340938175
118.298498	0.343842744
118.343817	0.345387996
118.389883	0.33926118
118.435294	0.344165931
118.481543	0.338149298
118.527136	0.342629062
118.572989	0.340398897
118.619131	0.338411327
118.66532	0.338467268
118.710745	0.346027411
118.75704	0.341109566
118.802298	0.350126367
118.848349	0.343939888
118.894415	0.343073994
118.940283	0.343850567
118.985877	0.345529179
119.031836	0.343031653
119.077719	0.343726448
119.12345	0.34521423
119.169287	0.343891865
119.215674	0.339560657
119.261404	0.345303493
119.307532	0.3435201
119.353262	0.3475862
119.399039	0.34762381
119.445075	0.345443533
119.491339	0.3436648
119.537314	0.346132995
119.583212	0.346956381
119.62908	0.347330672
119.675009	0.346920653
119.72077	0.348330383
119.767203	0.343264138
119.812628	0.351241946
119.859106	0.343486074
119.904929	0.348444993
119.950705	0.348715964
119.996741	0.346629298
120.042304	0.350027302
120.088767	0.343249599
120.134802	0.346670554
120.180991	0.345593695
120.226416	0.351640785
120.272696	0.345440582
120.318335	0.350411167
120.364066	0.350480361
120.410391	0.347203961
120.456427	0.349608522
120.502615	0.34846068
120.549139	0.345765666
120.594931	0.351070978
120.640555	0.352886972
120.686575	0.350372227
120.732764	0.349212697
120.779242	0.347121439
120.824698	0.355365603
120.870718	0.351342257
120.916159	0.356109341
120.962576	0.349831244
121.008505	0.354635479
121.054877	0.350969935
121.100592	0.354907542
121.146918	0.348990294
121.192801	0.351638911
121.239478	0.345306771
121.285712	0.349203376
121.331808	0.350921533
121.377097	0.358112418
121.423331	0.351776833
121.46929	0.354879758
121.515723	0.352398608
121.562292	0.352145265
121.608008	0.35947705
121.654578	0.353010333
121.70014	0.359757005
121.746634	0.351662009
121.79241	0.356806963
121.838858	0.352007229
121.884604	0.358097965
121.931281	0.351826122
121.977683	0.354880251
122.023352	0.362050161
122.070227	0.354044452
122.11611	0.36248122
122.162192	0.361272784
122.208319	0.360899733
122.254523	0.359891861
122.301047	0.357090744
122.34725	0.359688832
122.393271	0.361042673
122.439703	0.357513871
122.48609	0.357809281
122.53237	0.359167176
122.578772	0.359561601
122.625113	0.361811207
122.671561	0.362407284
122.717261	0.369110849
122.763937	0.361560028
122.809973	0.365978673
122.85636	0.362572066
122.903006	0.359983325
122.949118	0.363813752
122.995444	0.361341672
123.041937	0.359340457
123.088736	0.35682588
123.134817	0.363060673
123.181372	0.360784741
123.227667	0.364236456
123.274176	0.363676209
123.320441	0.366047962
123.367178	0.362348694
123.413611	0.364833149
123.460089	0.364583052
123.506583	0.364760029
123.552832	0.366941087
123.599585	0.363150849
123.646048	0.365899126
123.692557	0.365850617
123.73844	0.371402506
123.785025	0.365981265
123.831656	0.365891912
123.878287	0.36558403
123.924216	0.370750074
123.970618	0.36705428
124.017508	0.363216598
124.063467	0.370634714
124.11022	0.364329036
124.156699	0.366736668
124.20365	0.363485518
124.249365	0.373838675
124.295783	0.368828803
124.341834	0.371785078
124.388968	0.363246688
124.434821	0.37296101
124.481253	0.368749253
124.52793	0.367588891
124.573767	0.375022132
124.620261	0.370267573
124.667273	0.366625155
124.713477	0.373112338
124.760199	0.369169895
124.806158	0.375578007
124.852576	0.371969569
124.898673	0.374778155
124.94567	0.367264584
124.991659	0.374774753
125.038565	0.366917531
125.084235	0.376444909
125.131354	0.365221431
125.177329	0.374994553
125.223761	0.372335329
125.269888	0.375292685
125.317374	0.364815999
125.363425	0.376562102
125.409354	0.377702582
125.456137	0.370844406
125.502295	0.375548885
125.549109	0.369159262
125.595877	0.368964443
125.641684	0.376707517
125.688406	0.369539341
125.734671	0.373642067
125.781332	0.371078207
125.828085	0.371071886
125.874548	0.374457989
125.921194	0.373800908
125.966696	0.383772876
126.013617	0.372073968
126.060553	0.371532963
126.106894	0.375849541
126.153693	0.372019654
126.199683	0.378566979
126.247122	0.366957304
126.293295	0.37695433
126.339682	0.375328694
126.386481	0.372648597
126.433646	0.370551506
126.479605	0.380614938
126.526419	0.374480864
126.573309	0.374160064
126.620337	0.372636582
126.667075	0.374318575
126.713812	0.374177919
126.760245	0.376842928
126.807013	0.374765887
126.853903	0.374402541
126.90061	0.375593304
126.947302	0.375470206
126.994208	0.373897897
127.040884	0.376171967
127.087515	0.377413813
127.133765	0.381034209
127.181235	0.371334233
127.227698	0.379267616
127.274756	0.3744955
127.321539	0.376704054
127.368414	0.376424632
127.41503	0.378377265
127.462256	0.37377354
127.508643	0.380192779
127.555121	0.379490308
127.603079	0.367983444
127.649146	0.3833184
127.696875	0.370894808
127.742865	0.385669818
127.790015	0.376419576
127.836981	0.378169931
127.883353	0.383215475
127.930411	0.378061471
127.976996	0.382740273
128.024527	0.376362798
128.071539	0.381773822
128.117987	0.387128911
128.164801	0.383817659
128.211676	0.382452114
128.258673	0.380387721
128.305106	0.384124009
128.352026	0.38027192
128.398871	0.381183439
128.446097	0.378678338
128.492651	0.384974573
128.539633	0.381992597
128.586768	0.381543182
128.633459	0.386188685
128.680426	0.384792558
128.727621	0.38341844
128.774359	0.387404422
128.820898	0.3884233
128.867697	0.38533934
128.913992	0.389164877
128.961432	0.379856833
129.008093	0.386912422
129.055167	0.384473336
129.101965	0.387803859
129.148611	0.390324374
129.195746	0.387252113
129.243063	0.386318896
129.289313	0.395469041
129.336905	0.384327398
129.383566	0.391952392
129.430334	0.390586722
129.477606	0.385913393
129.523779	0.394915355
129.570578	0.389591579
129.617956	0.384748447
129.665152	0.38647054
129.71189	0.390724765
129.758902	0.388900184
129.806296	0.386981923
129.852637	0.39693322
129.900153	0.387632123
129.946509	0.397541865
129.993887	0.388721822
130.040533	0.394393766
130.087744	0.388997867
130.134161	0.394669651
130.181586	0.385509967
130.2284	0.390106081
130.275915	0.38431696
130.322455	0.392717874
130.370413	0.381685204
130.416907	0.395056286
130.463629	0.394543177
130.510352	0.395506214
130.557349	0.393678172
130.60488	0.389331669
130.652228	0.390572241
130.698126	0.402852339
130.745215	0.392382366
130.792853	0.387362478
130.840048	0.390830628
130.886786	0.395120353
130.934271	0.389457203
130.981116	0.395158949
131.028494	0.391260053
131.0754	0.396273229
131.123099	0.390735517
131.169272	0.404260948
131.217123	0.390550247
131.263663	0.401686108
131.311316	0.391927589
131.358572	0.394806201
131.405295	0.398800079
131.452918	0.390269602
131.499396	0.399673047
131.546729	0.39226722
131.594199	0.391467908
131.641653	0.392910708
131.688544	0.399240797
131.735602	0.399050843
131.783026	0.397146208
131.830801	0.394858209
131.877844	0.400840541
131.925772	0.392845014
131.972846	0.399444041
132.019156	0.40571379
132.066596	0.395145081
132.114142	0.394187282
132.162192	0.390430409
132.209463	0.397744907
132.256247	0.403409151
132.303839	0.398207217
132.350851	0.404525517
132.398398	0.400691787
132.446097	0.399686332
132.493704	0.400668035
132.540381	0.408357975
132.588232	0.397719192
132.63613	0.396681757
132.682791	0.406517664
132.730719	0.395325295
132.777594	0.404151729
132.82511	0.399237597
132.87316	0.395962319
132.920538	0.402862823
132.967688	0.406246618
133.01586	0.398990674
133.062689	0.41103847
133.110663	0.401560663
133.158011	0.407348068
133.205542	0.405621749
133.252966	0.405936316
133.300207	0.406208964
133.347662	0.403622801
133.39556	0.399830114
133.442587	0.407649225
133.490393	0.401937645
133.537955	0.405204334
133.585471	0.407141887
133.633215	0.406162024
133.680533	0.410386442
133.728354	0.406839398
133.775549	0.412820904
133.823294	0.408124749
133.870764	0.410622258
133.918005	0.41182636
133.96572	0.40675876
134.013602	0.40463525
134.061148	0.407567749
134.108389	0.411508083
134.155951	0.409886071
134.203177	0.413667931
134.251257	0.407411613
134.298438	0.416056772
134.345892	0.414543357
134.39411	0.408279277
134.441412	0.415998876
134.488745	0.415420988
134.536169	0.413679304
134.583853	0.410578629
134.631644	0.409538078
134.678961	0.414120099
134.726431	0.41399213
134.773779	0.416163507
134.821722	0.411565825
134.869116	0.417006286
134.917181	0.411873785
134.964438	0.419280141
135.011862	0.417764343
135.059454	0.416228853
135.106818	0.417935229
135.155371	0.406631198
135.202795	0.415152517
135.250098	0.415951519
135.297919	0.411779458
135.344809	0.421297014
135.39292	0.412197298
135.440375	0.418651947
135.48844	0.414148766
135.535986	0.419289191
135.58338	0.421163912
135.631354	0.416253592
135.679526	0.414528829
135.727591	0.414933704
135.775259	0.417464972
135.822379	0.421721441
135.870291	0.414732268
135.917929	0.417621547
135.965781	0.416825449
136.013693	0.417440949
136.061713	0.417458281
136.109	0.424735681
136.156454	0.423741167
136.20452	0.418788026
136.252066	0.42311431
136.299399	0.424728616
136.34754	0.417541343
136.39469	0.426430422
136.442969	0.416004624
136.490683	0.420364169
136.538046	0.423241113
136.585715	0.421069853
136.633261	0.423793589
136.681632	0.41764631
136.72904	0.426823555
136.776083	0.43047416
136.824637	0.417134466
136.871939	0.428134091
136.919653	0.424111608
136.966925	0.427757046
137.015295	0.417719018
137.062354	0.429011633
137.110068	0.422625822
137.15737	0.426150264
137.205512	0.418814569
137.2535	0.42100274
137.301047	0.426308918
137.3487	0.426205004
137.396674	0.423852067
137.444525	0.425157095
137.492117	0.427328689
137.539771	0.426546018
137.587805	0.422784578
137.634863	0.431257102
137.682837	0.422411741
137.730627	0.423085098
137.778159	0.425365177
137.826025	0.422527418
137.873495	0.427284086
137.921652	0.422692389
137.969	0.430909807
138.016837	0.426889855
138.064856	0.425340347
138.112494	0.428551676
138.159659	0.43254281
138.207861	0.422997692
138.255408	0.428705403
138.303503	0.42390243
138.351813	0.421591008
138.398856	0.432339657
138.446814	0.423855118
138.494543	0.426230852
138.542319	0.427211504
138.589209	0.436746206
138.637747	0.422804329
138.685538	0.429983675
138.733618	0.427421223
138.781592	0.428118288
138.829352	0.429745982
138.877081	0.42975374
138.924185	0.435238493
138.971976	0.428808103
139.019919	0.426433128
139.06774	0.427004168
139.11553	0.427273618
139.162817	0.432859892
139.211173	0.425043051
139.258566	0.434925925
139.306418	0.431162054
139.354804	0.426341054
139.401556	0.441071498
139.449988	0.425912962
139.497198	0.436715239
139.545279	0.42848112
139.592825	0.433074047
139.640845	0.428267654
139.687796	0.437214943
139.736304	0.423437236
139.784049	0.430875451
139.832083	0.429878158
139.879691	0.43502015
139.926917	0.439351808
139.975348	0.428899922
140.022909	0.436591701
140.071219	0.429498703
140.11843	0.439062635
140.166281	0.433133488
140.213934	0.434955225
140.261893	0.431926817
140.309714	0.432596392
140.357321	0.434205178
140.404715	0.436459027
140.453055	0.429504605
140.500281	0.441152701
140.548254	0.435099251
140.596487	0.432723251
140.643881	0.440089897
140.691641	0.436517605
140.739584	0.434637769
140.787573	0.434366671
140.835257	0.437276229
140.882727	0.438757918
140.930701	0.433185579
140.978293	0.436239965
141.026526	0.431044529
141.074484	0.434975612
141.122458	0.436317382
141.169699	0.443793395
141.217841	0.435662209
141.265418	0.440732552
141.313742	0.433776955
141.36106	0.443010458
141.408667	0.440401128
141.45693	0.434268577
141.505072	0.434663446
141.552725	0.438582464
141.600546	0.437075628
141.648154	0.43932884
141.696127	0.436857828
141.744147	0.43755055
141.792197	0.437781573
141.840353	0.437024129
141.887885	0.442657304
141.936209	0.435586892
141.98374	0.443098085
142.031622	0.439679313
142.079672	0.438018565
142.128104	0.434548647
142.175482	0.443595124
142.223517	0.436975545
142.271109	0.440860576
142.31922	0.436655946
142.366568	0.444664036
142.414664	0.439095714
142.461996	0.44712531
142.510504	0.437029521
142.558112	0.445611955
142.606314	0.439992145
142.65444	0.440447168
142.701941	0.445947493
142.750037	0.439936116
142.797751	0.44280253
142.846045	0.436577818
142.893759	0.44140805
142.941626	0.440096061
142.989615	0.439714449
143.037634	0.440761062
143.085379	0.444126334
143.133566	0.440748021
143.181067	0.447775864
143.228964	0.44447655
143.277045	0.443101693
143.325263	0.441772206
143.372946	0.446276978
143.420447	0.446860436
143.468222	0.443381855
143.516486	0.438553861
143.564871	0.437804247
143.612189	0.448523023
143.660941	0.436396151
143.70835	0.449592761
143.756171	0.446231242
143.804068	0.445951607
143.851752	0.448439948
143.900122	0.442628366
143.947867	0.448437869
143.995566	0.448628999
144.043707	0.444166867
144.091559	0.446048131
144.139166	0.447828034
144.187079	0.444997763
144.235251	0.443128231
144.283118	0.446913841
144.331564	0.442210718
144.379065	0.451744792
144.427481	0.443649999
144.475531	0.44721974
144.523245	0.45038092
144.571158	0.448136386
144.619467	0.444008818
144.666922	0.451562686
144.715048	0.444408957
144.762717	0.44815889
144.811011	0.442354122
144.859488	0.441156365
144.906897	0.452491557
144.95542	0.443456883
145.002783	0.455390416
145.051444	0.443895853
145.09899	0.454253868
145.147528	0.444746956
145.195441	0.450089371
145.24343	0.449182573
145.291342	0.4498139
145.33985	0.443034446
145.38748	0.450393018
145.435522	0.446384668
145.483641	0.445880271
145.531531	0.449235444
145.578993	0.454740531
145.62715	0.449110479
145.675452	0.448567437
145.722968	0.456274663
145.770804	0.4530774
145.819464	0.445242743
145.867583	0.450153266
145.915488	0.452382788
145.963759	0.449244409
146.011649	0.451740497
146.059676	0.449741914
146.107077	0.455580043
146.155661	0.445375443
146.203589	0.452588047
146.251631	0.452396231
146.299712	0.452525303
146.348502	0.446349364
146.396132	0.457481945
146.443762	0.457873227
146.491957	0.45258902
146.5399	0.454932722
146.58837	0.450161633
146.635947	0.458363313
146.684477	0.448795059
146.731955	0.458323758
146.780226	0.450959231
146.827872	0.458001215
146.875952	0.454724636
146.924048	0.455122135
146.97222	0.454586692
147.02088	0.450004453
147.068175	0.463024166
147.116423	0.45391015
147.164503	0.455518292
147.212805	0.453568664
147.260634	0.457761667
147.30844	0.457734931
147.356528	0.455083805
147.404631	0.455292636
147.452445	0.459320912
147.50083	0.454747356
147.549048	0.456641397
147.596815	0.461022183
147.645308	0.454261569
147.69364	0.455562369
147.741537	0.459685237
147.789626	0.45784769
147.837546	0.459612433
147.886023	0.453703375
147.933867	0.459888339
147.981543	0.461834414
148.030081	0.454082204
148.077902	0.461696178
148.126234	0.457375426
148.174376	0.459461827
148.222517	0.459642679
148.270628	0.460114696
148.318846	0.459372188
148.367232	0.457841752
148.414831	0.46547122
148.463141	0.458665028
148.511229	0.461011788
148.559912	0.455075762
148.607512	0.465113319
148.65592	0.45724539
148.703909	0.462068389
148.751738	0.464371954
148.799414	0.466288516
148.847891	0.458826346
148.896315	0.459369492
148.944495	0.461690015
148.992522	0.463304268
149.04061	0.46278089
149.088248	0.467366935
149.136748	0.45918144
149.184821	0.462968023
149.233	0.461750693
149.280691	0.466671398
149.328627	0.46461038
149.377036	0.460934338
149.425085	0.464690916
149.473692	0.459410633
149.521986	0.462092567
149.570113	0.463583173
149.61756	0.470236477
149.66606	0.459842002
149.714072	0.464399948
149.76171	0.467901527
149.809904	0.461450188
149.858351	0.459132644
149.906439	0.46290095
149.954375	0.464891161
150.00231	0.465951842
150.050131	0.467503568
150.098799	0.459462648
150.14704	0.463405203
150.19499	0.465993336
150.242949	0.465717066
150.290999	0.464919589
150.338896	0.466335564
150.387511	0.459462777
150.435454	0.46625937
150.48345	0.465412902
150.53166	0.463519874
150.579565	0.466765639
150.627241	0.469388632
150.675993	0.459856084
150.72386	0.468622653
150.772078	0.465491216
150.82038	0.464557161
150.868674	0.464543539
150.917334	0.460962575
150.965384	0.466734442
151.013213	0.469282059
151.060988	0.470510135
151.109084	0.46759302
151.157866	0.460771926
151.205191	0.475328488
151.253584	0.465156337
151.301657	0.468910995
151.350066	0.466671677
151.398085	0.470934822
151.446043	0.47173336
151.494475	0.466873743
151.541983	0.475518235
151.590453	0.465881337
151.638296	0.471939624
151.686339	0.469857254
151.734091	0.472318037
151.782629	0.46431454
151.83029	0.472793019
151.878363	0.468365032
151.926436	0.468707272
151.974722	0.467298913
152.022589	0.471738517
152.070677	0.469859384
152.119406	0.463989775
152.167067	0.474495108
152.21527	0.469455591
152.262373	0.480634387
152.310873	0.467057913
152.359434	0.466655753
152.40708	0.474662455
152.455321	0.469280977
152.50347	0.470263105
152.551451	0.472038125
152.599539	0.471374003
152.647856	0.469487998
152.695685	0.474568734
152.743651	0.473481082
152.791739	0.472576074
152.839812	0.472956357
152.887678	0.475011311
152.93553	0.475567878
152.984129	0.468690141
153.032309	0.47325844
153.08029	0.474931891
153.128157	0.476688505
153.176367	0.47364758
153.224509	0.474655653
153.272269	0.479119316
153.31983	0.482125778
153.368018	0.476935653
153.415915	0.48090902
153.464705	0.472351142
153.512564	0.481775989
153.560042	0.48565904
153.608664	0.473990628
153.656744	0.479370087
153.704893	0.478557332
153.752112	0.4878851
153.800749	0.473401064
153.848792	0.479145168
153.89659	0.482106524
153.94493	0.477004374
153.992896	0.481091655
154.040709	0.482772255
154.088713	0.480850154
154.136282	0.485106736
154.184233	0.48063078
154.23152	0.486969282
154.280356	0.471260721
154.328116	0.481640953
154.37628	0.477374196
154.423766	0.48333094
154.471838	0.476712129
154.519881	0.477110964
154.567999	0.477330007
154.616209	0.477396995
154.663969	0.482649929
154.711554	0.484340453
154.759688	0.478696163
154.807303	0.483477507
154.854834	0.484039203
154.903098	0.476340096
154.950484	0.484834543
154.998206	0.480616249
155.046606	0.473269047
155.094458	0.478669792
155.142348	0.479002217
155.190276	0.479784057
155.237357	0.48890501
155.285513	0.477870788
155.334059	0.473692364
155.381407	0.485238493
155.42945	0.478113628
155.477606	0.477228431
155.525214	0.483097489
155.573103	0.480562225
155.621481	0.475384313
155.669035	0.483267322
155.716399	0.485585587
155.764738	0.476247187
155.812559	0.48174676
155.860785	0.477381582
155.908728	0.479778749
155.956343	0.483066017
156.004378	0.47941054
156.05274	0.476416306
156.100424	0.48324624
156.148055	0.484108428
156.195982	0.481463676
156.244078	0.480333688
156.292288	0.479634154
156.34046	0.479902584
156.388144	0.484369359
156.435889	0.483277462
156.483702	0.482218754
156.531485	0.482717451
156.580016	0.476083639
156.628073	0.481445671
156.675971	0.484063975
156.724516	0.478021283
156.772391	0.484990252
156.820342	0.484640513
156.868719	0.481173346
156.916411	0.488475457
156.964774	0.4815343
157.012595	0.486762738
157.060995	0.480801497
157.109862	0.476419549
157.157751	0.486724771
157.205969	0.484188045
157.253989	0.486733267
157.302206	0.48505303
157.350119	0.488714867
157.398177	0.488238989
157.446921	0.48232995
157.494719	0.492458988
157.542647	0.491311446
157.590506	0.492523663
157.639204	0.484138647
157.68727	0.489825578
157.734969	0.493084933
157.78311	0.488293974
157.831625	0.485043957
157.87995	0.487830551
157.927466	0.496776478
157.97547	0.492275054
158.02355	0.492087983
158.071822	0.490536978
158.119658	0.495177033
158.168021	0.489869581
158.215834	0.495592902
158.26422	0.48967845
158.311926	0.496544469
158.360022	0.492606348
158.407599	0.497944647
158.455397	0.495520438
158.503592	0.491935832
158.552535	0.485081164
158.600165	0.498641002
158.648322	0.492772058
158.69612	0.496517867
158.744368	0.492176549
158.792319	0.495578333
158.84014	0.497366991
158.888106	0.496346401
158.936285	0.494849235
158.984419	0.495663728
159.032523	0.496053106
159.080618	0.495992259
159.128516	0.497461346
159.176703	0.49487452
159.22428	0.501543559
159.272719	0.492369807
159.320608	0.497582942
159.368559	0.496533061
159.416716	0.4944397
159.4644	0.49946808
159.513045	0.489977589
159.560934	0.498233811
159.608901	0.497684656
159.657515	0.491142247
159.705405	0.498340389
159.753096	0.500591126
159.801741	0.491025852
159.849676	0.498579579
159.897871	0.495831072
159.945822	0.498463938
159.993849	0.497808757
160.042494	0.491787718
160.090392	0.499597841
160.138564	0.497018157
160.187399	0.490083591
160.234847	0.504411333
160.283621	0.490758007
160.331702	0.497752811
160.379408	0.501448177
160.427832	0.494641099
160.476271	0.49472606
160.524245	0.500354011
160.573195	0.490813078
160.620299	0.510380469
160.669165	0.492088781
160.717177	0.501426446
160.765501	0.498874472
160.812987	0.508099324
160.861273	0.499672968
160.909529	0.499833138
160.95748	0.503074331
161.005858	0.498946538
161.054244	0.499486267
161.102103	0.505437449
161.149954	0.505808783
161.19834	0.50055649
161.246275	0.505334239
161.294279	0.50496906
161.34268	0.50116158
161.391028	0.501992526
161.439001	0.50632743
161.487273	0.503487886
161.535261	0.50654018
161.583548	0.503445911
161.631766	0.504242861
161.679808	0.506096279
161.728377	0.500981649
161.776007	0.511418572
161.82424	0.50535647
161.872611	0.504044689
161.920615	0.507806224
161.969016	0.503625672
162.017157	0.506203532
162.06449	0.514879248
162.11315	0.499945395
162.161444	0.503356559
162.209677	0.504236099
162.257552	0.508315685
162.306219	0.500361475
162.354224	0.507731208
162.402312	0.507106154
162.450636	0.504915822
162.499449	0.500200279
162.547438	0.509249706
162.595671	0.506968733
162.642859	0.518254087
162.691336	0.504601733
162.739477	0.508734519
162.788184	0.502712111
162.836317	0.508857094
162.884512	0.508659238
162.932822	0.507567292
162.981299	0.506607009
163.029585	0.509218805
163.078444	0.503971939
163.125998	0.51840314
163.174284	0.510538816
163.222403	0.512650255
163.271147	0.506257943
163.319037	0.515738691
163.367758	0.507543078
163.415144	0.521655782
163.464339	0.50247152
163.511702	0.522076245
163.560599	0.505450984
163.608488	0.516335242
163.656782	0.512336081
163.705145	0.512128041
163.753661	0.511306819
163.801855	0.515097604
163.849936	0.516331269
163.898337	0.513166513
163.945608	0.525638547
163.994368	0.509865651
164.043036	0.510455763
164.091002	0.517891764
164.139197	0.515735858
164.18698	0.520198137
164.235648	0.510509619
164.284064	0.513421963
164.332114	0.517732633
164.380591	0.513823909
164.429251	0.512049359
164.476881	0.523188253
164.525641	0.511104426
164.573798	0.517867829
164.622244	0.514900025
164.669829	0.523914636
164.718611	0.511042498
164.766768	0.518025472
164.815794	0.508984685
164.864027	0.517673214
164.911864	0.522365558
164.95983	0.521421121
165.008742	0.51180697
165.05699	0.519446925
165.105658	0.515453221
165.153532	0.524455525
165.201918	0.519346275
165.250136	0.52170462
165.298964	0.515675851
165.347105	0.523019639
165.395529	0.519466469
165.443838	0.520487015
165.491995	0.52180684
165.540221	0.521286593
165.588477	0.521499315
165.637083	0.518577773
165.684996	0.526613184
165.733504	0.520276774
165.781737	0.523677005
165.82984	0.525416737
165.8786	0.518568067
165.927267	0.519950457
165.975066	0.529321913
166.023489	0.522307122
166.071799	0.52277219
166.11962	0.527729135
166.167868	0.522953207
166.216162	0.522700057
166.264395	0.523684104
166.312628	0.524089954
166.361822	0.514226909
166.409773	0.528117623
166.458006	0.525079244
166.505598	0.532378222
166.554015	0.523238866
166.602667	0.520502441
166.651221	0.521513738
166.698592	0.53386747
166.746748	0.524730838
166.794882	0.52455773
166.843436	0.520134021
166.891745	0.523205208
166.939375	0.531319276
166.988028	0.520777244
167.036009	0.528532022
167.084318	0.525081573
167.131972	0.532695927
167.181036	0.51720805
167.228529	0.534149739
167.276328	0.530589669
167.324881	0.521722419
167.373572	0.519676107
167.421622	0.526233888
167.468962	0.533614889
167.517668	0.51860195
167.565619	0.527465872
167.61376	0.525461478
167.662146	0.523786505
167.710562	0.52389931
167.758437	0.530071425
167.806349	0.529833834
167.854681	0.525667265
167.903029	0.525662534
167.951392	0.524797394
167.999686	0.524726622
168.047369	0.530976317
168.095847	0.522004
168.144095	0.524309617
168.192427	0.523450532
168.240508	0.526383873
168.288252	0.530561527
168.335921	0.532003348
168.385832	0.508883686
168.433897	0.529155005
168.482222	0.526754759
168.52989	0.534073756
168.578688	0.521456081
168.626997	0.526027392
168.674933	0.529673611
168.723715	0.520430647
168.771719	0.528621767
168.819571	0.530461412
168.868536	0.518706478
168.916769	0.52681806
168.965338	0.523770078
169.013396	0.530227675
169.061514	0.530534616
169.110121	0.525761788
169.158728	0.52634839
169.206976	0.530351184
169.255637	0.525655108
169.304358	0.525080947
169.3524	0.532611522
169.400969	0.526463267
169.449255	0.529304674
169.498152	0.522949389
169.546606	0.528190109
169.595084	0.528650367
169.643744	0.527820994
169.691977	0.533436746
169.740851	0.527131912
169.789206	0.533277036
169.837439	0.535080953
169.886824	0.522232185
169.934996	0.535105964
169.98326	0.534139282
170.032309	0.524997229
170.081007	0.528486553
170.129973	0.525661561
170.177733	0.53933936
170.226034	0.533775581
170.275252	0.524691182
170.324217	0.528208555
170.372084	0.541269955
170.420737	0.532986935
170.469336	0.533763424
170.518134	0.531654584
170.566382	0.537557311
170.615218	0.531068158
170.663428	0.537832369
170.712057	0.532854598
170.760855	0.530181721
170.809332	0.533688771
170.857901	0.532936498
170.906599	0.531825999
170.955206	0.533675453
171.003493	0.538196537
171.052031	0.536457297
171.100523	0.537978313
171.148413	0.545097077
171.197073	0.536699491
171.245512	0.539468671
171.29431	0.535646376
171.3422	0.545635759
171.39054	0.54026026
171.438391	0.54543266
171.487662	0.529610024
171.535757	0.542352527
171.584593	0.534748358
171.632162	0.549627885
171.680655	0.539935922
171.729079	0.541134037
171.777685	0.539079277
171.825591	0.546830337
171.87361	0.545533928
171.921332	0.548663989
171.969824	0.539879127
172.018462	0.537972218
172.067053	0.537721237
172.11537	0.540087245
172.163825	0.538561014
172.211478	0.547983384
172.260008	0.538448826
172.308272	0.542003755
172.356596	0.541937688
172.40518	0.539129581
172.452757	0.550308106
172.501326	0.53888101
172.550238	0.534987881
172.597701	0.551288336
172.646551	0.535271597
172.694342	0.546930464
172.742781	0.539378121
172.791609	0.535084662
172.839743	0.543280932
172.888441	0.537602993
172.936644	0.543948005
172.985251	0.540141923
173.033743	0.542135537
173.081267	0.553423562
173.129965	0.54009206
173.178114	0.545871643
173.227156	0.53599958
173.274794	0.552052599
173.323889	0.535645199
173.371245	0.555200398
173.419852	0.540855562
173.467985	0.54663358
173.516814	0.53930391
173.565604	0.539879709
173.613547	0.549915731
173.661925	0.545263064
173.710326	0.545234595
173.758681	0.545685031
173.807494	0.540419641
173.85517	0.553179052
173.90338	0.547122028
173.951903	0.543762385
174.000929	0.538329156
174.049307	0.545539205
174.098059	0.541636006
174.146666	0.543808491
174.195097	0.546390997
174.243002	0.552804827
174.291396	0.547802429
174.340399	0.541412228
174.38893	0.547071734
174.436911	0.553796128
174.485915	0.542468989
174.533835	0.555034872
174.582724	0.544398516
174.631461	0.546304106
174.680632	0.541115827
174.728728	0.55346715
174.777106	0.550681446
174.82588	0.546706537
174.874235	0.552247342
174.923239	0.545289094
174.971899	0.549530633
175.019583	0.561186146
175.068282	0.549741865
175.116675	0.553432949
175.166014	0.542916
175.214194	0.556139511
175.263899	0.539229912
175.312254	0.554549455
175.36125	0.547383007
175.409377	0.557699027
175.458334	0.54872909
175.506689	0.55604277
175.556067	0.544844067
175.604002	0.561472129
175.653494	0.543969807
175.702193	0.552893351
175.750624	0.556170808
175.799277	0.553773305
175.848143	0.551799582
175.897711	0.543943113
175.945937	0.558822773
175.995047	0.548485219
176.044005	0.550051848
176.092894	0.550870794
176.142142	0.547149904
176.19036	0.559237724
176.239203	0.552339341
176.28739	0.560205138
176.336745	0.547342077
176.385786	0.551158734
176.435255	0.546449482
176.483893	0.556397146
176.532477	0.557287137
176.581168	0.555752955
176.629469	0.560225886
176.679472	0.540852703
176.728621	0.550085745
176.777564	0.552494883
176.826239	0.55574074
176.8748	0.557254346
176.92388	0.551752407
176.972571	0.556306901
177.021567	0.553151853
177.069815	0.562075346
177.119421	0.547384063
177.168341	0.555221312
177.217055	0.557579876
177.265524	0.560462747
177.314123	0.559052331
177.363081	0.555290886
177.412253	0.553431873
177.461577	0.552052881
177.509757	0.565398931
177.558829	0.555389851
177.60813	0.552952352
177.65647	0.564264766
177.706244	0.548243361
177.754729	0.563408856
177.803748	0.557380699
177.852896	0.555956524
177.901404	0.563401906
177.950232	0.559849588
177.998854	0.562486946
178.04772	0.560020191
178.097342	0.551576337
178.145461	0.568970234
178.194724	0.555852226
178.243353	0.563276379
178.292098	0.561930725
178.341147	0.558556384
178.390349	0.557006051
178.439116	0.562224739
178.487799	0.563194222
178.53678	0.559953117
178.585883	0.558814701
178.634871	0.560671089
178.684264	0.55671565
178.733481	0.558836725
178.782263	0.563987601
178.830992	0.564813389
178.87995	0.562587485
178.92932	0.558125775
178.977576	0.571380896
179.026946	0.558895585
179.07588	0.563924784
179.124548	0.566626342
179.174284	0.554669758
179.222739	0.569730066
179.272154	0.559093372
179.320914	0.567418908
179.369391	0.571049718
179.418959	0.558144017
179.467703	0.567010518
179.51705	0.560085353
179.565436	0.571745117
179.6146	0.563097092
179.663176	0.570059557
179.712416	0.562234568
179.761252	0.566670172
179.810156	0.566502207
179.859068	0.566720454
179.908461	0.561434424
179.956961	0.572561832
180.005797	0.569078469
180.055304	0.561424649
180.103972	0.571084268
180.152602	0.571510126
180.201994	0.562744848
180.251135	0.56588794
180.300413	0.564703427
180.349127	0.571514707
180.398192	0.567133009
180.447028	0.569682629
180.495642	0.572765491
180.544714	0.568052995
180.593268	0.574891901
180.642432	0.568388384
180.691573	0.568715679
180.741019	0.565064259
180.78929	0.578471586
180.838324	0.569172112
180.886992	0.573495663
180.936476	0.563993523
180.985258	0.57210946
181.034422	0.56761775
181.083075	0.573298521
181.13172	0.573338801
181.18064	0.570275471
181.229796	0.568240101
181.278723	0.571807286
181.328223	0.565643513
181.376433	0.580850476
181.426009	0.564557401
181.474272	0.579537678
181.524054	0.561549465
181.57247	0.577729075
181.621336	0.572536784
181.670859	0.564575354
181.719557	0.573867157
181.769362	0.560930881
181.817336	0.582552288
181.86682	0.564945396
181.915236	0.578307749
181.964652	0.566675029
182.013525	0.5730673
182.062437	0.572551829
182.111227	0.573909938
182.159857	0.5757086
182.208632	0.574083046
182.258055	0.566795196
182.307112	0.570306329
182.355627	0.576878207
182.405394	0.56245724
182.454207	0.573695755
182.502966	0.574453761
182.551794	0.57405075
182.60076	0.572520439
182.650244	0.566784722
182.698775	0.578283083
182.748457	0.565094807
182.796629	0.583025059
182.84577	0.571791848
182.894827	0.573141558
182.943778	0.574817285
182.992415	0.578601367
183.042052	0.566754782
183.091071	0.573832019
183.139983	0.575236149
183.188437	0.580880184
183.237021	0.57980085
183.2862	0.573341808
183.335585	0.571438769
183.384474	0.577790259
183.433516	0.576373959
183.482329	0.579395405
183.531813	0.572136279
183.57984	0.589936104
183.628981	0.576816525
183.677893	0.579197275
183.726645	0.580795309
183.775633	0.57765991
183.824332	0.581181443
183.873396	0.577460076
183.922682	0.575101079
183.971365	0.582347991
184.020087	0.581942184
184.068579	0.584710765
184.117369	0.581249931
184.165938	0.584029179
184.215704	0.570151881
184.263945	0.588402097
184.31272	0.581892115
184.361594	0.580707626
184.410948	0.575188446
184.459624	0.583597093
184.508215	0.585430622
184.556815	0.58552263
184.606383	0.574124679
184.654715	0.588834198
184.704398	0.572413882
184.753493	0.579264747
184.801993	0.586461262
184.850745	0.5834618
184.899413	0.583977831
184.948546	0.578318837
184.998129	0.573111031
185.046843	0.583196019
185.095763	0.580741775
185.144667	0.580751433
185.193381	0.583061143
185.242186	0.58233311
185.291487	0.576755372
185.340002	0.586305978
185.389426	0.575784768
185.438193	0.583760852
185.48738	0.578870304
185.535483	0.592003493
185.58528	0.571573143
185.6341	0.582683091
185.682776	0.584291893
185.731604	0.582404581
185.780844	0.578081425
185.830145	0.577537993
185.879011	0.582801915
185.927458	0.588153436
185.97695	0.5763588
186.025847	0.584308683
186.074904	0.583146869
186.123862	0.58511442
186.172407	0.590543354
186.2218	0.58127701
186.270628	0.588649553
186.319968	0.582961465
186.368216	0.595306168
186.417578	0.581763566
186.46604	0.592059683
186.515517	0.579649544
186.564719	0.582930477
186.613623	0.58682748
186.663458	0.576511232
186.711729	0.59552772
186.760596	0.588570681
186.810126	0.580999081
186.859106	0.587747579
186.908118	0.587945593
186.957671	0.581876882
187.006361	0.592218659
187.055266	0.589456368
187.104277	0.587886163
187.15354	0.584644378
187.202277	0.590757757
187.251311	0.587467623
187.300955	0.580690289
187.34976	0.590936663
187.399008	0.585944423
187.447813	0.591396057
187.496481	0.593174124
187.545386	0.590786227
187.594504	0.588694333
187.643774	0.587107393
187.692404	0.595016168
187.741446	0.589510089
187.790503	0.588780865
187.839896	0.584272467
187.88867	0.591595472
187.93717	0.595042846
187.986868	0.580878345
188.035551	0.593055747
188.084494	0.589929017
188.133635	0.587453075
188.182929	0.585759659
188.231924	0.589564726
188.279868	0.602501621
188.329489	0.582205993
188.378104	0.59393871
188.426939	0.590642424
188.475943	0.588113133
188.524695	0.590756657
188.573492	0.590344338
188.622214	0.59169872
188.671042	0.590671364
188.719656	0.593621967
188.76879	0.587598283
188.817084	0.597961059
188.865927	0.591833115
188.914969	0.589943671
188.963553	0.595812102
189.012503	0.591161352
189.061484	0.590514706
189.110144	0.594027575
189.158957	0.591782035
189.207816	0.591068899
189.2563	0.595972196
189.305228	0.590796389
189.354384	0.588159021
189.402991	0.595102671
189.451468	0.596664451
189.500769	0.587092297
189.548972	0.600680285
189.597525	0.596481157
189.646429	0.591957144
189.695113	0.594227889
189.744238	0.588578242
189.792853	0.594841054
189.841612	0.593489535
189.890967	0.587001708
189.939009	0.603776844
189.988058	0.5922111
190.03678	0.596983248
190.085394	0.598791217
190.134634	0.59186608
190.183218	0.600628406
190.231627	0.603249191
190.280905	0.592827577
190.32968	0.598886864
190.378256	0.600884823
190.427115	0.596939584
190.475798	0.598842766
190.524283	0.6010231
190.573447	0.5927576
190.622519	0.593946132
190.671553	0.594987557
190.720549	0.595881918
190.769293	0.599453885
190.818671	0.592108787
190.867079	0.604483094
190.916228	0.595669698
190.965567	0.593310381
191.013304	0.612727546
191.063536	0.581488402
191.112174	0.599917383
191.161322	0.593381656
191.210585	0.592058174
191.259314	0.599239963
191.30831	0.596861465
191.357687	0.593052716
191.406088	0.605948862
191.455603	0.593108318
191.504408	0.602872702
191.553725	0.597544945
191.602568	0.603915661
191.651846	0.598538253
191.700766	0.602786865
191.749876	0.600151604
191.799162	0.598050389
191.848311	0.600314368
191.897269	0.603404931
191.946432	0.601660462
191.996275	0.593880496
192.044905	0.609008573
192.094191	0.601209615
192.143378	0.60305518
192.191946	0.611201792
192.240927	0.60634906
192.290434	0.599336651
192.339758	0.601186274
192.388831	0.603608871
192.438475	0.596432324
192.486861	0.612231932
192.536352	0.599029195
192.585387	0.604958496
192.634192	0.608016158
192.683394	0.60299155
192.732565	0.603457428
192.782462	0.594753094
192.830939	0.61292062
192.880225	0.603172394
192.929373	0.604780128
192.978613	0.603560361
193.028166	0.599701053
193.077002	0.608604981
193.126936	0.59577504
193.176085	0.605781435
193.225157	0.606949
193.274054	0.60933119
193.323798	0.599495133
193.372893	0.608023638
193.421584	0.614049257
193.471472	0.599878343
193.520163	0.615037122
193.569388	0.607616178
193.618613	0.607191044
193.667975	0.605251823
193.717223	0.606546785
193.765746	0.616377707
193.815512	0.601389972
193.864577	0.61054846
193.915182	0.592380294
193.963477	0.621451776
194.012823	0.608625229
194.061842	0.61310728
194.111365	0.607100436
194.160422	0.612665815
194.210211	0.602776359
194.259253	0.611225046
194.307867	0.616071999
194.358077	0.596339324
194.40679	0.614904294
194.456252	0.605789765
194.505125	0.61351522
194.554602	0.606462663
194.604254	0.604420995
194.653372	0.610899943
194.702834	0.60610843
194.752371	0.604629957
194.800803	0.617894186
194.850455	0.601848255
194.899916	0.603611053
194.948843	0.610521871
194.998015	0.607808047
195.047682	0.602634111
195.096014	0.620107855
195.145956	0.600901353
195.195135	0.610566535
195.243864	0.616479236
195.293425	0.605870969
195.342558	0.610734946
195.392157	0.604683614
195.441252	0.61011658
195.491042	0.600844463
195.539831	0.612938538
195.589217	0.60553755
195.639136	0.599395954
195.687697	0.616497246
195.73712	0.606701261
195.786452	0.608548929
195.835585	0.611447553
195.88526	0.604857383
195.934149	0.614500795
195.983702	0.606276499
196.032873	0.610841395
196.08203	0.610499333
196.131667	0.60433891
196.181105	0.606811762
196.229742	0.617242867
196.279303	0.606939046
196.328589	0.611921713
196.378058	0.610836338
196.427992	0.60613899
196.476897	0.619149505
196.52632	0.6128302
196.575194	0.619541981
196.624457	0.614485064
196.673598	0.615961604
196.723288	0.608354114
196.772383	0.615557435
196.821387	0.616782798
196.870421	0.617126948
196.920172	0.609579813
196.96945	0.616296215
197.018637	0.617834872
197.06774	0.618896004
197.117377	0.611959799
197.166983	0.61227142
197.216544	0.612661661
197.265379	0.621707834
197.314909	0.612565986
197.364012	0.617111054
197.413611	0.611174052
197.463309	0.610211958
197.512572	0.615632101
197.562132	0.612285829
197.611792	0.611285511
197.660284	0.625863
197.70983	0.612338739
197.759199	0.614348424
197.808539	0.614447847
197.857581	0.61816091
197.907591	0.60603092
197.956519	0.619344809
198.005911	0.613191167
198.055075	0.616151217
198.104712	0.610603526
198.154143	0.613491399
198.203246	0.618437113
198.252524	0.617035237
198.301825	0.617255434
198.35179	0.609405686
198.400435	0.626138244
198.450301	0.610904289
198.49935	0.621092524
198.549033	0.613131058
198.597693	0.626057691
198.647719	0.608894949
198.696402	0.625912276
198.745543	0.620225858
198.795203	0.613847257
198.844344	0.62057003
198.893759	0.617067881
198.942801	0.621510034
198.992461	0.613319691
199.041449	0.621349666
199.091132	0.612488838
199.140234	0.619626354
199.189551	0.617181701
199.238959	0.616527793
199.288542	0.614821843
199.337225	0.625989519
199.386565	0.618243481
199.435767	0.620402961
199.48519	0.618144885
199.534659	0.617857442
199.584318	0.615685924
199.633025	0.627959635
199.682761	0.615167862
199.731329	0.629964194
199.781233	0.613055046
199.830244	0.624291642
199.879652	0.619676232
199.929198	0.617964194
199.979033	0.614755807
200.027464	0.632812519
200.07688	0.620528736
200.126623	0.616439068
200.17562	0.624865447
200.224844	0.621032571
200.275297	0.605264977
200.32366	0.630666581
200.373595	0.610264782
200.423048	0.615775188
200.471983	0.622537022
200.521384	0.616140867
200.570647	0.61770724
200.6202	0.614053383
200.669463	0.617183452
200.718741	0.617047216
200.768698	0.608463635
200.817458	0.623329384
200.866721	0.617003104
200.916235	0.613589326
200.965559	0.615959384
201.014899	0.615763349
201.064368	0.614680905
201.113959	0.613491907
201.163168	0.618019917
201.212965	0.610750707
201.261732	0.623772416
201.311362	0.613030274
201.360701	0.617164344
201.409735	0.621200175
201.459555	0.611508995
201.508948	0.616829641
201.557814	0.623482744
201.607397	0.614826248
201.657332	0.611182405
201.706984	0.615189313
201.756644	0.615152736
201.805716	0.62214227
201.855482	0.613515679
201.904707	0.620321272
201.954413	0.61471302
202.003752	0.62001675
202.052626	0.626552174
202.102164	0.618812837
202.151121	0.626573002
202.201453	0.609800844
202.250433	0.627321678
202.299544	0.626080835
202.349203	0.619493669
202.398238	0.627413699
202.448096	0.616618139
202.497588	0.621181453
202.546896	0.623458537
202.59635	0.621887475
202.645377	0.62779627
202.694586	0.625715367
202.744231	0.620400618
202.793654	0.623367001
202.842856	0.62623524
202.892775	0.617507717
202.942305	0.62265429
202.991263	0.630246907
203.040694	0.623627614
203.090208	0.622002678
203.139487	0.624591993
203.18875	0.624614624
203.238135	0.623852397
203.287474	0.625165319
203.33705	0.622777906
203.386328	0.626811669
203.435828	0.624028778
203.485419	0.623390551
203.53472	0.627182369
203.58383	0.629670548
203.633826	0.618078438
203.683096	0.625881834
203.732932	0.617696783
203.782278	0.62314663
203.831442	0.6254639
203.880667	0.62489761
203.930228	0.621510608
203.979697	0.623328167
204.028815	0.628464802
204.07804	0.627892017
204.127226	0.629277786
204.17697	0.622745579
204.22637	0.627346083
204.276038	0.623612666
204.324576	0.637594103
204.374823	0.61494171
204.423758	0.630884771
204.473174	0.624647768
204.522406	0.627354045
204.572317	0.619493444
204.62168	0.627618508
204.671233	0.626252774
204.72029	0.633545982
204.769576	0.631311143
204.81951	0.623403925
204.868468	0.635576139
204.918486	0.621582158
204.967131	0.638634398
205.016302	0.631078752
205.066199	0.621730703
205.115179	0.633429998
205.164862	0.624957041
205.213919	0.634199405
205.263419	0.629542826
205.312643	0.633614278
205.362059	0.631509993
205.410674	0.642082332
205.460646	0.624758561
205.508932	0.646610882
205.558524	0.629716013
205.608443	0.625248514
205.65721	0.639426405
205.706572	0.632031855
205.754935	0.645384265
205.805411	0.619329695
205.855055	0.630512143
205.903861	0.642906225
205.953108	0.637808982
206.002638	0.634490821
206.051642	0.640950895
206.100615	0.6406365
206.149878	0.6364071
206.199332	0.633660668
206.248984	0.630694472
206.297957	0.638852838
206.347342	0.633545967
206.396727	0.633766512
206.446211	0.633099947
206.495245	0.63981629
206.544554	0.636695502
206.593726	0.638712894
206.643156	0.635422005
206.692252	0.639671313
206.741728	0.634384027
206.791426	0.631258276
206.840483	0.639072278
206.889731	0.636462608
206.939825	0.625059595
206.98873	0.640031439
207.0381	0.633806852
207.087309	0.636256003
207.136565	0.63587852
207.186758	0.624548169
207.234854	0.652125152
207.284049	0.637274416
207.333235	0.637118338
207.383086	0.628713836
207.432318	0.637099323
207.481474	0.638441019
207.530821	0.636769259
207.57984	0.641512621
207.629011	0.639870985
207.677878	0.644307997
207.727881	0.630023902
207.776709	0.645434495
207.826018	0.63920844
207.875403	0.638378348
207.923865	0.650704543
207.973784	0.631929839
208.022459	0.648446505
208.070998	0.650517067
208.120406	0.639331542
208.169806	0.639867907
208.219061	0.642563708
208.267828	0.649869741
208.316908	0.645877332
208.36608	0.644808409
208.415137	0.646248016
208.463911	0.649965285
208.512984	0.646048738
208.561835	0.648817657
208.610953	0.645167685
208.660391	0.640829159
208.709105	0.650189972
208.758238	0.644637425
208.807204	0.646901443
208.855841	0.651591946
208.905012	0.644806635
208.954108	0.645598669
209.002974	0.648123552
209.052092	0.644378062
209.100935	0.647614619
209.150034	0.644102843
209.199919	0.633639306
209.247595	0.662432595
209.296709	0.642665463
209.345828	0.642363642
209.394576	0.647059969
209.443297	0.647509913
209.492609	0.639792541
209.541281	0.64798968
209.590537	0.640788754
209.639269	0.647712269
209.688601	0.639745444
209.737639	0.643165503
209.786471	0.645357084
209.835223	0.646464645
209.883879	0.647594428
209.932978	0.641691455
209.982153	0.640471271
210.030676	0.648899248
210.080641	0.629914675
210.129645	0.642489123
210.178954	0.638623604
210.227244	0.652087531
210.276247	0.642502355
210.325232	0.642743872
210.374773	0.635311323
210.423754	0.642571587
210.473357	0.634643979
210.522166	0.645242957
210.571188	0.643073886
210.620188	0.644210641
210.669615	0.639317005
210.718329	0.649277464
210.767199	0.647983047
210.816317	0.645216
210.865607	0.643359477
210.91432	0.651134024
210.963286	0.647057206
211.012076	0.649438763
211.061964	0.635417942
211.110697	0.650919008
211.159815	0.646436251
211.209185	0.64382167
211.258013	0.651441172
211.306536	0.655919151
211.356116	0.642244774
211.405485	0.645136765
211.455199	0.640497625
211.504202	0.649629621
211.552512	0.658387705
211.602129	0.640080884
211.651324	0.644789539
211.700461	0.645099507
211.749235	0.649446413
211.798025	0.649201614
211.8478	0.636760735
211.89707	0.644104328
211.945551	0.655556003
211.995135	0.6419333
212.044638	0.643756065
212.094122	0.644579926
212.142603	0.658138282
212.191779	0.648820186
212.241476	0.641695519
212.290881	0.644404277
212.338828	0.663444415
212.388445	0.640984281
212.437254	0.651842195
212.486719	0.643923014
212.535799	0.649835122
212.584986	0.649705318
212.633738	0.656405771
212.683222	0.647321617
212.732226	0.653902057
212.781073	0.655962322
212.829901	0.655780155
212.880038	0.638204017
212.928599	0.658108023
212.977446	0.653767269
213.026717	0.648163341
213.076048	0.647435429
213.124934	0.654081829
213.173686	0.656518747
213.223166	0.64794674
213.272768	0.647276014
213.32202	0.65243646
213.370192	0.667410426
213.419291	0.654600605
213.468352	0.654704532
213.517355	0.65488746
213.566931	0.647072847
213.615107	0.665934817
213.664862	0.644907229
213.713747	0.656704571
213.762999	0.652145921
213.81177	0.659507375
213.861407	0.649084026
213.910006	0.663493106
213.958834	0.660794122
214.008395	0.650716741
214.058146	0.647708602
214.10636	0.667710233
214.155554	0.653804129
214.204325	0.658734163
214.254137	0.644536291
214.303042	0.656193743
214.352393	0.650168424
214.400504	0.667265206
214.450182	0.646417918
214.498934	0.658936279
214.548495	0.647902364
214.597266	0.658909673
214.646536	0.652514895
214.695578	0.655596033
214.744521	0.656967258
214.793871	0.651385945
214.843008	0.654341739
214.892664	0.647431645
214.942053	0.650955247
214.990301	0.666118456
215.039728	0.650841038
215.089442	0.647631135
215.138194	0.660873938
215.187235	0.657884608
215.237105	0.64780145
215.285719	0.665213328
215.334837	0.658645491
215.383765	0.66145064
215.43344	0.651786868
215.482519	0.660112124
215.532156	0.653100397
215.58137	0.659232182
215.630236	0.664046513
215.67924	0.662926875
215.728587	0.658844188
215.777701	0.662325567
215.826971	0.660561581
215.876398	0.658999038
215.925574	0.661913679
215.974692	0.662461524
216.023577	0.66470643
216.0731	0.655229269
216.122141	0.660668159
216.171355	0.657728706
216.220858	0.65344704
216.269434	0.665759717
216.318167	0.663908636
216.367842	0.651808616
216.417116	0.657434222
216.46662	0.65503464
216.515757	0.66078075
216.564005	0.673193542
216.613661	0.654472079
216.663107	0.657690772
216.711817	0.668485689
216.761111	0.66140892
216.809767	0.670620314
216.859229	0.660137864
216.908156	0.66761481
216.957331	0.664150048
217.006255	0.668105941
217.055739	0.660892044
217.104372	0.67315335
217.15378	0.663193174
217.202513	0.672790671
217.251437	0.670718412
217.300997	0.66259926
217.34994	0.671282565
217.398787	0.672645358
217.448138	0.665125321
217.49687	0.673169224
217.546332	0.662971958
217.595084	0.672615408
217.643545	0.676504149
217.693472	0.656594524
217.742049	0.674251772
217.790896	0.670058861
217.839899	0.668202579
217.888476	0.674367099
217.93767	0.666328228
217.986884	0.666311858
218.036349	0.663032475
218.085043	0.673517919
218.134024	0.67009806
218.182951	0.6707609
218.231799	0.671338245
218.281241	0.662349545
218.329878	0.672303226
218.378592	0.670073676
218.427378	0.667793282
218.477694	0.646430751
218.52627	0.669068054
218.575022	0.666323042
218.624331	0.659375032
218.673796	0.657938313
218.722449	0.669929651
218.772204	0.656380208
218.820822	0.672380309
218.870692	0.655772869
218.917967	0.691813615
218.967371	0.661221147
219.016913	0.658848816
219.066088	0.66313013
219.114993	0.666056571
219.164519	0.657567065
219.213847	0.659510717
219.262885	0.663286443
219.311617	0.667405952
219.360773	0.661871588
219.410082	0.660521358
219.459624	0.657922008
219.508219	0.671649326
219.557837	0.658206813
219.607111	0.663107742
219.656245	0.665007021
219.705054	0.669445564
219.75479	0.656909647
219.803423	0.671537111
219.852328	0.667453785
219.90071	0.674538519
219.950774	0.651902229
220.000277	0.659483909
220.0492	0.667314639
220.098608	0.660939288
220.148012	0.661712134
220.196726	0.672441107
220.245745	0.669222967
220.295096	0.665306543
220.344176	0.669357294
220.393427	0.667159612
220.44237	0.671137947
220.490984	0.676215819
220.54035	0.666702847
220.589297	0.673138711
220.638487	0.670463723
220.687201	0.677735107
220.736994	0.663579206
220.785609	0.680377879
220.834456	0.677898839
220.883379	0.677406601
220.932478	0.675248777
220.981341	0.677889737
221.030596	0.671774744
221.078997	0.682794439
221.128191	0.67097333
221.177657	0.667222848
221.227026	0.668478561
221.275332	0.683277642
221.32437	0.673038013
221.373179	0.676151719
221.422026	0.675196565
221.470698	0.678031637
221.519717	0.673156538
221.568545	0.675299347
221.617602	0.671477235
221.66672	0.669584121
221.716223	0.663668445
221.76449	0.680425123
221.813803	0.665809164
221.862589	0.673443691
221.911589	0.671027803
221.960783	0.66888388
222.009825	0.671365191
222.05765	0.68931948
222.107245	0.665292027
222.156477	0.67047474
222.205164	0.677911982
222.254107	0.673428806
222.303145	0.670947815
222.352549	0.665801696
222.400851	0.68103472
222.450972	0.656485386
222.499911	0.672665764
222.54893	0.671497388
222.59706	0.684012838
222.646388	0.667991576
222.695578	0.670053048
222.744517	0.673425707
222.793944	0.666591872
222.842459	0.678688274
222.891783	0.666858958
222.940802	0.670508907
222.989745	0.671049535
223.039244	0.663777652
223.088145	0.672526695
223.136778	0.676804363
223.186221	0.666368876
223.236014	0.662591626
223.284373	0.682968007
223.333372	0.674475727
223.382601	0.672304734
223.431986	0.670616015
223.481257	0.672597891
223.530024	0.679673777
223.579062	0.675475153
223.628329	0.671722435
223.678065	0.665087466
223.726481	0.683283015
223.775946	0.669089497
223.82564	0.666767067
223.874384	0.680882329
223.923598	0.675384292
223.972926	0.674649073
224.022078	0.67749718
224.070883	0.682522302
224.119978	0.678926821
224.169054	0.679641356
224.218653	0.672458407
224.267226	0.687077197
224.316843	0.672151157
224.365572	0.684331236
224.414782	0.677763205
224.463896	0.679750506
224.513476	0.673908317
224.561991	0.689322138
224.61101	0.682675847
224.660395	0.678281888
224.709296	0.685468919
224.757929	0.689142158
224.808241	0.666073402
224.857104	0.685386937
224.905657	0.688848296
224.954405	0.684981348
225.003908	0.673773938
225.052538	0.685380722
225.101729	0.677698929
225.150729	0.680836691
225.199999	0.677656971
225.248015	0.696166787
225.297961	0.669571699
225.347147	0.679997314
225.39593	0.685424834
225.444884	0.6825814
225.493765	0.682842112
225.543032	0.67651259
225.5922	0.677158209
225.641386	0.676679119
225.690188	0.681975162
225.738776	0.685627392
225.788584	0.669629229
225.837214	0.686596709
225.88669	0.676040791
225.935744	0.682459169
225.985339	0.675095839
226.034354	0.682678686
226.082846	0.689134745
226.131957	0.679446926
226.18101	0.679660727
226.229616	0.685535504
226.279211	0.671848692
226.327723	0.686881244
226.377665	0.667602633
226.426024	0.690381719
226.47523	0.679849775
226.524397	0.681548044
226.573607	0.681595737
226.622893	0.681272585
226.67206	0.682947058
226.720496	0.693665856
226.770281	0.675235024
226.818602	0.69627367
226.868658	0.672613037
226.917345	0.692049269
226.966437	0.686411177
227.015761	0.68398195
227.065199	0.683207645
227.114314	0.688072692
227.163538	0.686964116
227.212359	0.692710696
227.26116	0.693060878
227.311182	0.675562673
227.360197	0.688960171
227.409056	0.690481382
227.458495	0.682023051
227.507899	0.682557607
227.556834	0.689302849
227.606856	0.675027006
227.655268	0.698688778
227.704573	0.686951554
227.753916	0.687001688
227.803183	0.688432558
227.852759	0.684105339
227.901617	0.693980976
227.951155	0.684194671
228.000441	0.687062105
228.049589	0.687446257
228.099108	0.681518948
228.148238	0.68641112
228.197619	0.682564939
228.246886	0.684091858
228.296442	0.680497992
228.345843	0.683402202
228.394663	0.692338063
228.443789	0.688813865
228.493304	0.684202505
228.542467	0.689641159
228.591864	0.686008188
228.640177	0.701191473
228.690428	0.674044725
228.739226	0.694014786
228.788432	0.688143151
228.837614	0.688637753
228.886877	0.687725003
228.935832	0.69304702
228.985014	0.691018065
229.034819	0.683225303
229.083716	0.696459339
229.132338	0.700210724
229.182532	0.678023737
229.231268	0.698245064
229.280455	0.69182191
229.329291	0.696342164
229.378321	0.693333337
229.427756	0.687273052
229.476302	0.699416856
229.525603	0.688712269
229.574866	0.689210567
229.623412	0.699335747
229.672266	0.695084234
229.721434	0.690461543
229.770056	0.69820645
229.818778	0.696711979
229.867747	0.693314211
229.916544	0.695822612
229.965227	0.697827669
230.013831	0.699168139
230.062064	0.705389421
230.111151	0.693962964
230.159758	0.700990698
230.208765	0.695104837
230.257544	0.698170024
230.305743	0.70588309
230.355196	0.687632052
230.403628	0.7021426
230.452658	0.693725005
230.501143	0.70155661
230.549746	0.699008473
230.597575	0.709646751
230.647303	0.68252712
230.695151	0.709964936
230.744334	0.691340452
230.79267	0.703587563
230.841467	0.696516656
230.889681	0.704006014
230.938673	0.692102602
230.986693	0.705744884
231.036478	0.681146158
231.08433	0.709382394
231.132815	0.701139476
231.181456	0.69957627
231.230353	0.696603611
231.279578	0.692922185
231.327967	0.706093767
231.376376	0.7068253
231.425135	0.702360824
231.473406	0.709382156
231.522208	0.701890389
231.571471	0.695630113
231.619017	0.721230737
231.667887	0.702187904
231.716372	0.708772562
231.76528	0.703468068
231.814501	0.699931953
231.862612	0.716788525
231.911017	0.712811287
231.959982	0.70464217
232.008643	0.709043434
232.057162	0.710443436
232.105704	0.708985672
232.15502	0.697173048
232.203558	0.707723158
232.25305	0.69359514
232.301241	0.712233588
232.350131	0.70203456
232.398848	0.705044141
232.447405	0.708287651
232.495966	0.709359132
232.544951	0.704079102
232.592814	0.721356152
232.641997	0.702347205
232.690806	0.708110302
232.740202	0.700068067
232.788489	0.716638374
232.83763	0.704405628
232.886347	0.710616155
232.934885	0.713351357
232.983542	0.711732533
233.03319	0.697967825
233.081633	0.715889199
233.130774	0.70605309
233.17877	0.722959653
233.227953	0.70526015
233.276938	0.708090122
233.326178	0.704452616
233.374991	0.710833952
233.423567	0.71446225
233.472945	0.703041791
233.520922	0.723799908
233.569945	0.708425847
233.618876	0.710021198
233.667765	0.711112475
233.717001	0.706539963
233.766184	0.70744633
233.815306	0.707938954
233.863654	0.719048127
233.912794	0.707355759
233.962092	0.705010131
234.011332	0.705978197
234.059756	0.717984458
234.108954	0.706795309
234.157919	0.710543187
234.207198	0.706853766
234.25545	0.722478169
234.303969	0.719052199
234.352976	0.712261013
234.40264	0.703117085
234.450892	0.723773295
234.50046	0.704828975
234.549715	0.709756068
234.598044	0.723986741
234.647322	0.710721109
234.696288	0.715841123
234.745062	0.719169328
234.794192	0.71483303
234.843173	0.718247243
234.892077	0.720224083
234.94092	0.721451714
234.990271	0.714186856
235.03921	0.720030947
235.088114	0.720170729
235.137114	0.718549431
235.186408	0.714650185
235.234976	0.72596308
235.284426	0.713876697
235.333678	0.717434094
235.382384	0.726178744
235.431326	0.72354988
235.480463	0.72143043
235.529463	0.723674707
235.578501	0.723019305
235.627116	0.729265501
235.676211	0.721235364
235.724879	0.727041832
235.773318	0.730274614
235.822783	0.715324457
235.871435	0.727862987
235.920241	0.726080744
235.969725	0.716525626
236.018103	0.732664352
236.067046	0.724234066
236.116026	0.723855345
236.164523	0.730996207
236.213618	0.721992651
236.262736	0.721058567
236.312144	0.71613548
236.360327	0.733756311
236.409541	0.718032435
236.45817	0.726759246
236.506548	0.730967478
236.555609	0.721452545
236.604704	0.721760703
236.653414	0.728372209
236.702357	0.726483313
236.751124	0.73010592
236.799735	0.732878715
236.848677	0.72780759
236.897383	0.730617921
236.946696	0.72123164
236.995287	0.731811785
237.044325	0.725466196
237.093092	0.730015495
237.142191	0.725536366
237.190627	0.736225712
237.239764	0.726839723
237.288626	0.731968134
237.337042	0.739248241
237.386587	0.722638044
237.434733	0.743528409
237.484354	0.720728925
237.533354	0.729188517
237.5815	0.741354732
237.631022	0.72011082
237.679751	0.73170053
237.728422	0.732798321
237.777888	0.721712745
237.827158	0.725565424
237.875712	0.737717374
237.924616	0.733251582
237.972765	0.745436283
238.021544	0.736636588
238.070826	0.729406982
238.119975	0.731572616
238.168639	0.738462038
238.217902	0.728827427
238.266486	0.738479588
238.316218	0.721024746
238.364432	0.743155742
238.413676	0.727282641
238.462923	0.727062006
238.51174	0.73373968
238.561179	0.725193057
238.610251	0.731497705
238.659163	0.734560409
238.708312	0.73164192
238.757109	0.737218474
238.806647	0.726353427
238.856047	0.728506314
238.904944	0.736009703
238.953196	0.745858703
239.003065	0.721301739
239.052058	0.733909266
239.101145	0.732495195
239.149966	0.736671785
239.199171	0.731172521
239.248087	0.736089731
239.297389	0.731431366
239.346381	0.737420781
239.395434	0.737155911
239.444563	0.736185234
239.494139	0.729565788
239.542353	0.749851847
239.591441	0.735920663
239.640589	0.734783464
239.689856	0.732797294
239.738146	0.747276873
239.787703	0.728039499
239.836539	0.738918605
239.885939	0.73086943
239.935168	0.734510411
239.983984	0.741353333
240.032862	0.74084183
240.081503	0.745465657
240.130339	0.742645585
240.179644	0.735614542
240.229239	0.731404076
240.277861	0.745913341
240.326388	0.747323476
240.375517	0.738201268
240.424723	0.73710284
240.473231	0.747718176
240.522299	0.739371387
240.570826	0.748111159
240.620032	0.738170704
240.669123	0.740015738
240.717745	0.747127464
240.766837	0.739492006
240.815516	0.745546227
240.864665	0.738197787
240.913073	0.749182185
240.961951	0.741748981
241.010901	0.740049651
241.059508	0.744707871
241.10842	0.73952135
241.157223	0.741531943
241.206385	0.736267327
241.255293	0.740454873
241.304125	0.741690336
241.353306	0.735746663
241.401905	0.744012482
241.450754	0.739890802
241.500035	0.733458424
241.549294	0.733939518
241.598008	0.742284677
241.646431	0.746874815
241.695437	0.738298479
241.744153	0.743198786
241.794365	0.721421328
241.843003	0.744640062
241.891892	0.740528069
241.941035	0.736211313
241.989769	0.742084952
242.038813	0.736930083
242.088112	0.732700388
242.13634	0.748853358
242.185677	0.732016639
242.234198	0.744256613
242.283555	0.731514897
242.33223	0.741931374
242.382016	0.725756722
242.430516	0.745346177
242.480534	0.722910081
242.528391	0.755849269
242.577399	0.738389649
242.62662	0.735605342
242.676287	0.729485164
242.724495	0.752013805
242.773327	0.74248676
242.822489	0.737192414
242.871807	0.734948426
242.92128	0.73316225
242.970442	0.738687393
243.018458	0.75721296
243.06795	0.734993083
243.116762	0.745316325
243.16573	0.743075505
243.214833	0.741364606
243.263995	0.739784792
243.312729	0.745831119
243.362048	0.736499752
243.411345	0.736670243
243.460411	0.740252262
243.509728	0.736894828
243.55823	0.749426287
243.607392	0.739503328
243.656865	0.734729926
243.706027	0.739166267
243.755618	0.733163913
243.804547	0.743216075
243.853182	0.747498972
243.903046	0.728724788
243.952092	0.740259956
244.001156	0.73920691
244.049832	0.744728316
244.099266	0.733373454
244.148526	0.736363598
244.197844	0.736340404
244.246811	0.742636783
244.295584	0.746324305
244.34459	0.743586954
244.393803	0.741301114
244.44323	0.738500389
244.492228	0.745104129
244.541285	0.744035083
244.590537	0.740333924
244.639027	0.751317002
244.68902	0.728528274
244.73794	0.744634351
244.787289	0.738742837
244.836657	0.739427219
244.885266	0.751765717
244.934887	0.737353028
244.984393	0.73983475
245.033236	0.750312934
245.082039	0.751116729
245.131445	0.742039923
245.180289	0.750576156
245.229813	0.739919161
245.279024	0.7437988
245.328003	0.746899883
245.377158	0.744084728
245.426566	0.740374671
245.475544	0.747166076
245.524329	0.750260275
245.573424	0.74588689
245.6225	0.746587894
245.672043	0.739550441
245.720419	0.7572209
245.770295	0.734195453
245.818474	0.759440912
245.867628	0.743862671
245.916821	0.743113936
245.965683	0.748167496
246.015383	0.736061249
246.06444	0.746282713
246.113983	0.739763133
246.16306	0.747588502
246.211727	0.755302571
246.261563	0.738642693
246.31025	0.756940429
246.35948	0.748850134
246.408966	0.744814079
246.458062	0.749937376
246.506535	0.758989682
246.555708	0.747800353
246.604687	0.750513774
246.654541	0.737080458
246.703522	0.750024059
246.752344	0.752368259
246.801926	0.740948364
246.851139	0.747190627
246.899943	0.753589234
246.949643	0.739959808
246.99866	0.750026245
247.047366	0.754007169
247.097241	0.735923701
247.145869	0.754535568
247.195706	0.736070131
247.244547	0.751032727
247.293078	0.755735318
247.343148	0.73268021
247.392107	0.749486545
247.441243	0.747358707
247.48989	0.755308628
247.539124	0.746566291
247.588679	0.74194377
247.638134	0.74328549
247.687611	0.742924204
247.736426	0.753074762
247.786154	0.739536397
247.835299	0.748590491
247.884854	0.742713922
247.93392	0.750605249
247.983027	0.750507258
248.03262	0.743838696
248.081435	0.755983304
248.131592	0.736104725
248.180699	0.751978306
248.230526	0.741328559
248.279261	0.757816482
248.328133	0.755503343
248.377123	0.753525741
248.426735	0.743949705
248.476193	0.74625699
248.525767	0.744661433
248.574658	0.755170015
248.624115	0.746710736
248.673844	0.742878514
248.721703	0.772300788
248.771861	0.73711034
248.821202	0.749475551
248.870327	0.75305876
248.91951	0.75269078
248.96883	0.751129738
249.017449	0.762850679
249.067082	0.748025338
249.11611	0.757553291
249.165215	0.756140227
249.214322	0.756186488
249.263642	0.753052383
249.312495	0.760480259
249.360918	0.76749476
249.410355	0.752031416
249.459481	0.757221506
249.50923	0.747660607
249.557829	0.765152589
249.607403	0.749867524
249.65606	0.76389037
249.705595	0.750172369
249.754759	0.755468034
249.803398	0.763507959
249.852484	0.756665623
249.901999	0.750299047
249.95093	0.75962088
250.000134	0.755694795
250.048849	0.763495174
250.098229	0.753800414
250.147822	0.750833913
250.196947	0.758325532
250.245116	0.773802838
250.295588	0.738774327
250.343893	0.771507775
250.393059	0.757944222
250.441618	0.767573721
250.4909	0.756464789
250.540552	0.750995117
250.589638	0.759807054
250.638569	0.762269291
250.68746	0.763167994
250.736376	0.763479844
250.785551	0.75974294
250.835099	0.754292103
250.883709	0.768946475
250.933352	0.752722473
250.981924	0.769552431
251.031529	0.753914955
251.080706	0.761211727
251.12953	0.767517322
251.179488	0.750925153
251.227843	0.776943929
251.277506	0.757148953
251.326781	0.764123215
251.375605	0.771426462
251.425776	0.750558103
251.474524	0.772038427
251.523348	0.769567109
251.572602	0.76198528
251.622227	0.755945073
251.67076	0.773105025
251.720326	0.757234594
251.769364	0.765931506
251.818619	0.763035054
251.868439	0.755205012
251.917244	0.771736701
251.966849	0.759771494
252.016083	0.76575378
252.065398	0.764479748
252.114455	0.768347585
252.163397	0.769718037
252.21275	0.762718551
252.262198	0.760658795
252.310965	0.771096911
252.360081	0.765490261
252.409941	0.754349569
252.459332	0.761882654
252.508274	0.76956256
252.557547	0.765360938
252.606684	0.768126235
252.655684	0.770674315
252.70529	0.761380343
252.754408	0.769010595
252.8037	0.766207375
252.853112	0.764233934
252.902171	0.769624979
252.951365	0.767175144
253.000521	0.766811305
253.049483	0.769358168
253.098814	0.763356072
253.147639	0.771460839
253.196835	0.766333505
253.245991	0.767699755
253.295441	0.763840289
253.344128	0.776686144
253.393149	0.772051178
253.442383	0.768756273
253.490935	0.779332938
253.540598	0.76146871
253.589873	0.766924815
253.63815	0.782374222
253.688048	0.756669485
253.736834	0.774029107
253.785874	0.770025122
253.834542	0.776210632
253.884186	0.761608648
253.932837	0.77811995
253.982237	0.766963138
254.031054	0.776377799
254.080494	0.766773068
254.128918	0.782673126
254.178086	0.770302197
254.226763	0.777666614
254.276184	0.765519074
254.32539	0.768661171
254.374421	0.771110638
254.423098	0.776606427
254.472168	0.770395514
254.521862	0.761096092
254.571284	0.766054713
254.620468	0.770121225
254.668698	0.785402128
254.717827	0.770669641
254.766818	0.771888806
254.816355	0.762744393
254.865248	0.772520275
254.914513	0.766711898
254.963387	0.773160609
255.012789	0.765287235
255.06182	0.771598136
255.11122	0.766636544
255.160269	0.773086003
255.209496	0.770955557
255.258271	0.778716569
255.307066	0.779034723
255.356938	0.762676556
255.405224	0.787867506
255.454489	0.772522939
255.50389	0.770833082
255.552998	0.775889494
255.602263	0.773941938
255.651137	0.780434358
255.699835	0.783481621
255.749373	0.770394788
255.798169	0.782097198
255.847393	0.775334922
255.89662	0.77515468
255.946198	0.769222284
255.994759	0.784369471
256.044432	0.766213426
256.092858	0.785511024
256.142123	0.772060045
256.19207	0.761608742
256.240553	0.784841393
256.290034	0.769195613
256.338927	0.778900865
256.388094	0.77457302
256.436966	0.779242077
256.486231	0.772935865
256.535534	0.77186945
256.584683	0.774020605
256.633732	0.775964421
256.683602	0.763559671
256.732964	0.772029898
256.781603	0.783970915
256.830889	0.77413943
256.880114	0.775543311
256.929495	0.77372676
256.978722	0.776389378
257.027419	0.784873738
257.076762	0.774274766
257.125607	0.781327847
257.175409	0.765757489
257.223997	0.784722849
257.273192	0.77549882
257.322583	0.773087596
257.371719	0.777744235
257.420581	0.782773044
257.470089	0.773419543
257.519127	0.781492967
257.568244	0.780596336
257.617165	0.783877135
257.666498	0.776976457
257.715908	0.775003249
257.764946	0.780403507
257.814122	0.777865253
257.86359	0.773313166
257.912296	0.785398596
257.961335	0.780619926
258.010666	0.776541255
258.059372	0.787601337
258.108372	0.783406786
258.157586	0.779941478
258.207172	0.773838113
258.256034	0.784666351
258.305092	0.781060893
258.353897	0.78469519
258.403444	0.772916324
258.452932	0.774179441
258.501208	0.793992221
258.551126	0.768556571
258.600126	0.784178915
258.649966	0.772214145
258.698496	0.794074222
258.747436	0.787897882
258.7971	0.776701371
258.846238	0.784823147
258.895256	0.786676052
258.944471	0.783435948
258.992961	0.795081222
259.042665	0.775720002
259.092388	0.775375978
259.140507	0.801290714
259.1898	0.782540927
259.239269	0.7800999
259.288072	0.790899675
259.336563	0.79581718
259.386071	0.779300554
259.435657	0.777910998
259.485048	0.781036163
259.534164	0.785601002
259.583575	0.781235553
259.633141	0.779211749
259.682571	0.781796453
259.73114	0.79616175
259.780197	0.788903568
259.829921	0.778683755
259.878784	0.792709154
259.928311	0.782134837
259.977447	0.788140982
260.026896	0.783323436
260.076032	0.788667925
260.125638	0.78167515
260.174579	0.792831703
260.223872	0.787677415
260.27381	0.777995171
260.322617	0.796959991
260.371842	0.790875722
260.421301	0.787681192
260.470427	0.793110124
260.52018	0.782772717
260.569013	0.79720599
260.61857	0.785479088
260.66754	0.79505864
260.716686	0.792155788
260.766203	0.786430124
260.815428	0.791364296
260.864888	0.787797631
260.91421	0.79051459
260.963904	0.784676418
261.012913	0.795598569
261.062293	0.789329289
261.110911	0.801185902
261.160468	0.785597852
261.209261	0.797414784
261.258252	0.793744215
261.307926	0.782447012
261.356582	0.798597831
261.405924	0.787492562
261.454953	0.793169719
261.504412	0.786875647
261.553244	0.797398694
261.602606	0.789198668
261.651693	0.793402199
261.701211	0.78603931
261.749985	0.797660786
261.798603	0.799895912
261.847768	0.79079519
261.896797	0.792709895
261.945258	0.801833443
261.994305	0.792212195
262.044136	0.780172764
262.092637	0.801868727
262.141763	0.791883943
262.19036	0.800541002
262.239624	0.789575459
262.288555	0.794548855
262.337466	0.794567548
262.386396	0.794179382
262.435249	0.795365881
262.484414	0.790532473
262.532464	0.809015727
262.58249	0.777255577
262.630912	0.803542099
262.680019	0.792823975
262.729145	0.792672837
262.777724	0.801664934
262.82734	0.784818346
262.876544	0.791224541
262.924751	0.807387902
262.974112	0.788479388
263.023062	0.795343687
263.072678	0.784936137
263.121295	0.801275601
263.169913	0.801501721
263.219078	0.793131298
263.26838	0.791194725
263.317252	0.798425774
263.366653	0.789885921
263.415369	0.80077785
263.46426	0.797985328
263.513	0.800636677
263.561744	0.800971845
263.610861	0.795594683
263.660036	0.795291598
263.709485	0.79138051
263.758582	0.797416935
263.807993	0.793136314
263.85709	0.798658028
263.905991	0.801929869
263.955068	0.799015736
264.004479	0.793045753
264.053144	0.804624322
264.102378	0.794984231
264.151063	0.804102196
264.201121	0.782364246
264.250061	0.800590114
264.299157	0.798282913
264.347961	0.803233435
264.396705	0.805020862
264.446311	0.791256155
264.495624	0.795837083
264.545113	0.79257643
264.593915	0.802861243
264.643091	0.796163155
264.692854	0.786535613
264.741775	0.80003343
264.790871	0.797456503
264.839753	0.801434852
264.889613	0.786158169
264.938162	0.807880738
264.987278	0.799352791
265.036336	0.80070012
265.085844	0.793526896
265.134824	0.802087312
265.184783	0.785933414
265.233743	0.801709362
265.283212	0.793101521
265.332074	0.802846369
265.381543	0.793127655
265.429856	0.812364349
265.479502	0.7911605
265.528324	0.805276998
265.577911	0.794022709
265.626616	0.808929777
265.676105	0.796303856
265.724515	0.814029453
265.773946	0.796865833
265.823454	0.795281743
265.872159	0.808231149
265.921491	0.797802767
265.970647	0.800548284
266.019646	0.80314408
266.069056	0.796521947
266.1178	0.807416871
266.166701	0.805768389
266.215955	0.800885579
266.265326	0.799530002
266.314736	0.799153884
266.362873	0.820204276
266.412166	0.800805697
266.462105	0.79030657
266.510281	0.819323283
266.559652	0.799581895
266.608828	0.80284111
266.657944	0.804002746
266.706394	0.815147152
266.756016	0.796359708
266.804531	0.81499841
266.854165	0.797184557
266.9037	0.798876119
266.952921	0.803804433
267.001476	0.814411505
267.051266	0.793920097
267.100154	0.808368828
267.14912	0.807128162
267.198361	0.802654938
267.247386	0.806152474
267.29698	0.797001796
267.345848	0.809246653
267.395306	0.7999949
267.444409	0.806140856
267.493572	0.805284298
267.542989	0.801128348
267.591936	0.808551407
267.641294	0.802025816
267.690653	0.802355329
267.739423	0.81249404
267.788782	0.803315115
267.837258	0.818454499
267.886911	0.799493572
267.935799	0.812775057
267.985981	0.792308688
268.034634	0.817325371
268.083757	0.809609901
268.132253	0.819785973
268.181513	0.806880324
268.231009	0.803343644
268.28029	0.807266483
268.329962	0.801452365
268.378772	0.816226834
268.427973	0.810257294
268.477038	0.813161321
268.525866	0.818179033
268.575402	0.806926749
268.625231	0.802339143
268.674158	0.816962817
268.723595	0.808177502
268.772385	0.818372826
268.821724	0.809166684
268.871142	0.80794207
268.920226	0.814029644
268.969801	0.806649067
269.019591	0.803741238
269.068184	0.824017495
269.117367	0.814795
269.166078	0.823021417
269.215103	0.817562204
269.26454	0.810663155
269.313742	0.814554025
269.362944	0.813906607
269.412165	0.813372587
269.461269	0.815247012
269.510392	0.815095244
269.559849	0.809897389
269.60909	0.813880227
269.658076	0.818813003
269.70716	0.817844232
269.755852	0.825435008
269.805681	0.807130242
269.854902	0.817209659
269.903653	0.825075886
269.952325	0.825530767
270.001104	0.823153408
270.05063	0.810440283
270.100038	0.812176664
270.148405	0.829725687
270.198029	0.808773404
270.246416	0.829903071
270.295843	0.813077798
270.344819	0.821786358
270.393873	0.821148394
270.442593	0.827140434
270.492021	0.815399717
270.540899	0.823697084
270.590424	0.81198513
270.639282	0.822482377
270.68816	0.821958145
270.737214	0.819108339
270.786426	0.816577355
270.835539	0.818415576
270.884672	0.818311678
270.933176	0.830000659
270.981975	0.825346292
271.032129	0.803464168
271.081047	0.823881448
271.129492	0.832062382
271.179096	0.812164327
271.227915	0.824924005
271.277048	0.819412248
271.326299	0.817330123
271.375314	0.821195834
271.42425	0.822502233
271.47352	0.817007148
271.522437	0.822951796
271.571551	0.820525781
271.620468	0.823998938
271.669679	0.819108051
271.719126	0.815506402
271.768298	0.820069615
271.817628	0.816955583
271.866466	0.824904296
271.915265	0.825432545
271.964712	0.814784232
272.013747	0.821809562
272.062762	0.822310134
272.112091	0.817146268
272.161165	0.821391509
272.210298	0.821485429
272.259077	0.82782387
272.308446	0.818361646
272.357225	0.827840571
272.406437	0.820188291
272.455157	0.828206713
272.504369	0.819722979
272.553894	0.814591406
272.603184	0.818568792
272.652612	0.81651235
272.701509	0.82558854
272.750956	0.817237387
272.800109	0.822495579
272.849458	0.819488447
272.89806	0.832488846
272.947036	0.825638406
272.996483	0.817380651
273.046421	0.809143519
273.095417	0.824514613
273.14508	0.813582403
273.193822	0.829141527
273.243315	0.816778998
273.292081	0.829036586
273.34238	0.804695192
273.391421	0.825434621
273.440049	0.832465351
273.489641	0.816557875
273.539508	0.812477093
273.588529	0.826897353
273.638081	0.817667233
273.687063	0.826305344
273.73693	0.811064689
273.786993	0.807190301
273.835779	0.828362506
273.884447	0.830500614
273.934097	0.814125726
273.983118	0.824928059
274.032651	0.817378067
274.082655	0.81066629
274.131657	0.828618688
274.181131	0.821436928
274.23029	0.826988721
274.279704	0.822826789
274.329551	0.816007521
274.378926	0.824279329
274.428832	0.815927026
274.477716	0.833666652
274.526443	0.836870672
274.576074	0.822010318
274.625312	0.829647591
274.674883	0.824284986
274.724612	0.821712348
274.773025	0.844058042
274.822498	0.825355063
274.872011	0.824427296
274.921072	0.83200736
274.970742	0.821942979
275.020373	0.822760736
275.069748	0.827280421
275.118612	0.836101767
275.168007	0.827832954
275.217618	0.82487123
275.266679	0.834137729
275.316133	0.827405767
275.365704	0.825439186
275.414215	0.842952598
275.464082	0.820156709
275.512985	0.836647678
275.562813	0.821555094
275.611519	0.840874613
275.660737	0.832427103
275.710368	0.825765617
275.759449	0.835400756
275.808451	0.837262464
275.857668	0.833636624
275.907024	0.830980888
275.955928	0.838406125
276.005224	0.831261219
276.054128	0.83721373
276.10368	0.826307992
276.153055	0.829407286
276.202038	0.836226226
276.252042	0.819217846
276.300139	0.851677079
276.349259	0.834171176
276.397973	0.841655088
276.44773	0.824270705
276.497586	0.822485689
276.546222	0.842871013
276.595684	0.828530611
276.644753	0.834557791
276.694687	0.820015383
276.743677	0.83602239
276.792844	0.833712117
276.841539	0.842468167
276.890096	0.845436798
276.94005	0.822207745
276.989374	0.83295107
277.039466	0.821105674
277.088712	0.835389631
277.137368	0.845343352
277.187007	0.827915295
277.236056	0.836990945
277.285282	0.833574992
277.334055	0.841255688
277.383557	0.829088003
277.433117	0.828598825
277.482009	0.840542443
277.53155	0.830127157
277.580973	0.833070179
277.630415	0.833097132
277.679071	0.846757788
277.728494	0.833645544
277.778211	0.828627346
277.827713	0.83151315
277.876998	0.834699468
277.925909	0.841072376
277.975273	0.833751951
278.024834	0.830954102
278.074295	0.833168105
278.123718	0.834445464
278.173063	0.836562791
278.222053	0.843503408
278.27183	0.830793604
278.320288	0.853788897
278.370458	0.824565386
278.419724	0.839254084
278.469501	0.830399157
278.518688	0.840373029
278.567697	0.84372747
278.617415	0.832198045
278.666858	0.837329236
278.715887	0.845039338
278.765762	0.831290501
278.814339	0.854804986
278.863978	0.836802545
278.91348	0.839010525
278.962253	0.851607446
279.011853	0.836268784
279.06165	0.832570669
279.110581	0.847036309
279.159944	0.839417901
279.209033	0.843904734
279.258889	0.830932146
279.306993	0.861242968
279.356908	0.830300284
279.405524	0.853412186
279.455085	0.837563267
279.504429	0.841295309
279.553832	0.840186147
279.602771	0.847243197
279.651986	0.842014419
279.701515	0.836513471
279.750611	0.84374846
279.799845	0.841451468
279.84906	0.841622665
279.898037	0.845431144
279.947272	0.841350207
279.995934	0.851702651
280.045523	0.836198818
280.094343	0.8492987
280.143006	0.85198066
280.192733	0.833015661
280.242223	0.836634949
280.29057	0.856250346
280.340356	0.831438455
280.389018	0.850769151
280.438075	0.843970262
280.487172	0.843277859
280.536839	0.834142147
280.584872	0.862746332
280.63446	0.836149134
280.683694	0.842329758
280.732869	0.843262232
280.78163	0.849919434
280.831022	0.838339759
280.879862	0.847481008
280.929096	0.840468862
280.97835	0.840153831
281.02656	0.858360559
281.076286	0.832292452
281.125047	0.848879234
281.174183	0.842938687
281.222492	0.85805336
281.272119	0.835652385
281.321453	0.84105732
281.370548	0.845356816
281.418955	0.856766719
281.468878	0.83049738
281.517325	0.855727291
281.566657	0.840404781
281.615694	0.845553239
281.664357	0.852077951
281.714122	0.833283136
281.762845	0.851173082
281.812611	0.834180844
281.861943	0.841650971
281.911098	0.844697847
281.959682	0.854269794
282.008739	0.845437034
282.058032	0.841421552
282.107601	0.836997691
282.15587	0.859801892
282.205262	0.840479875
282.254594	0.841688067
282.303887	0.842516394
282.3519	0.86569521
282.401883	0.831871429
282.451018	0.846228463
282.499799	0.852315989
282.549624	0.834186752
282.598208	0.855050113
282.648013	0.8342989
282.697345	0.842708689
282.746264	0.850329392
282.795775	0.840501271
282.843809	0.866494227
282.893503	0.837857389
282.942881	0.844052877
282.991176	0.863334485
283.040948	0.8376022
283.090839	0.835551105
283.140218	0.844158801
283.18934	0.848808594
283.238166	0.854054473
283.287959	0.837422275
283.336667	0.856547456
283.385967	0.846783655
283.435267	0.84743278
283.484487	0.849431674
283.534004	0.844812155
283.583205	0.850884305
283.632505	0.850138722
283.681056	0.863602475
283.730946	0.840443969
283.780068	0.853541864
283.829132	0.854570594
283.878964	0.840983853
283.92842	0.847502472
283.976932	0.86423712
284.026074	0.853443271
284.075669	0.845897658
284.125126	0.848494067
284.173756	0.863127951
284.223371	0.846093641
284.273163	0.84367911
284.321911	0.861956943
284.37131	0.850445599
284.420274	0.857889984
284.469179	0.858868348
284.518045	0.859138722
284.567621	0.846696247
284.617374	0.843744456
284.666358	0.856956056
284.715185	0.859782633
284.764544	0.850377966
284.814237	0.844583585
284.863044	0.859719845
284.912186	0.853958017
284.961525	0.850546432
285.010608	0.854859671