95.005301	0.175406185
95.041342	0.173890465
95.076804	0.176979013
95.11315	0.173123949
95.148978	0.176119313
95.184912	0.176165037
95.220816	0.176905451
95.257163	0.175209419
95.293417	0.175864486
95.329199	0.17793105
95.36608	0.173486964
95.401663	0.181056268
95.438177	0.177043085
95.474402	0.179113161
95.51087	0.178932458
95.54711	0.18046289
95.583807	0.177635932
95.620718	0.176083626
95.657156	0.178596161
95.693091	0.181567691
95.730322	0.175574455
95.766836	0.178999261
95.80361	0.177794622
95.839667	0.181861124
95.876914	0.176929953
95.913016	0.183972028
95.95069	0.177422154
95.98728	0.184132254
96.024161	0.183560006
96.060309	0.187626428
96.097693	0.180745181
96.135306	0.179236275
96.172186	0.18289626
96.209036	0.183537483
96.246909	0.178621255
96.283789	0.183662438
96.320731	0.183784328
96.358435	0.180489437
96.395743	0.183219486
96.433096	0.184110206
96.470114	0.187218985
96.507376	0.187209365
96.544684	0.187096584
96.582999	0.181647003
96.620596	0.185033575
96.658087	0.185677351
96.695654	0.185484565
96.732687	0.188587609
96.771063	0.182020178
96.808554	0.186286296
96.846289	0.185250617
96.88407	0.186594731
96.922186	0.186011389
96.959738	0.189571918
96.996909	0.191059067
97.035803	0.181822615
97.072867	0.190726409
97.111655	0.18316595
97.149451	0.188877679
97.187628	0.187882903
97.225546	0.189901936
97.263846	0.18865057
97.302145	0.189225662
97.340262	0.191247035
97.378104	0.19334761
97.416983	0.188161657
97.455069	0.191601372
97.493491	0.189935052
97.531668	0.190581966
97.570456	0.18764433
97.608878	0.190550011
97.647269	0.191790973
97.685629	0.192828982
97.724341	0.191673002
97.762503	0.194706521
97.801566	0.19048553
97.840033	0.194067712
97.87847	0.195822651
97.917715	0.192981506
97.956076	0.197051381
97.995245	0.191686913
98.03414	0.191906052
98.072714	0.193522034
98.111487	0.1936343
98.15003	0.196106334
98.188879	0.195754641
98.227881	0.195735311
98.266592	0.197660392
98.305701	0.195759811
98.344687	0.196461128
98.383582	0.197667778
98.422598	0.198469581
98.461661	0.198699759
98.500967	0.196885406
98.540076	0.196569536
98.578925	0.196902872
98.618338	0.194577899
98.657614	0.196172015
98.696677	0.197850037
98.735968	0.197122608
98.775244	0.19777299
98.81452	0.198365548
98.854163	0.197153803
98.893378	0.199820369
98.933508	0.195445473
98.972525	0.201599217
99.011557	0.202053638
99.051077	0.200023092
99.090628	0.199401334
99.130118	0.199130779
99.169714	0.198409439
99.209891	0.196365517
99.24935	0.200902943
99.288382	0.203921633
99.328589	0.198774588
99.368582	0.200518151
99.408209	0.202681793
99.447729	0.203340942
99.487204	0.203696737
99.527243	0.200909352
99.567191	0.201814946
99.606848	0.203791188
99.646979	0.200837797
99.687216	0.199275457
99.72666	0.202876535
99.766684	0.20075749
99.806647	0.20220663
99.846915	0.201735419
99.887152	0.202596183
99.927237	0.20419498
99.967307	0.204963177
100.007422	0.205255505
100.047492	0.206431224
100.088003	0.204331846
100.127905	0.207163623
100.167914	0.206262219
100.207754	0.206207877
100.248297	0.202113532
100.289359	0.199862265
100.329352	0.206086954
100.369711	0.205413677
100.409506	0.209297467
100.450537	0.203947737
100.490302	0.211027438
100.530783	0.207667891
100.571494	0.207183361
100.611823	0.209735219
100.652609	0.207196899
100.693015	0.208828604
100.733801	0.206538157
100.773657	0.210715146
100.814856	0.203076914
100.855948	0.20358154
100.895972	0.209865973
100.936148	0.210170952
100.977515	0.205265838
101.018515	0.207886266
101.058844	0.211845387
101.099799	0.208848796
101.140631	0.210433432
101.181387	0.211145226
101.222067	0.21142606
101.263144	0.20910579
101.30387	0.210606068
101.344336	0.21159754
101.385748	0.20647982
101.426321	0.211064716
101.467642	0.207946129
101.508582	0.210577889
101.54949	0.211247658
101.590491	0.211274562
101.631277	0.212848166
101.672202	0.212533006
101.713385	0.211857813
101.754614	0.211858591
101.795569	0.212743657
101.83692	0.210822674
101.878119	0.211814564
101.919348	0.212150226
101.960257	0.214493933
102.001807	0.211175788
102.042975	0.213130704
102.084525	0.211565188
102.1258	0.213332104
102.166846	0.214868817
102.208746	0.211034682
102.249915	0.215516146
102.291098	0.215363648
102.332388	0.214684142
102.373908	0.213680557
102.415915	0.211444777
102.457251	0.215654521
102.499106	0.213994489
102.540564	0.216737241
102.582098	0.216065673
102.623816	0.214743998
102.665533	0.214501023
102.706671	0.217752106
102.748831	0.212920864
102.790091	0.217948252
102.83161	0.216036237
102.873526	0.213510302
102.915121	0.215900022
102.957068	0.214735421
102.998557	0.217700477
103.040686	0.215405123
103.082281	0.218276106
103.124472	0.214712805
103.1659	0.21837533
103.20748	0.217531258
103.249609	0.214737914
103.291647	0.21524382
103.333472	0.216474676
103.375082	0.217343735
103.417654	0.212854681
103.45925	0.219156237
103.500723	0.220911153
103.543677	0.21399037
103.585425	0.220007504
103.627585	0.217312793
103.669669	0.217594272
103.711707	0.217683034
103.753485	0.219063792
103.79595	0.215415227
103.837759	0.219085596
103.879706	0.218774788
103.922079	0.218031519
103.963965	0.222320226
104.006369	0.220989831
104.049246	0.219201059
104.090445	0.227994198
104.133215	0.218380017
104.175864	0.218107376
104.217719	0.221822632
104.259772	0.220193299
104.301779	0.21999311
104.344473	0.216524729
104.386847	0.218369977
104.429312	0.21859597
104.471487	0.221620264
104.513831	0.222203557
104.556372	0.222383926
104.598334	0.22613877
104.641348	0.220883745
104.683844	0.222995972
104.726599	0.22109538
104.768012	0.228423908
104.81124	0.219533855
104.853491	0.224932511
104.896185	0.222732188
104.938498	0.224304509
104.981421	0.220871386
105.024344	0.22153369
105.066946	0.224762433
105.109473	0.226645053
105.151892	0.227690341
105.195013	0.223235772
105.23725	0.22699126
105.280676	0.220723715
105.323126	0.226344704
105.366232	0.223516416
105.409003	0.225992559
105.451209	0.229932459
105.493964	0.227045663
105.537344	0.22344812
105.579642	0.229363865
105.622702	0.226963236
105.665793	0.228351517
105.708517	0.231120134
105.750906	0.231943981
105.79357	0.229218681
105.83721	0.223683842
105.880484	0.225520102
105.923483	0.227082434
105.965948	0.229889148
106.008505	0.229401618
106.05155	0.226201996
106.094443	0.226275771
106.137427	0.225675157
106.180289	0.22835331
106.223761	0.22692607
106.266379	0.232208196
106.30979	0.227405217
106.352301	0.231346197
106.39585	0.225076605
106.438193	0.231007333
106.481451	0.226060218
106.525565	0.221189262
106.567877	0.230238425
106.610785	0.227426678
106.654273	0.224729238
106.697485	0.228063266
106.739966	0.233929056
106.783698	0.228573194
106.82572	0.238778632
106.869544	0.229297918
106.912741	0.231846393
106.955954	0.230561383
106.999152	0.229919859
107.042075	0.231194595
107.085837	0.22651388
107.128867	0.230564609
107.172247	0.229128298
107.215536	0.230232116
107.258704	0.232896091
107.301749	0.235819452
107.344367	0.239681749
107.388022	0.233783229
107.431738	0.232335742
107.474829	0.234496025
107.518759	0.22919718
107.561911	0.233028063
107.605505	0.230383879
107.648947	0.231127243
107.692252	0.232012555
107.735205	0.234267321
107.77912	0.229490171
107.821829	0.236960761
107.865302	0.235467697
107.908743	0.237460125
107.952429	0.236836646
107.995779	0.238418013
108.039893	0.233409309
108.08364	0.234592457
108.126623	0.238029043
108.170676	0.231581459
108.214011	0.235528387
108.257636	0.234414743
108.301428	0.234017296
108.344717	0.236957428
108.388388	0.235270222
108.432455	0.23404701
108.475851	0.239627209
108.519904	0.23776999
108.563498	0.241470829
108.606985	0.241844753
108.650977	0.238028601
108.69512	0.236360264
108.738409	0.240496038
108.782111	0.238145754
108.82572	0.238330322
108.869315	0.238210782
108.913382	0.235630877
108.957388	0.236038102
109.001502	0.236026531
109.045019	0.24070608
109.089102	0.238419337
109.133307	0.237790349
109.17655	0.242460103
109.220572	0.237026581
109.264822	0.234872688
109.308432	0.23814647
109.352255	0.237621213
109.396536	0.236032294
109.439871	0.242515565
109.48461	0.236266156
109.528052	0.24452927
109.572638	0.239527885
109.616476	0.245400148
109.660346	0.246514735
109.703986	0.248066732
109.748785	0.241329903
109.792242	0.248299396
109.83634	0.243298166
109.880408	0.242405136
109.924811	0.240057356
109.968344	0.244328263
110.012808	0.23878063
110.057089	0.239683868
110.101218	0.24033356
110.145331	0.240968951
110.189047	0.245369529
110.233511	0.243958981
110.27796	0.245917183
110.322455	0.246259339
110.366186	0.249309994
110.410727	0.243575462
110.454932	0.245141625
110.499365	0.244067189
110.543478	0.245369859
110.587775	0.244027832
110.631918	0.245118737
110.67623	0.244862117
110.720282	0.247900182
110.764761	0.248273036
110.808356	0.254755601
110.853506	0.246003491
110.897299	0.251947237
110.941687	0.247314951
110.985998	0.247655731
111.030829	0.245297663
111.074911	0.25010908
111.119864	0.245541015
111.16413	0.249350296
111.208762	0.24733122
111.253043	0.249428831
111.297278	0.250463039
111.342001	0.250292105
111.386359	0.253871404
111.430899	0.253680929
111.475867	0.250431137
111.521124	0.247304616
111.565237	0.252859351
111.609885	0.249827712
111.654608	0.249699547
111.699484	0.249371842
111.743185	0.256522075
111.788367	0.248135637
111.83277	0.252369075
111.877158	0.253749498
111.921851	0.253137999
111.966589	0.253356552
112.011694	0.251742667
112.05564	0.258089912
112.100256	0.25295453
112.145422	0.249371769
112.190268	0.251630453
112.234976	0.253290542
112.279273	0.256434669
112.324194	0.253689602
112.368353	0.259160517
112.413321	0.255499786
112.457785	0.260443821
112.50289	0.258024209
112.547202	0.263457002
112.592719	0.256357273
112.636984	0.263003701
112.681387	0.260827308
112.726462	0.255455631
112.770453	0.26014312
112.815695	0.252287758
112.860465	0.254897924
112.905325	0.254354252
112.950186	0.25482876
112.99494	0.25655138
113.039786	0.257891855
113.08454	0.26076298
113.129981	0.258387961
113.174353	0.264962431
113.218985	0.26224145
113.263937	0.259250391
113.30889	0.258687711
113.352972	0.263786286
113.398489	0.254901396
113.443549	0.257202719
113.488013	0.260802649
113.532828	0.259104138
113.578177	0.256735371
113.622809	0.262730184
113.668005	0.261223465
113.712607	0.265890448
113.757193	0.265427683
113.802496	0.259986546
113.84722	0.262633314
113.892493	0.259522282
113.937247	0.262861185
113.982871	0.258576236
114.027441	0.265142975
114.072333	0.263415643
114.117423	0.262248833
114.162924	0.26088622
114.207861	0.265137332
114.252753	0.266070072
114.298132	0.262434086
114.343436	0.262030184
114.387915	0.266599148
114.432898	0.263699106
114.478156	0.262303955
114.523718	0.260718709
114.568671	0.264531944
114.613516	0.265903775
114.659033	0.262903263
114.70394	0.267355885
114.749258	0.265620954
114.794211	0.267862901
114.83927	0.266847054
114.885214	0.261636768
114.929633	0.270745884
114.975165	0.264208432
115.020331	0.266402175
115.065314	0.26735375
115.11048	0.266365659
115.155554	0.267689281
115.201132	0.26611826
115.245993	0.271190645
115.291785	0.265461336
115.336478	0.271766684
115.382422	0.263719227
115.42681	0.272399909
115.472967	0.26144898
115.517905	0.26859189
115.56362	0.264601783
115.608603	0.269491343
115.653555	0.27033932
115.69866	0.269843662
115.744192	0.268190715
115.789038	0.273731156
115.834814	0.269002629
115.879843	0.273508388
115.924918	0.271810655
115.970206	0.269111972
116.016287	0.263755684
116.060507	0.274565224
116.106268	0.265618562
116.151205	0.271263714
116.196463	0.270028339
116.242148	0.268394729
116.288061	0.268348274
116.332922	0.275960796
116.37789	0.27636805
116.423132	0.274373762
116.469138	0.268552357
116.513678	0.276006998
116.559302	0.268434968
116.604086	0.272513064
116.649542	0.268224785
116.695151	0.267691797
116.740363	0.270788022
116.785513	0.272186611
116.831061	0.271761364
116.876593	0.273069216
116.921805	0.275269972
116.967139	0.274085572
117.012747	0.271624968
117.058081	0.272923862
117.104086	0.26908631
117.149893	0.270624066
117.194754	0.276538617
117.240652	0.27042431
117.286139	0.273342611
117.331107	0.277050978
117.376791	0.273334948
117.42298	0.270575447
117.468069	0.277413891
117.514365	0.270359584
117.55979	0.275208874
117.605368	0.273748724
117.650626	0.275421354
117.696448	0.271817821
117.742148	0.272728954
117.788031	0.271888954
117.833319	0.275691323
117.879004	0.273858581
117.9242	0.278241128
117.970267	0.274263965
118.016165	0.276064498
118.061652	0.278736026
118.107519	0.275775764
118.153326	0.275420755
118.198721	0.278022017
118.24407	0.278895708
118.289725	0.277850439
118.335898	0.275410592
118.381537	0.279183912
118.426825	0.281866293
118.472449	0.281052861
118.518744	0.277448031
118.564322	0.281423804
118.609961	0.280256257
118.655646	0.278982252
118.700873	0.281626131
118.747137	0.275958796
118.793265	0.277718434
118.838614	0.28364099
118.884711	0.279889311
118.930426	0.282949653
118.976065	0.283877541
119.022223	0.281817759
119.067908	0.285368434
119.114004	0.282649631
119.15975	0.283573178
119.205039	0.284828772
119.25109	0.279708181
119.296957	0.281395406
119.342627	0.283905541
119.388785	0.281696477
119.435019	0.281615847
119.480277	0.287611246
119.527136	0.277850983
119.57279	0.285994939
119.619116	0.282780778
119.66471	0.288078836
119.710242	0.288443583
119.756369	0.283781855
119.802557	0.282586547
119.84841	0.284438263
119.894827	0.281247031
119.939642	0.291931011
119.98548	0.286168018
120.031226	0.287246209
120.077628	0.28337157
120.123816	0.285139489
120.169485	0.288850052
120.215521	0.286939366
120.261679	0.286281748
120.307532	0.287327648
120.353583	0.284796651
120.39939	0.285245135
120.445441	0.283330699
120.49082	0.287470939
120.537939	0.27710042
120.584006	0.28365319
120.629782	0.286107242
120.675436	0.288268924
120.722021	0.28391756
120.767554	0.291446388
120.814093	0.285838285
120.85932	0.294413731
120.905615	0.287372901
120.951575	0.289299953
120.998144	0.285483413
121.043356	0.293780521
121.090018	0.284646361
121.135474	0.292038398
121.181723	0.287014143
121.227637	0.289037586
121.274649	0.283380361
121.320517	0.291678212
121.365988	0.294625221
121.412161	0.289707975
121.457831	0.292281858
121.503989	0.288785634
121.551215	0.282449865
121.59661	0.294791754
121.643485	0.286086373
121.689444	0.292210449
121.735327	0.293555996
121.781607	0.292306441
121.827582	0.295502605
121.873251	0.298147395
121.919806	0.293020167
121.965872	0.29625832
122.011832	0.296425954
122.058447	0.290981113
122.104742	0.292160655
122.151175	0.29081213
122.196478	0.298381942
122.242514	0.294927938
122.289237	0.291754138
122.33544	0.296475453
122.382132	0.294511841
122.42771	0.302132228
122.473547	0.300712896
122.520636	0.29278384
122.566656	0.299350625
122.613242	0.295287283
122.658194	0.30568968
122.705176	0.292704513
122.751517	0.297025877
122.797552	0.299422974
122.843909	0.298215262
122.889914	0.301923693
122.935904	0.303737498
122.982657	0.299820399
123.028754	0.304548249
123.075446	0.300576337
123.121939	0.301212004
123.168127	0.302432228
123.214102	0.303154612
123.260779	0.298085056
123.306921	0.301291552
123.352988	0.301743063
123.399954	0.295824011
123.445914	0.30255424
123.492682	0.298416007
123.539206	0.301058948
123.585471	0.303661105
123.631857	0.303038359
123.678534	0.30062797
123.724677	0.303845707
123.770895	0.303559334
123.81806	0.297731674
123.863959	0.305956034
123.910742	0.300041835
123.956641	0.30602674
124.003088	0.303272406
124.049902	0.30186544
124.096274	0.305472774
124.142386	0.307570399
124.189063	0.30365543
124.23548	0.304867027
124.28205	0.303755751
124.328482	0.304688713
124.37467	0.30665232
124.421118	0.305598225
124.467642	0.305266859
124.513968	0.306621863
124.560797	0.303527067
124.607138	0.307246028
124.653372	0.308301799
124.70014	0.305092531
124.746603	0.306986361
124.793005	0.30759223
124.839606	0.306618684
124.886237	0.30700279
124.932211	0.311868139
124.978506	0.30990363
125.024924	0.308838302
125.07189	0.305328417
125.118155	0.310908021
125.165091	0.307747413
125.211707	0.310979463
125.258124	0.312723676
125.304251	0.314374247
125.351446	0.30664711
125.397452	0.314015094
125.44422	0.308662672
125.49024	0.313419753
125.537817	0.302799256
125.583701	0.313575851
125.630392	0.308240375
125.677161	0.308368774
125.723502	0.312111818
125.769949	0.312380034
125.816687	0.310742567
125.863089	0.312810499
125.909628	0.312035605
125.956457	0.310414795
126.002783	0.314416361
126.049506	0.312640189
126.096594	0.310592266
126.142615	0.318046417
126.189795	0.310293591
126.236517	0.313439423
126.282873	0.315822853
126.329855	0.310978083
126.376166	0.315095799
126.422888	0.31205766
126.469809	0.31085474
126.516302	0.314114976
126.563803	0.307880107
126.610052	0.316703842
126.656683	0.314515965
126.703253	0.315614154
126.74993	0.31550324
126.797018	0.313104323
126.843085	0.319684467
126.890311	0.311171361
126.936743	0.315586131
126.98342	0.31297261
127.030112	0.312668486
127.076971	0.312259623
127.123648	0.31443068
127.170187	0.316288776
127.217108	0.314722411
127.263678	0.318365628
127.310599	0.31692252
127.357352	0.318393112
127.404196	0.317849555
127.450644	0.319688525
127.496863	0.320541398
127.543585	0.316391469
127.591055	0.310925676
127.637686	0.316316992
127.684409	0.31607915
127.730856	0.318690464
127.777609	0.317668107
127.82485	0.31546249
127.871329	0.321566733
127.918387	0.31809081
127.964957	0.321736553
128.012335	0.316510449
128.058493	0.324909421
128.105566	0.318288706
128.152167	0.320769279
128.198813	0.319977876
128.245245	0.321130643
128.292197	0.317563122
128.339331	0.316923609
128.385916	0.321499716
128.432105	0.324900481
128.479575	0.316402996
128.525977	0.324068231
128.573401	0.316782569
128.61962	0.324672838
128.666769	0.318444167
128.713095	0.324217703
128.760199	0.319131279
128.806616	0.324431026
128.853476	0.321492376
128.900565	0.320208614
128.946768	0.32702213
128.993628	0.32310736
129.040778	0.32179345
129.087378	0.326349906
129.134299	0.32432047
129.181433	0.322701721
129.228339	0.324706989
129.274451	0.330724997
129.322165	0.320311468
129.368445	0.330754242
129.415717	0.324488912
129.462531	0.328558932
129.50994	0.325268702
129.556952	0.328406419
129.60401	0.32778843
129.651297	0.325747609
129.698233	0.327703024
129.744772	0.329906444
129.792059	0.324291472
129.839087	0.326244642
129.885596	0.330166528
129.932669	0.326433452
129.979712	0.326914558
130.026266	0.330596184
130.073554	0.325838602
130.120886	0.326271071
130.167761	0.330486229
130.214239	0.333386465
130.261847	0.325343736
130.30892	0.328947691
130.355734	0.330673656
130.402777	0.328856133
130.449667	0.329495242
130.496024	0.33300697
130.543356	0.326296924
130.590384	0.328753367
130.637412	0.329005396
130.684424	0.329348737
130.732016	0.326071186
130.778311	0.336484828
130.825354	0.332083588
130.872458	0.332322815
130.920218	0.327987724
130.966879	0.335626117
131.013922	0.332969115
131.060995	0.332987351
131.108481	0.330388786
131.155051	0.336299845
131.201712	0.335293559
131.248938	0.331392719
131.296057	0.332541832
131.343085	0.333855917
131.390128	0.334225339
131.437186	0.33497817
131.484366	0.335132124
131.53147	0.336355298
131.578925	0.334088314
131.626028	0.336363945
131.672842	0.338127029
131.720084	0.334829818
131.767233	0.335080777
131.814734	0.332465415
131.861319	0.338827434
131.908942	0.331221335
131.955771	0.337066662
132.002493	0.338382644
132.049353	0.338232094
132.096396	0.338357799
132.143713	0.337551712
132.191	0.338192028
132.238226	0.338520082
132.284918	0.342278812
132.332663	0.33470892
132.380225	0.336040126
132.426733	0.343869898
132.474097	0.337831811
132.521628	0.336411273
132.568854	0.338437092
132.616476	0.336109174
132.663123	0.344115156
132.710486	0.339616879
132.757208	0.34453333
132.804556	0.340040343
132.851721	0.340791178
132.89884	0.340754529
132.945822	0.341670917
132.993567	0.336340645
133.040839	0.339694164
133.087714	0.341930632
133.135535	0.334822749
133.182105	0.343810801
133.229483	0.338497207
133.276587	0.341768504
133.323508	0.344436795
133.370993	0.340744263
133.417899	0.345351625
133.465094	0.343348457
133.512442	0.342008239
133.558981	0.347429372
133.606375	0.340648394
133.654135	0.337595655
133.701834	0.337981659
133.748816	0.343110084
133.796042	0.341268135
133.842642	0.346476678
133.890128	0.341291557
133.936835	0.348159043
133.984366	0.34307452
134.031531	0.346528768
134.07865	0.347241934
134.126013	0.345279186
134.173285	0.345588087
134.220724	0.343451132
134.267386	0.348521785
134.314627	0.343626657
134.361945	0.343124195
134.409033	0.345141645
134.456473	0.342692253
134.503195	0.348462897
134.551184	0.340643701
134.597739	0.352618891
134.645468	0.345170616
134.692465	0.351169686
134.739722	0.349144542
134.786826	0.349865848
134.834174	0.347825282
134.881079	0.350996304
134.929068	0.343035793
134.97608	0.350291864
135.023291	0.348750983
135.070135	0.351599628
135.117636	0.347133668
135.165076	0.348473966
135.212561	0.349126705
135.259467	0.354040317
135.306845	0.350804432
135.354239	0.351051958
135.401312	0.353337977
135.448828	0.349948572
135.496176	0.351223469
135.543341	0.353019874
135.591162	0.348915937
135.638281	0.354666256
135.686408	0.347735748
135.733679	0.354009661
135.780631	0.356852631
135.828543	0.350467925
135.876074	0.353570726
135.923056	0.357534971
135.970404	0.354386436
136.017798	0.353861241
136.065039	0.354993656
136.112921	0.350486764
136.160162	0.35555926
136.207694	0.353825579
136.254294	0.361163284
136.302344	0.350443377
136.349661	0.356642396
136.396857	0.358268934
136.444937	0.352146298
136.491476	0.36437626
136.53916	0.355642264
136.586569	0.357470655
136.633948	0.357727447
136.681799	0.354346098
136.72933	0.357152707
136.776175	0.362778853
136.823798	0.357108964
136.87139	0.357669615
136.918784	0.359450745
136.966193	0.359513702
137.013266	0.361942095
137.06069	0.359180604
137.108374	0.357059871
137.15592	0.357895551
137.203284	0.359161212
137.251196	0.35526066
137.298468	0.360430065
137.345313	0.364548307
137.393286	0.356858762
137.440344	0.364399527
137.488074	0.359641249
137.535513	0.36227303
137.583136	0.361423218
137.630286	0.365539164
137.67858	0.356764388
137.725638	0.365778208
137.773169	0.361647687
137.821158	0.357856682
137.86759	0.369718777
137.91593	0.355504305
137.963187	0.364338233
138.010809	0.361988285
138.058371	0.362707436
138.105368	0.367229426
138.153067	0.362224733
138.200644	0.363917212
138.247702	0.368449771
138.295294	0.36464081
138.343039	0.363247095
138.390509	0.364544978
138.438269	0.361347946
138.485541	0.36448148
138.533072	0.362542903
138.581168	0.358885013
138.628989	0.361754549
138.676047	0.368174411
138.723975	0.361876786
138.771201	0.367653273
138.818625	0.36673842
138.865988	0.367947262
138.913702	0.365818357
138.961081	0.36879533
139.008643	0.367195012
139.056204	0.366651003
139.104254	0.362273127
139.15145	0.368279012
139.199225	0.363441427
139.246344	0.368633311
139.294684	0.359647687
139.341223	0.373922651
139.38941	0.361462744
139.436896	0.367783818
139.485083	0.363371228
139.532614	0.369145084
139.580145	0.369347434
139.627509	0.370538132
139.674536	0.372668257
139.722601	0.364177446
139.770102	0.3681875
139.817984	0.365066696
139.865607	0.367329062
139.912985	0.36978881
139.960364	0.370156311
140.008261	0.366472774
140.054907	0.376815483
140.103064	0.365751424
140.150549	0.371774512
140.197577	0.376036515
140.245841	0.366937863
140.293051	0.375046517
140.340582	0.3722858
140.388251	0.370666991
140.435843	0.370653099
140.483603	0.368979087
140.531165	0.370690266
140.57868	0.371352914
140.62612	0.37210461
140.674185	0.367646822
140.72164	0.373651236
140.768607	0.378586675
140.81629	0.373491995
140.863486	0.377225818
140.911368	0.371766408
140.959235	0.37191267
141.006689	0.375203676
141.054419	0.372809384
141.102454	0.370024781
141.149802	0.37484035
141.197073	0.37534701
141.24552	0.366541878
141.293341	0.372524945
141.340613	0.377946266
141.388327	0.374963023
141.435721	0.377565586
141.483984	0.370740255
141.531073	0.379693003
141.579108	0.371948288
141.626578	0.376460614
141.674765	0.370807286
141.722464	0.374270547
141.770178	0.374074958
141.81803	0.373280792
141.865836	0.374308077
141.913748	0.37402728
141.961508	0.375989876
142.009146	0.377447404
142.057257	0.373786564
142.104239	0.382678619
142.152396	0.373026889
142.199912	0.378081238
142.247885	0.374296206
142.295432	0.376999374
142.343268	0.374304545
142.39025	0.380984912
142.438818	0.36862287
142.486151	0.378579956
142.534125	0.373839755
142.582144	0.373799892
142.630408	0.372213004
142.677069	0.385943018
142.725165	0.375166152
142.773276	0.375748194
142.820715	0.381525085
142.868689	0.377227361
142.916373	0.379689651
142.964774	0.374071988
143.012976	0.375484002
143.059927	0.385394898
143.108466	0.372792057
143.15589	0.381738126
143.203665	0.378979301
143.251517	0.378345509
143.299536	0.376731663
143.347266	0.378789552
143.395316	0.376451949
143.442389	0.384799802
143.490622	0.375968963
143.538382	0.380493133
143.586508	0.378210683
143.633734	0.385708633
143.681952	0.377849494
143.72962	0.382482374
143.778006	0.3770386
143.82543	0.384910609
143.873557	0.379335806
143.920981	0.385043112
143.968848	0.3813881
144.01731	0.376281419
144.065146	0.381054075
144.112463	0.385597248
144.160712	0.378385213
144.207816	0.387894579
144.256384	0.37637791
144.304037	0.383839068
144.351874	0.382775904
144.399557	0.384411212
144.448157	0.3776476
144.495841	0.385043956
144.543494	0.385459926
144.591528	0.382501327
144.638983	0.387642349
144.687277	0.380914297
144.734488	0.389512193
144.78353	0.374706848
144.831503	0.382591407
144.879218	0.384454461
144.927344	0.381210126
144.974982	0.385451747
145.023032	0.382656798
145.070776	0.385522114
145.11875	0.38392322
145.166449	0.386383657
145.214583	0.383228922
145.262289	0.387231285
145.310782	0.380903332
145.358221	0.389091353
145.406172	0.384662134
145.453986	0.385311795
145.501791	0.385210968
145.549422	0.386839462
145.597555	0.383161844
145.64511	0.388398198
145.692687	0.388579918
145.741064	0.382433027
145.789519	0.381877066
145.837592	0.385492825
145.885207	0.389610383
145.932967	0.388798965
145.98123	0.384593896
146.028586	0.391526538
146.07704	0.382221426
146.124258	0.392074768
146.172766	0.381881479
146.220305	0.389989026
146.268591	0.383988213
146.315916	0.391793498
146.36389	0.386687449
146.411894	0.387093037
146.460135	0.385496805
146.507826	0.390147345
146.55538	0.391435424
146.603278	0.388914686
146.651312	0.387973775
146.699339	0.388286587
146.747267	0.388943214
146.795012	0.390274261
146.84326	0.386431097
146.890967	0.391035171
146.938574	0.392042562
146.986746	0.387507201
147.034582	0.390400576
147.083151	0.384786181
147.130278	0.396703182
147.178091	0.391056586
147.226172	0.389072843
147.273955	0.391722116
147.321967	0.390271994
147.370085	0.389676636
147.418135	0.390414243
147.465704	0.394706444
147.514258	0.3873549
147.561835	0.395649729
147.610022	0.391005543
147.658034	0.392378523
147.705779	0.39460312
147.753882	0.391415028
147.801619	0.394126116
147.84976	0.391019372
147.898573	0.386165137
147.946211	0.396036308
147.994803	0.388596383
148.042387	0.397048264
148.090231	0.39529905
148.13822	0.394637657
148.186629	0.391612211
148.234511	0.396151151
148.282538	0.39501826
148.330031	0.399446557
148.378416	0.392184102
148.426703	0.393128306
148.47457	0.396660232
148.522917	0.392907829
148.570944	0.395928478
148.618887	0.396741285
148.666861	0.396636973
148.714575	0.398678125
148.762419	0.397407787
148.811026	0.391305636
148.858679	0.399209805
148.90724	0.391797063
148.954779	0.400607815
149.003745	0.389094323
149.050978	0.403365112
149.099379	0.393850444
149.147391	0.397258913
149.195235	0.398754057
149.243246	0.397677199
149.292098	0.390817166
149.340018	0.398452125
149.387808	0.399396726
149.436026	0.396356644
149.484282	0.396549722
149.531844	0.402638986
149.579741	0.39988679
149.627638	0.399723135
149.676024	0.395447283
149.724394	0.39519422
149.7722	0.399445073
149.820647	0.394268142
149.868185	0.402109084
149.91667	0.394275404
149.964377	0.400734071
150.01235	0.398707889
150.061301	0.390920043
150.108847	0.403199194
150.157324	0.3963507
150.20545	0.399943168
150.253272	0.403024523
150.301642	0.39832861
150.349516	0.402155822
150.39765	0.399673811
150.446112	0.396555838
150.493704	0.403190809
150.542372	0.393877538
150.590712	0.396273976
150.638655	0.399501506
150.686423	0.401477681
150.734946	0.395852643
150.78298	0.401012298
150.831099	0.401198278
150.879279	0.401249447
150.928008	0.396972408
150.975897	0.403694202
151.023764	0.403874556
151.072211	0.398968051
151.120398	0.401072039
151.168639	0.400503856
151.216711	0.401493629
151.264975	0.399974337
151.312766	0.404374078
151.361044	0.400860935
151.409247	0.402204639
151.457564	0.402139014
151.505431	0.406601122
151.553206	0.40759644
151.602538	0.394821292
151.650626	0.405014858
151.698454	0.407172701
151.746664	0.403486458
151.794829	0.403076345
151.842413	0.407536878
151.890395	0.403968693
151.939871	0.3918827
151.987685	0.405729313
152.035437	0.406886586
152.083884	0.40161024
152.131285	0.410428942
152.180312	0.396954117
152.228163	0.406914479
152.276556	0.401965667
152.324667	0.40380399
152.372946	0.402043758
152.421133	0.402543303
152.469		0.405391099
152.517035	0.40438787
152.565329	0.402848306
152.613463	0.404836211
152.661292	0.407964589
152.709403	0.40626128
152.757964	0.40270669
152.80564	0.410300837
152.853529	0.40805584
152.901679	0.405414004
152.949728	0.405794253
152.99803	0.403369643
153.046248	0.404024781
153.094603	0.403013224
153.142569	0.406323651
153.189986	0.411567809
153.238806	0.400352173
153.286856	0.407438301
153.334616	0.410884767
153.382811	0.407975052
153.431006	0.408619122
153.479216	0.408818517
153.527441	0.40892046
153.575743	0.408557902
153.623862	0.410420277
153.671851	0.411981089
153.720061	0.409989522
153.768439	0.408720344
153.816161	0.414222041
153.864554	0.40830073
153.912405	0.413072492
153.960486	0.411203608
154.008788	0.409600988
154.05741	0.407257097
154.10504	0.416187045
154.15338	0.410423867
154.201613	0.411298685
154.249785	0.411978918
154.29769	0.414272504
154.345862	0.411979409
154.394652	0.406711384
154.442305	0.416015942
154.490851	0.408109836
154.538893	0.412000691
154.587157	0.409516967
154.635535	0.408068569
154.683447	0.411719435
154.731428	0.410888955
154.779791	0.408196967
154.828017	0.410597546
154.876059	0.413085721
154.924101	0.413793857
154.972426	0.411281062
155.020422	0.414078609
155.068388	0.414085808
155.116392	0.413563079
155.164831	0.409610545
155.213187	0.410009952
155.261359	0.410966764
155.309515	0.41070779
155.357687	0.410582421
155.406088	0.409592234
155.454367	0.412065848
155.502486	0.414151238
155.55081	0.412023303
155.598547	0.416688792
155.646666	0.412738092
155.694968	0.411026648
155.742712	0.416083284
155.791273	0.409453689
155.838843	0.418043016
155.88745	0.408482679
155.935286	0.414723253
155.984099	0.40686792
156.032095	0.41468064
156.080099	0.4153802
156.128478	0.412152034
156.176299	0.416583466
156.2246	0.412313249
156.273016	0.411292634
156.321074	0.414281579
156.368925	0.415924373
156.41738	0.410765179
156.465224	0.415718592
156.513564	0.411724528
156.561629	0.414559831
156.609671	0.415345605
156.657713	0.416051526
156.706511	0.409785525
156.754462	0.416759485
156.802657	0.414557414
156.850813	0.414923226
156.898817	0.416306986
156.947165	0.414034888
156.9952	0.416674932
157.043356	0.415289406
157.092207	0.409486631
157.140158	0.417875914
157.188803	0.412539465
157.235983	0.425894258
157.284514	0.414426831
157.333258	0.412753771
157.380621	0.425002932
157.428832	0.417871468
157.477179	0.416786721
157.525221	0.41918812
157.573737	0.414738826
157.621802	0.418673788
157.669897	0.418992039
157.71807	0.418998235
157.766547	0.416895533
157.813971	0.426464634
157.862692	0.415835724
157.91049	0.424128254
157.958914	0.418815644
158.00688	0.422762791
158.054663	0.424265602
158.102988	0.419721594
158.151594	0.417190637
158.200178	0.417021585
158.248282	0.421482141
158.295813	0.426847665
158.344855	0.414023007
158.392294	0.428183629
158.440375	0.422888522
158.488081	0.42665755
158.536185	0.423531308
158.584524	0.421920263
158.632498	0.425392569
158.681067	0.420294442
158.729071	0.424987691
158.77719	0.423684908
158.825591	0.421258762
158.874686	0.415029378
158.922339	0.427110868
158.97019	0.42546017
159.018424	0.422389563
159.066222	0.426769587
159.115126	0.417673193
159.163382	0.42448863
159.211874	0.423804289
159.259802	0.429553587
159.307288	0.433788899
159.356024	0.422421777
159.404402	0.424844383
159.452406	0.428119256
159.500983	0.422614281
159.548285	0.433266912
159.597082	0.419425059
159.645934	0.418560908
159.693488	0.43005986
159.742247	0.419788185
159.790373	0.42584053
159.838095	0.430621486
159.886801	0.422817777
159.935111	0.426543052
159.983397	0.426695929
160.031615	0.427004305
160.079581	0.428942026
160.128058	0.42439393
160.176817	0.421642516
160.225279	0.424147148
160.27355	0.426039124
160.321799	0.426475605
160.369811	0.428957684
160.417853	0.429306656
160.466292	0.425501443
160.514136	0.431320301
160.56272	0.425163916
160.611563	0.422918111
160.659926	0.426442304
160.707327	0.434660183
160.756407	0.419397443
160.805113	0.423002137
160.852446	0.435574749
160.901129	0.423948272
160.949301	0.428979251
160.997519	0.429389694
161.04592	0.428673546
161.094077	0.431462859
161.14292	0.425805021
161.191153	0.431530502
161.239813	0.428045878
161.28752	0.436984533
161.335883	0.430907137
161.384512	0.427951632
161.432844	0.430346194
161.48091	0.432793305
161.529669	0.426907871
161.577353	0.437230641
161.625983	0.429427801
161.674048	0.43493591
161.722617	0.431029684
161.771025	0.433140504
161.819502	0.432925793
161.867339	0.438997579
161.915869	0.432853868
161.963957	0.43638399
162.01219	0.43452035
162.060591	0.432740624
162.10871	0.435099783
162.15753	0.429038473
162.205969	0.432535751
162.253897	0.43749667
162.302077	0.435315016
162.350363	0.434531519
162.398787	0.433275356
162.446837	0.436698467
162.495177	0.434320769
162.543524	0.434288331
162.591742	0.435092953
162.63999	0.43431089
162.688208	0.434423446
162.736609	0.432771402
162.784857	0.434396287
162.833113	0.434850661
162.881819	0.431285252
162.929976	0.43650225
162.978491	0.433530042
163.026289	0.440783602
163.074027	0.44189212
163.122733	0.433682181
163.171133	0.437036695
163.219763	0.434899551
163.268393	0.434893473
163.316893	0.435895841
163.365309	0.436880303
163.412634	0.447067652
163.461569	0.43226008
163.509573	0.440827034
163.558844	0.429971592
163.606474	0.445656698
163.655028	0.43808224
163.703597	0.438389366
163.752058	0.439864782
163.799933	0.445649006
163.848242	0.441300172
163.896979	0.436975361
163.944968	0.443456324
163.99375	0.435956909
164.041396	0.446784962
164.090384	0.434539976
164.138014	0.446832283
164.186354	0.440798641
164.235083	0.437931346
164.283781	0.438884078
164.332167	0.442091335
164.379965	0.44784175
164.428442	0.44203213
164.477225	0.439246924
164.525572	0.442792027
164.573332	0.447943718
164.622168	0.437653086
164.670019	0.446604118
164.718329	0.442228227
164.766768	0.44092237
164.815321	0.439882845
164.863707	0.44203086
164.912314	0.44048433
164.960226	0.447557421
165.008368	0.445897596
165.056616	0.445365049
165.104567	0.448337453
165.153326	0.440940411
165.201292	0.448012262
165.249526	0.445232657
165.298193	0.4410301
165.346121	0.447847347
165.394995	0.43913302
165.443663	0.441368305
165.49156	0.448864886
165.54032	0.441385757
165.588232	0.449731888
165.636595	0.446154406
165.684981	0.446098343
165.732764	0.451806215
165.781569	0.442222721
165.830237	0.443522719
165.878752	0.445009415
165.926794	0.449833502
165.975272	0.445539897
166.023299	0.449338259
166.071875	0.444279607
166.119994	0.448580263
166.168227	0.447821161
166.216727	0.446053507
166.265303	0.445705623
166.313414	0.450141957
166.362578	0.440517119
166.410757	0.449582452
166.458785	0.451152624
166.507109	0.448507217
166.55596	0.443546544
166.604445	0.446936209
166.652716	0.448979702
166.700796	0.450810384
166.749068	0.448824427
166.797324	0.449207955
166.846365	0.441907905
166.89456	0.449792827
166.943457	0.443773407
166.991522	0.451498123
167.039732	0.450310971
167.088286	0.447065169
167.136542	0.450137128
167.185324	0.445334103
167.233748	0.448838884
167.281844	0.452426739
167.330153	0.450608145
167.37863	0.448768505
167.427		0.449819284
167.47531	0.450098347
167.523222	0.453808766
167.571982	0.446146423
167.621008	0.443779668
167.668791	0.455279736
167.716872	0.452422314
167.76554	0.44654354
167.813925	0.449097915
167.862814	0.44468421
167.910582	0.454651226
167.959494	0.444192175
168.007857	0.449234613
168.056319	0.448173938
168.104384	0.452249828
168.153181	0.446092701
168.201414	0.451740993
168.249861	0.449648681
168.298697	0.445713335
168.34619	0.458238859
168.395819	0.438323832
168.443922	0.451992965
168.492217	0.44990631
168.540823	0.446743897
168.589232	0.448440903
168.637145	0.453217195
168.686262	0.442662601
168.734496	0.451429279
168.782751	0.451935627
168.830275	0.459252992
168.879019	0.447738467
168.927512	0.449737188
168.976271	0.447207553
169.024725	0.450095881
169.073485	0.446963185
169.121787	0.450933638
169.170096	0.450673244
169.218497	0.449682507
169.267233	0.446776104
169.315543	0.451320157
169.363638	0.453772071
169.41268	0.44526697
169.461646	0.446241651
169.509535	0.456273086
169.558256	0.448361392
169.606917	0.449297628
169.654807	0.456960487
169.703566	0.448994597
169.752066	0.451893878
169.800024	0.45767868
169.849051	0.448162801
169.896925	0.459277918
169.945929	0.448992107
169.994475	0.453383921
170.042708	0.456679298
170.091559	0.451245767
170.140204	0.453527327
170.188605	0.45539327
170.23725	0.45290635
170.285857	0.453355163
170.333899	0.458745929
170.382925	0.449637079
170.430685	0.461827287
170.480482	0.443491072
170.528426	0.460828087
170.577132	0.453948365
170.625059	0.461765149
170.674322	0.449843743
170.722647	0.458710123
170.771178	0.45686267
170.819579	0.457927316
170.868285	0.45480038
170.917235	0.451945102
170.965575	0.457046514
171.013876	0.456859912
171.062849	0.450081563
171.111136	0.456705412
171.159514	0.456540637
171.208479	0.451815828
171.257239	0.45459858
171.304747	0.467419475
171.354117	0.450612407
171.402548	0.460199204
171.451537	0.455311433
171.499899	0.461287516
171.548583	0.458615366
171.59651	0.465623422
171.644949	0.46027111
171.694052	0.453564775
171.742773	0.457150946
171.791434	0.458084535
171.839514	0.464034259
171.888045	0.460689003
171.936903	0.458327391
171.985411	0.462261481
172.033957	0.462279805
172.082922	0.458288038
172.131758	0.459539154
172.180174	0.463487845
172.228247	0.466704564
172.276846	0.461457582
172.325736	0.458275153
172.37451	0.458879426
172.423796	0.453845438
172.471777	0.466413108
172.52059	0.458982072
172.568984	0.46334565
172.61759	0.461861548
172.666693	0.457796065
172.715498	0.460542281
172.764258	0.460829708
172.812392	0.466753698
172.860991	0.462235206
172.909788	0.460131031
172.958426	0.461330766
173.006789	0.463916688
173.055449	0.460961466
173.104491	0.457673477
173.153151	0.46139553
173.201941	0.460708708
173.250624	0.462514822
173.298491	0.470971829
173.347647	0.459175376
173.396101	0.465989911
173.445197	0.459914853
173.493079	0.471266269
173.542044	0.460841428
173.590857	0.462453992
173.639593	0.463109196
173.687857	0.467561643
173.736616	0.462787571
173.785635	0.460730998
173.834357	0.463977769
173.883131	0.463632301
173.930838	0.474394308
173.980658	0.45458485
174.028654	0.471949685
174.077566	0.462993768
174.12628	0.464854024
174.174757	0.467189458
174.223456	0.46545872
174.27191	0.46805807
174.320418	0.467961597
174.36936	0.464173632
174.417837	0.46922493
174.466704	0.46573488
174.515479	0.466733462
174.563986	0.46927084
174.612723	0.467041699
174.661978	0.461965299
174.710127	0.47262506
174.758444	0.471464138
174.807524	0.464410673
174.856223	0.468402479
174.904768	0.470395701
174.953719	0.466794088
175.002325	0.470213758
175.050696	0.473081865
175.099509	0.469443123
175.148962	0.463425882
175.197653	0.470604304
175.245841	0.475003213
175.294646	0.468768381
175.343191	0.471441116
175.392416	0.465367261
175.440733	0.474561225
175.489844	0.467089311
175.538825	0.468739469
175.586493	0.482115797
175.63616	0.463267166
175.685233	0.469231553
175.733496	0.477351286
175.781958	0.475379058
175.831297	0.466388129
175.880164	0.470283949
175.929312	0.467185589
175.977385	0.47733599
176.026266	0.469420984
176.075537	0.46611817
176.123434	0.479968116
176.172263	0.471426561
176.220656	0.47626233
176.270331	0.464322008
176.318495	0.478963577
176.366873	0.47675446
176.41619	0.467480553
176.465437	0.467676891
176.513319	0.480387121
176.562338	0.468949525
176.61154	0.467154391
176.660483	0.469829425
176.708685	0.477036569
176.757681	0.469367893
176.806647	0.470393333
176.855513	0.471703989
176.904204	0.473700184
176.952979	0.473112111
177.002112	0.46918227
177.051146	0.469523026
177.099066	0.479732073
177.148024	0.469066538
177.197096	0.467574731
177.245528	0.473615284
177.293936	0.473889174
177.343489	0.463087741
177.391768	0.475467988
177.440916	0.467829438
177.489401	0.475063328
177.538306	0.471803347
177.586485	0.479510518
177.636572	0.46156721
177.68479	0.479577884
177.733122	0.478450624
177.782217	0.47099983
177.830839	0.475517937
177.879889	0.47112052
177.929022	0.470306251
177.977889	0.472813185
178.026205	0.478565019
178.075034	0.474347834
178.12377	0.476089211
178.172766	0.474252581
178.221815	0.474189307
178.270346	0.479606774
178.318793	0.480328647
178.368163	0.471156813
178.416754	0.47836053
178.465788	0.47384237
178.5147	0.474639692
178.563559	0.474974406
178.612707	0.472056613
178.661429	0.476266173
178.710349	0.474736323
178.759886	0.469350538
178.808386	0.480252533
178.857115	0.478714867
178.906393	0.473918389
178.954817	0.48250513
179.003447	0.480390336
179.052435	0.47650102
179.101561	0.4749087
179.150076	0.480973186
179.199225	0.474895979
179.248251	0.47636235
179.297224	0.476955739
179.346411	0.475008502
179.394865	0.482404885
179.44348	0.480780658
179.492514	0.476887178
179.541678	0.475960332
179.590285	0.481871275
179.639662	0.474867076
179.688117	0.4838156
179.736922	0.479917674
179.786124	0.475469225
179.835211	0.476527145
179.883856	0.481363487
179.932967	0.477207389
179.98213	0.476582042
180.030798	0.481531366
180.079413	0.482408962
180.127943	0.483884873
180.177168	0.477354525
180.226523	0.476352301
180.274748	0.488027596
180.324393	0.474306651
180.373022	0.484386592
180.422263	0.478246382
180.470496	0.488234912
180.519636	0.479196986
180.56851	0.482215923
180.617087	0.485682966
180.666426	0.478339189
180.7153	0.482859632
180.764327	0.481329487
180.813269	0.482740611
180.862105	0.484564444
180.910513	0.489559813
180.960379	0.47578231
181.009238	0.485593541
181.058699	0.479543089
181.106779	0.492854081
181.155814	0.482989849
181.204901	0.482373304
181.253676	0.485256631
181.302565	0.483976015
181.351317	0.484988054
181.400252	0.483079416
181.449347	0.481738417
181.498808	0.478774356
181.547621	0.485910065
181.596457	0.486352665
181.645667	0.482770105
181.694502	0.486297257
181.74288	0.490296692
181.792075	0.48172048
181.841406	0.479972779
181.89041	0.482863769
181.939429	0.482488569
181.988188	0.484843745
182.037192	0.482748445
182.086615	0.478851703
182.135031	0.489339486
182.184569	0.47860594
182.233137	0.48839774
182.282027	0.484785905
182.330931	0.484436432
182.3795	0.487660334
182.42887	0.479221959
182.477988	0.481097504
182.526915	0.482599363
182.575499	0.486010256
182.624907	0.477842863
182.673163	0.490026421
182.722495	0.47994855
182.770987	0.488812226
182.819701	0.486923413
182.869338	0.477837989
182.917784	0.489489773
182.966566	0.486061923
183.015662	0.482729174
183.065031	0.479825814
183.113638	0.487272523
183.162871	0.481159798
183.211188	0.490663532
183.260664	0.479705485
183.309599	0.485551381
183.358031	0.490992561
183.407202	0.483831907
183.456267	0.484847057
183.505232	0.48574465
183.553931	0.488334848
183.603545	0.479261832
183.651808	0.492785212
183.700583	0.487724464
183.749419	0.487356141
183.798789	0.482468396
183.847144	0.49330279
183.896834	0.480427747
183.945509	0.490942995
183.99475	0.485750889
184.043349	0.492416356
184.092108	0.49093194
184.141837	0.481467818
184.190688	0.490238386
184.23931	0.492390717
184.288145	0.489963833
184.336752	0.492067146
184.38613	0.484023061
184.43537	0.485345849
184.483893	0.492693723
184.532759	0.489382875
184.582549	0.480685849
184.631606	0.488267624
184.680281	0.492451123
184.729468	0.487738863
184.778349	0.491265377
184.826948	0.494556191
184.876196	0.488029108
184.925665	0.48599537
184.974989	0.487611876
185.024115	0.489518931
185.073035	0.491810835
185.121733	0.49448731
185.170783	0.491268434
185.220068	0.488778565
185.269041	0.492130419
185.318404	0.488627995
185.367651	0.490036663
185.415976	0.499794228
185.465163	0.491277284
185.514128	0.493947129
185.563658	0.48865653
185.612807	0.492777007
185.661307	0.499540739
185.709769	0.500296063
185.759757	0.485283291
185.808371	0.499096478
185.857275	0.496010042
185.906867	0.489288284
185.955763	0.496117068
186.004897	0.49379947
186.054312	0.491213733
186.102698	0.501666962
186.151884	0.493315879
186.201033	0.493399554
186.250052	0.494460123
186.298727	0.497835473
186.348006	0.491646902
186.396948	0.49501593
186.445715	0.496607676
186.494597	0.495259407
186.543974	0.490696377
186.593184	0.493069039
186.642828	0.48940307
186.691199	0.502769538
186.740286	0.495774248
186.789358	0.495717631
186.838263	0.497023113
186.887602	0.492366601
186.93624	0.499404787
186.985518	0.492930264
187.034788	0.492580172
187.083098	0.502234936
187.13249	0.491122079
187.182211	0.488287652
187.230719	0.501541028
187.279997	0.494249233
187.329184	0.495456761
187.378012	0.49937011
187.426649	0.501154197
187.475623	0.497262544
187.524084	0.50196975
187.573546	0.49124654
187.622717	0.493703687
187.671668	0.495635724
187.720976	0.492123949
187.770041	0.494730284
187.819311	0.492862365
187.867606	0.503394015
187.916861	0.49422031
187.965811	0.497701385
188.015654	0.489230616
188.063971	0.504875337
188.113303	0.494209463
188.162512	0.495074163
188.211081	0.501303641
188.260222	0.495340245
188.309645	0.492623711
188.358153	0.502265881
188.407843	0.490839312
188.456961	0.496955514
188.50585	0.499901896
188.554861	0.499054223
188.6043	0.495101881
188.652754	0.505352884
188.702338	0.493639852
188.750891	0.503685458
188.800192	0.495749122
188.84912	0.499353252
188.8981	0.499015008
188.94657	0.504629926
188.996458	0.490689253
189.044867	0.506135751
189.094122	0.498048128
189.143797	0.494202251
189.192892	0.500721459
189.241537	0.505907863
189.290945	0.498564575
189.339888	0.503406442
189.389105	0.50034421
189.437888	0.504288897
189.486822	0.502189029
189.536536	0.494055703
189.585051	0.506136152
189.634161	0.500074637
189.683615	0.496726909
189.733		0.497579891
189.781882	0.502823866
189.83055	0.50565833
189.880087	0.497222341
189.928915	0.504819067
189.977774	0.504802938
190.026778	0.503227346
190.076331	0.497339156
190.124793	0.508276531
190.174536	0.495090709
190.223212	0.505950487
190.272185	0.502859545
190.32115	0.502917437
190.370268	0.501566666
190.419257	0.503323268
190.468886	0.497661353
190.517302	0.511403691
190.566977	0.49925877
190.615759	0.509040909
190.66487	0.505953858
190.713881	0.507105714
190.763358	0.502176239
190.812125	0.508993837
190.861655	0.500617718
190.910742	0.504940115
190.959891	0.504337547
191.008795	0.507158281
191.058188	0.502475659
191.107359	0.505237054
191.156676	0.504096133
191.205405	0.510658112
191.255263	0.499612268
191.304488	0.506305223
191.353461	0.509114872
191.401679	0.516472772
191.45117	0.502820129
191.500815	0.500984236
191.549788	0.508159107
191.599303	0.503118307
191.648718	0.504914638
191.697676	0.510283907
191.746558	0.511755469
191.79563	0.510259133
191.844336	0.515153019
191.893599	0.510049303
191.943739	0.501407673
191.992796	0.512503922
192.042021	0.510786501
192.090765	0.515745021
192.139822	0.512615988
192.18878	0.51396856
192.237753	0.514279241
192.287115	0.510716
192.336012	0.515909978
192.38568	0.508189852
192.435019	0.511746877
192.483595	0.520148684
192.532362	0.518269547
192.58174	0.512001254
192.631308	0.510072443
192.6808	0.510844245
192.729453	0.519280766
192.778716	0.512831922
192.827406	0.519021167
192.876784	0.511659819
192.926009	0.513131499
192.974753	0.5178888
193.024382	0.508052483
193.072936	0.518949912
193.12287	0.504195984
193.171446	0.518371093
193.220305	0.515586135
193.269476	0.51252262
193.319273	0.506105083
193.368246	0.514711255
193.417662	0.510372398
193.466719	0.514300114
193.515639	0.516001177
193.564841	0.513083497
193.613898	0.514603536
193.663214	0.512299001
193.712271	0.515213875
193.761595	0.512819589
193.810561	0.516900545
193.859732	0.514979475
193.90872	0.516915666
193.958845	0.505503549
194.0073	0.523412974
194.056433	0.516587531
194.105818	0.514352625
194.154646	0.520569928
194.203421	0.521383198
194.252745	0.515791724
194.302763	0.509304753
194.351401	0.523849873
194.400382	0.520204071
194.449789	0.515846639
194.499213	0.515550677
194.547911	0.523411052
194.597678	0.512793757
194.64649	0.523446195
194.695319	0.523820002
194.744818	0.517010897
194.79386	0.521877383
194.843054	0.520346835
194.89295	0.513343451
194.941687	0.525628988
194.991087	0.517939553
195.040114	0.52106956
195.088461	0.527798414
195.138747	0.507381441
195.187231	0.52654027
195.23683	0.51525472
195.285353	0.52722387
195.334677	0.51881803
195.384199	0.516866392
195.43318	0.522934038
195.482703	0.517614176
195.531912	0.521008103
195.580512	0.527259336
195.629744	0.519981825
195.678709	0.522302196
195.728186	0.516655223
195.777289	0.520906782
195.826269	0.522775507
195.875334	0.522461658
195.924735	0.519400674
195.973738	0.523921651
196.022795	0.523471345
196.071875	0.524049756
196.120665	0.527598259
196.170531	0.516187398
196.219511	0.525358288
196.268706	0.522887684
196.318053	0.521142663
196.366385	0.532340996
196.415808	0.520948054
196.46514	0.522211827
196.514258	0.52492222
196.562781	0.531734529
196.612372	0.520493281
196.661452	0.526618
196.710494	0.527179373
196.759268	0.529651031
196.808958	0.518841933
196.857703	0.527887163
196.906638	0.525138214
196.955839	0.521886399
197.00511	0.521246689
197.054083	0.524332644
197.103552	0.519589273
197.152922	0.521070863
197.201453	0.530992405
197.25096	0.521022379
197.299818	0.528349131
197.349516	0.519539539
197.398772	0.524102869
197.447913	0.524850843
197.497328	0.52168317
197.546164	0.527705927
197.59529	0.524604257
197.644003	0.529369793
197.694548	0.510527017
197.743369	0.529286437
197.792334	0.528241032
197.841551	0.525717827
197.890906	0.524097208
197.939978	0.526794321
197.989211	0.524194623
198.038588	0.521765956
198.08782	0.522684546
198.136816	0.524845526
198.185553	0.527642807
198.235022	0.520158918
198.2843	0.522687151
198.333823	0.520854046
198.382773	0.527546923
198.432013	0.524894567
198.481062	0.52733626
198.530356	0.524789896
198.579443	0.527013775
198.628508	0.526798635
198.677748	0.524418075
198.726927	0.524687985
198.776221	0.523551462
198.825095	0.528575186
198.873892	0.529996563
198.923674	0.519942264
198.97264	0.52925339
199.022093	0.524586409
199.071059	0.529967842
199.120474	0.524992208
199.16973	0.526062225
199.218276	0.532770806
199.267706	0.522602623
199.317084	0.522719717
199.36611	0.526463127
199.415038	0.527725653
199.464781	0.519391236
199.513785	0.527556808
199.563231	0.523138283
199.61228	0.52764178
199.661215	0.528704279
199.710722	0.522447131
199.759672	0.527867674
199.808722	0.525953527
199.85771	0.525901793
199.906867	0.523633662
199.956587	0.517397357
200.005469	0.526702988
200.054709	0.523114055
200.103476	0.528647613
200.153525	0.5155794
200.202063	0.53296835
200.251364	0.525669706
200.301085	0.522194826
200.350523	0.525327893
200.399291	0.532317356
200.448111	0.531622013
200.497298	0.527527296
200.546713	0.524682011
200.596075	0.525369431
200.645468	0.525143822
200.69483	0.52561565
200.743941	0.528339921
200.793219	0.527201038
200.84249	0.527655188
200.891905	0.526403462
200.941451	0.524693323
200.989928	0.535109997
201.038657	0.531397675
201.08811	0.522795397
201.137434	0.523776661
201.187056	0.520456052
201.235846	0.529592079
201.285071	0.525506774
201.334601	0.522731457
201.384154	0.523241941
201.432913	0.532522907
201.482024	0.529246057
201.531538	0.525237653
201.580519	0.530759705
201.629889	0.525977817
201.679045	0.527555243
201.728422	0.52478231
201.777548	0.527336154
201.826354	0.531476188
201.875792	0.525227572
201.924994	0.528642303
201.973952	0.532046371
202.023001	0.53164187
202.072592	0.526221257
202.121489	0.533767945
202.170622	0.531085714
202.220244	0.525331654
202.269202	0.531615915
202.31893	0.522996478
202.36756	0.534544048
202.416708	0.529376368
202.466582	0.522217171
202.514693	0.54191467
202.564208	0.527180808
202.613303	0.532066309
202.662772	0.528154986
202.711752	0.533312287
202.76084	0.531878451
202.809813	0.532501313
202.858717	0.532640023
202.908286	0.524867502
202.957281	0.530536014
203.006522	0.527659246
203.055594	0.529545609
203.104689	0.529643098
203.15396	0.528180211
203.203154	0.529477865
203.252531	0.527967589
203.301199	0.536118206
203.349928	0.535667142
203.399634	0.525082995
203.448515	0.533607792
203.498587	0.520646358
203.547064	0.537789207
203.596312	0.52979155
203.645461	0.53134762
203.694441	0.533840551
203.743742	0.530836288
203.793166	0.530489765
203.841872	0.538963683
203.891539	0.529008577
203.940749	0.533855027
203.989432	0.53924442
204.03839	0.535562946
204.088522	0.522474846
204.137366	0.535910554
204.186629	0.530860807
204.235625	0.533522163
204.285216	0.527152953
204.333868	0.537499111
204.383498	0.527060663
204.432341	0.536376838
204.481627	0.532496033
204.531294	0.529061184
204.580153	0.53797901
204.629034	0.537841247
204.678282	0.533881345
204.727202	0.537645084
204.776099	0.537967011
204.825697	0.530225564
204.874686	0.536395736
204.923651	0.536652853
204.973273	0.530008072
205.022368	0.536262889
205.071501	0.536141946
205.120116	0.541730954
205.170104	0.526516074
205.219061	0.537304558
205.268095	0.536281538
205.317229	0.535348282
205.366591	0.532723331
205.415533	0.537401232
205.465315	0.528424553
205.514441	0.535947113
205.563399	0.538528804
205.611899	0.544184471
205.662024	0.527014669
205.711233	0.537185762
205.760405	0.537771504
205.809576	0.53761389
205.859206	0.532601304
205.908125	0.540263828
205.957541	0.534709078
206.006308	0.541921693
206.056166	0.530120077
206.105071	0.541085239
206.154334	0.537490902
206.203329	0.540962307
206.252264	0.54194197
206.301451	0.539191515
206.350958	0.53509246
206.400511	0.533983273
206.449477	0.539370162
206.499266	0.53025504
206.54859	0.535256394
206.597609	0.538522886
206.646765	0.536700667
206.695746	0.538557975
206.745215	0.533859566
206.793906	0.542978807
206.84371	0.531304353
206.892866	0.538545313
206.942465	0.533520455
206.991003	0.544756257
207.041174	0.526320325
207.090025	0.540096923
207.138869	0.539798659
207.18772	0.539734742
207.237738	0.526614047
207.28691	0.535029058
207.335646	0.539513368
207.38539	0.528994594
207.434355	0.538270483
207.483641	0.535116273
207.533072	0.533650256
207.581976	0.538883385
207.631338	0.533264272
207.680472	0.535337935
207.729842	0.53281817
207.779051	0.534796876
207.828398	0.533225954
207.877417	0.537072614
207.926627	0.535221227
207.97621	0.532036491
208.025343	0.537556368
208.074271	0.540359572
208.123747	0.534857927
208.172575	0.541888753
208.221808	0.53752713
208.27133	0.534503158
208.320578	0.537695303
208.369391	0.542793763
208.418372	0.540735795
208.467352	0.540483729
208.517065	0.532320074
208.566084	0.540126313
208.615797	0.532865401
208.664427	0.54526242
208.713736	0.538210993
208.762831	0.540910035
208.811606	0.544579396
208.860396	0.54431892
208.910048	0.534781107
208.959685	0.534963556
209.008666	0.542387896
209.058241	0.536018704
209.107016	0.544987591
209.156111	0.541836214
209.205477	0.539567175
209.254496	0.543860768
209.304015	0.539162235
209.35219	0.554719064
209.401747	0.539736731
209.451014	0.542751556
209.49996	0.545980133
209.549773	0.536096952
209.597906	0.554391789
209.647757	0.535034202
209.697413	0.536521005
209.746455	0.542916106
209.795996	0.537440443
209.844385	0.550620874
209.893561	0.542917574
209.943274	0.537634333
209.992239	0.546067197
210.040896	0.549207208
210.090628	0.536879177
210.140017	0.540248059
210.189692	0.536866059
210.238177	0.54996128
210.288199	0.532406671
210.33697	0.545855897
210.386454	0.538164401
210.435648	0.542047796
210.484305	0.548967261
210.533964	0.538836547
210.582774	0.548744489
210.63172	0.547187154
210.681357	0.539338684
210.730955	0.539632149
210.779421	0.552136216
210.829172	0.537582167
210.877829	0.549613355
210.92718	0.54174042
210.977087	0.535729797
211.02582	0.548892688
211.075034	0.544176879
211.124113	0.546278374
211.17327	0.545884653
211.222906	0.541065599
211.272448	0.542070728
211.320837	0.555430378
211.37036	0.54305972
211.419745	0.544961589
211.468401	0.553390612
211.518156	0.541218518
211.566985	0.551081056
211.615508	0.55459751
211.6658	0.535602964
211.714457	0.553974306
211.764037	0.543958075
211.812479	0.557172639
211.861926	0.545913496
211.910891	0.551155385
211.960356	0.54487351
212.009817	0.544490302
212.059187	0.545005272
212.10871	0.54305399
212.157732	0.54859611
212.20656	0.550610982
212.255988	0.544308104
212.305086	0.548265008
212.35359	0.555208169
212.403246	0.542519698
212.452692	0.545202315
212.501482	0.552998024
212.550848	0.546590097
212.599345	0.556460793
212.649077	0.542876904
212.698443	0.547196376
212.748007	0.545533529
212.796912	0.553438987
212.846144	0.55021835
212.895975	0.543891344
212.944956	0.553405766
212.993708	0.555832944
213.043173	0.547830958
213.093253	0.541312332
213.141871	0.557735403
213.191103	0.550985616
213.240568	0.54867707
213.289339	0.556938662
213.339072	0.546561211
213.387747	0.558774154
213.437445	0.547794341
213.486811	0.551188022
213.536372	0.549331612
213.585066	0.559682713
213.634184	0.555500074
213.683184	0.557718371
213.732687	0.552280433
213.782		0.554253697
213.831232	0.554849803
213.880175	0.558014976
213.929526	0.553256157
213.978449	0.55838471
214.027895	0.552575165
214.076781	0.558666818
214.126555	0.54876481
214.174784	0.566869276
214.224173	0.553833612
214.274081	0.548333739
214.322833	0.561436265
214.372084	0.555677944
214.421126	0.557924669
214.470183	0.557728769
214.520533	0.543400878
214.568728	0.56766794
214.617266	0.563663384
214.666945	0.550067297
214.716425	0.552011479
214.765295	0.558640098
214.814391	0.555945135
214.863337	0.557391878
214.913069	0.548501036
214.961436	0.563638829
215.010939	0.550276998
215.060309	0.551859394
215.109309	0.556187431
215.158774	0.551133424
215.207854	0.555712886
215.257182	0.553305481
215.306799	0.550331933
215.355128	0.565432256
215.404902	0.548761722
215.453478	0.561809082
215.502673	0.554507438
215.551752	0.555639413
215.601351	0.550088645
215.649794	0.563885279
215.699221	0.552843909
215.748221	0.558243282
215.797457	0.555741459
215.846457	0.558650326
215.895518	0.558280211
215.944846	0.555762186
215.993944	0.559386536
216.043101	0.559009046
216.092333	0.558243064
216.141913	0.554475605
216.191706	0.552020971
216.240343	0.565144275
216.290194	0.551331517
216.338904	0.564228501
216.388426	0.554726906
216.438258	0.550975759
216.487627	0.55594759
216.535647	0.5714066
216.585516	0.550238138
216.634093	0.565268901
216.683787	0.552553518
216.732348	0.565523926
216.781908	0.554198634
216.83087	0.561450429
216.880644	0.552202
216.929415	0.563446557
216.979651	0.546760719
217.02846	0.56284935
217.077093	0.565047326
217.126673	0.554694034
217.17562	0.562004249
217.225046	0.556271635
217.274065	0.560954943
217.322932	0.563127049
217.372107	0.559943556
217.42161	0.556677196
217.471037	0.557623931
217.520018	0.562863741
217.569388	0.558746923
217.618719	0.55931388
217.667544	0.565271866
217.716566	0.562889563
217.76626	0.555057436
217.815051	0.564995407
217.864016	0.562575861
217.913538	0.555949969
217.96329	0.553021734
218.012003	0.564601254
218.060736	0.5634417
218.110026	0.556017348
218.159315	0.555867198
218.208743	0.554105473
218.257494	0.561886977
218.307478	0.548257619
218.356154	0.563201591
218.405077	0.560779345
218.453982	0.561559422
218.50368	0.553087127
218.552931	0.557862789
218.602782	0.550704337
218.6514	0.56400382
218.700899	0.553042809
218.749903	0.557565846
218.799136	0.554197837
218.848368	0.553942652
218.897028	0.560361574
218.946417	0.551821124
218.995863	0.551248124
219.04521	0.552655438
219.094096	0.558235729
219.143195	0.555669046
219.19316	0.545903478
219.24193	0.558373092
219.291064	0.553537354
219.340258	0.552219821
219.388972	0.556953126
219.438628	0.545613032
219.48736	0.555776117
219.537173	0.543545902
219.586619	0.547699305
219.63587	0.550259223
219.684214	0.561327642
219.733389	0.55317886
219.783026	0.549362046
219.832434	0.55321384
219.881415	0.558388863
219.930067	0.562717343
219.97938	0.555742193
220.028399	0.559877309
220.077593	0.558960634
220.12673	0.559956602
220.176234	0.555402202
220.224829	0.564754309
220.273985	0.557548694
220.32308	0.557677932
220.371485	0.565065462
220.420641	0.55598437
220.469679	0.556912129
220.51845	0.560356604
220.567526	0.556914905
220.617514	0.547007527
220.666243	0.561808017
220.715128	0.56029405
220.763937	0.561088723
220.812727	0.561611217
220.86246	0.551157776
220.910517	0.570528998
220.959403	0.560987205
221.008963	0.553233315
221.05725	0.567471493
221.10681	0.552919255
221.156062	0.556605251
221.205218	0.558034057
221.25389	0.563874096
221.302893	0.560227313
221.351855	0.560756927
221.400217	0.56731862
221.449393	0.557486504
221.497813	0.565570921
221.547182	0.55413964
221.59603	0.559762412
221.645319	0.554382294
221.694457	0.555474039
221.743361	0.557732658
221.792536	0.555063906
221.841673	0.555746647
221.88988	0.566659912
221.939268	0.553020616
221.98802	0.559833272
222.037291	0.55368727
222.085455	0.56630004
222.134779	0.553575908
222.183546	0.560791796
222.23326	0.550989458
222.282126	0.561223098
222.331183	0.559231058
222.380297	0.559212608
222.429469	0.559137745
222.478602	0.55970417
222.526984	0.567844323
222.576269	0.556996724
222.625464	0.557879579
222.67446	0.560291185
222.72373	0.557977606
222.772826	0.560594234
222.821593	0.564813683
222.870764	0.560183866
222.919897	0.560149936
222.969382	0.556045623
223.017722	0.568901564
223.066721	0.56070833
223.116492	0.55103972
223.165396	0.559861324
223.214083	0.561479654
223.263739	0.550196248
223.312876	0.556517682
223.362048	0.557747528
223.410986	0.562320444
223.459483	0.568989169
223.509024	0.558343622
223.557654	0.570041197
223.607409	0.55805365
223.655924	0.572845576
223.705172	0.564540769
223.754576	0.562489767
223.803866	0.562795525
223.852885	0.565310822
223.901476	0.569703207
223.951132	0.557398988
224.000075	0.566036225
224.04909	0.565507229
224.098246	0.56422112
224.147223	0.566600296
224.195895	0.57076032
224.244391	0.573851357
224.293852	0.563463626
224.342715	0.570886208
224.392351	0.561471443
224.440962	0.572959661
224.489691	0.571499298
224.538962	0.565275574
224.588252	0.566061383
224.637015	0.572575556
224.685744	0.572970817
224.734801	0.569045163
224.784167	0.565312062
224.832972	0.571678991
224.88201	0.569009719
224.9313	0.566212977
224.979754	0.57627968
225.02854	0.572731532
225.078081	0.563999819
225.12731	0.567896711
225.176196	0.572516345
225.224863	0.575463246
225.273646	0.575383837
225.322195	0.579430015
225.371828	0.56762405
225.420477	0.579584717
225.469607	0.574106022
225.518485	0.5770253
225.567614	0.574531023
225.616938	0.572184258
225.665915	0.576055785
225.715201	0.572072848
225.763594	0.582110198
225.812842	0.571045287
225.861506	0.577065499
225.910773	0.569400328
225.959845	0.571278823
226.008666	0.574162138
226.058066	0.568128555
226.107004	0.573815107
226.156191	0.571086704
226.20455	0.581182153
226.25424	0.565633124
226.303294	0.572613278
226.351515	0.581563222
226.40045	0.571118234
226.450377	0.558806064
226.49935	0.569274387
226.547648	0.577170563
226.597128	0.563967551
226.646063	0.571113402
226.694884	0.573468328
226.74454	0.564965419
226.792738	0.583775651
226.841696	0.576257007
226.890959	0.573606151
226.940344	0.572812525
226.989474	0.575225861
227.038508	0.575968438
227.087599	0.575192143
227.136786	0.574143553
227.185801	0.57657788
227.23466	0.579140274
227.283228	0.583638373
227.332865	0.572274868
227.382479	0.573300449
227.430872	0.588335077
227.480216	0.577250634
227.529192	0.581608668
227.578459	0.577640719
227.627356	0.58100414
227.676485	0.576777124
227.725111	0.581692854
227.77405	0.577821642
227.823412	0.572974996
227.872309	0.579424397
227.921248	0.579864353
227.970995	0.571771754
228.019625	0.585618053
228.068446	0.583714315
228.117651	0.579257113
228.165739	0.592421635
228.215834	0.568449384
228.264616	0.583320477
228.313052	0.585902138
228.36191	0.579390724
228.410765	0.578623833
228.459292	0.582450282
228.508498	0.574973171
228.557932	0.572767196
228.606478	0.583571286
228.655642	0.576774125
228.70471	0.578483974
228.754363	0.572048553
228.801802	0.59937374
228.851027	0.577585846
228.900229	0.576645132
228.949065	0.580221135
228.998019	0.578500502
229.047011	0.578106938
229.095595	0.583558106
229.145167	0.573087497
229.193209	0.59200979
229.24195	0.584527328
229.290705	0.584963295
229.340086	0.57786211
229.388979	0.583098723
229.438067	0.579836809
229.486689	0.583570234
229.53541	0.581178511
229.585234	0.567657972
229.633082	0.590824421
229.681803	0.580238064
229.731028	0.574380523
229.780154	0.575867138
229.828852	0.582011636
229.877825	0.579735059
229.926661	0.582077384
229.975439	0.582950447
230.023383	0.592808318
230.072684	0.576220644
230.12158	0.580856558
230.17084	0.576587559
230.219618	0.582014129
230.268282	0.583814253
230.317427	0.578391702
230.366106	0.585265011
230.414614	0.589627533
230.463839	0.582923846
230.513022	0.584536182
230.561667	0.591783953
230.610541	0.588663763
230.659087	0.592168104
230.708098	0.586163362
230.757399	0.582521766
230.806021	0.589635706
230.855013	0.584021988
230.903616	0.588160269
230.952315	0.586942082
231.00125	0.585507285
231.050105	0.587267675
231.099192	0.584555415
231.149348	0.571585919
231.197619	0.592930277
231.246863	0.580442834
231.295058	0.592529433
231.344225	0.580586105
231.393256	0.581542684
231.442286	0.581662332
231.491179	0.583423112
231.539938	0.585350671
231.588248	0.592239677
231.637564	0.581286027
231.686804	0.582825865
231.735422	0.590273075
231.784312	0.586669149
231.833357	0.584992121
231.882693	0.581954065
231.931677	0.586742178
231.980685	0.586619369
232.02915	0.593472856
232.078562	0.583071118
232.12776	0.586842546
232.177134	0.586179859
232.226336	0.589775783
232.27513	0.595754166
232.323824	0.597725816
232.373217	0.58910104
232.422301	0.592505286
232.471987	0.584750002
232.520567	0.597404685
232.569205	0.596103918
232.618944	0.581412998
232.667563	0.594151956
232.716433	0.591863619
232.765383	0.591957121
232.814448	0.592311357
232.863627	0.592179912
232.912459	0.596943589
232.962046	0.5878375
233.011248	0.591846983
233.059866	0.598465643
233.108889	0.593131732
233.158575	0.584813178
233.207346	0.594858917
233.256743	0.586661336
233.305731	0.591317416
233.354834	0.590394471
233.403586	0.595891034
233.452765	0.591513149
233.501345	0.599059228
233.550101	0.596368593
233.599726	0.585236976
233.649351	0.584874726
233.697718	0.599954399
233.747153	0.587150275
233.795924	0.594655409
233.84532	0.587276969
233.894442	0.590940631
233.943312	0.59510916
233.99185	0.600438039
234.040701	0.598272074
234.089785	0.596512881
234.139609	0.587834833
234.187933	0.605892998
234.237078	0.595617306
234.286082	0.596950251
234.335963	0.586240023
234.384425	0.603067883
234.433917	0.590064126
234.482687	0.598800876
234.531615	0.597583422
234.580428	0.599580214
234.629317	0.599031564
234.678789	0.592094429
234.728049	0.594337931
234.776461	0.60520046
234.825323	0.599655351
234.874731	0.592895251
234.924433	0.589387886
234.973315	0.599493205
235.022665	0.593993949
235.071822	0.596569484
235.121073	0.595025187
235.170149	0.597951984
235.218954	0.601958402
235.267626	0.603946895
235.317072	0.594758457
235.366423	0.596388122
235.415984	0.594105024
235.465529	0.594509979
235.514704	0.599321317
235.562907	0.611792644
235.612799	0.591628122
235.662695	0.592352677
235.710837	0.614517031
235.76042	0.596954091
235.809187	0.607287323
235.858752	0.597295633
235.90742	0.607947892
235.957064	0.595634848
236.006472	0.59810544
236.055178	0.606615978
236.104605	0.597677948
236.153742	0.601162053
236.203227	0.596798237
236.252188	0.603223682
236.301695	0.596945459
236.350401	0.607356333
236.399054	0.609116575
236.449122	0.592313219
236.497538	0.612976488
236.546248	0.609553918
236.595808	0.599177033
236.644946	0.604733394
236.693812	0.60875322
236.743178	0.603387417
236.792647	0.602344878
236.841219	0.613551399
236.890101	0.609886642
236.938887	0.611375634
236.987906	0.609152776
237.037081	0.608949706
237.086489	0.606688429
237.135413	0.61310236
237.184569	0.610185871
237.232928	0.620106354
237.282256	0.608537354
237.330267	0.625540182
237.380198	0.601710479
237.428633	0.620432668
237.476954	0.621913534
237.526518	0.606159206
237.575323	0.615713183
237.623858	0.619172374
237.673071	0.609610186
237.721255	0.621938331
237.770663	0.605787979
237.818945	0.619005569
237.868197	0.606596999
237.916945	0.612819181
237.965025	0.621712568
238.013922	0.611699161
238.063422	0.604634603
238.112006	0.616610356
238.160162	0.622494889
238.209231	0.611806007
238.258223	0.61257705
238.307101	0.613718185
238.355879	0.615013213
238.404364	0.618570084
238.453337	0.61248554
238.501959	0.616502186
238.550993	0.611357814
238.599478	0.618837583
238.648684	0.610194393
238.697562	0.614550995
238.745989	0.620322762
238.79473	0.616341306
238.843626	0.614484952
238.892386	0.616272081
238.941611	0.610232433
238.990485	0.614503562
239.038798	0.621406198
239.087714	0.613480461
239.136473	0.615445756
239.185194	0.616259922
239.234362	0.610813389
239.282439	0.626130496
239.331938	0.608848556
239.380717	0.618099867
239.429068	0.623770778
239.478098	0.614958889
239.526877	0.618194273
239.575694	0.617625993
239.624999	0.611315765
239.673563	0.620932693
239.72201	0.622340005
239.772093	0.601658459
239.81988	0.630359481
239.869551	0.606090203
239.918097	0.620102553
239.966353	0.624025256
240.016142	0.605013519
240.064219	0.626474409
240.113581	0.610396452
240.162825	0.612026443
240.211275	0.622324775
240.26021	0.616914878
240.309126	0.616952925
240.358	0.617414404
240.407187	0.613447288
240.455458	0.624699241
240.504336	0.616865715
240.553484	0.613888727
240.602164	0.620017737
240.650729	0.621807139
240.700072	0.612191204
240.748968	0.617873844
240.797961	0.61662459
240.846877	0.617789077
240.895537	0.621330095
240.943964	0.624066737
240.993113	0.61449265
241.041815	0.619293288
241.090167	0.622710613
241.139006	0.615779837
241.187623	0.618418285
241.236338	0.617058568
241.285519	0.611139934
241.334311	0.615790605
241.382851	0.618910694
241.431878	0.612426342
241.480591	0.616669121
241.529326	0.61628849
241.577456	0.623836831
241.627144	0.603432512
241.674788	0.628153634
241.722899	0.62159568
241.772471	0.603453995
241.820736	0.620688931
241.869236	0.618344524
241.917855	0.617386349
241.966511	0.617378542
242.015654	0.611815791
242.064076	0.621541707
242.112694	0.619268849
242.160689	0.627168101
242.209635	0.614325719
242.257845	0.623014497
242.306597	0.61537152
242.354981	0.619227961
242.402781	0.62680542
242.451827	0.611073002
242.500426	0.616995261
242.548905	0.618773335
242.597388	0.618906517
242.64581	0.619926935
242.694134	0.621632713
242.742772	0.617909291
242.791058	0.622140288
242.840279	0.610250799
242.888895	0.61770764
242.936558	0.63056234
242.985506	0.614403392
243.034436	0.615085367
243.082917	0.62150203
243.130852	0.628931436
243.179373	0.621760628
243.227484	0.627576655
243.275322	0.631926825
243.324484	0.615859901
243.372868	0.626740282
243.421271	0.627222398
243.469889	0.624806757
243.51874	0.622364925
243.567065	0.628888738
243.615721	0.624251115
243.66428	0.624990213
243.712721	0.626257488
243.76134	0.623926627
243.809761	0.626441444
243.858067	0.628865771
243.907307	0.61739873
243.955574	0.630110943
244.004172	0.626023746
244.052653	0.628166518
244.100647	0.635017626
244.149401	0.62553226
244.198428	0.621478028
244.246811	0.629660873
244.295468	0.62545697
244.34389	0.62798529
244.392556	0.624642853
244.441105	0.626409504
244.490162	0.62064513
244.538226	0.634116283
244.58701	0.625495117
244.635365	0.631983568
244.685299	0.613032173
244.733128	0.640909606
244.78275	0.618354663
244.830851	0.637771588
244.879654	0.628205316
244.928498	0.627158791
244.977185	0.629018964
245.025793	0.629853989
245.074675	0.626458528
245.123284	0.630476211
245.171307	0.638426612
245.220248	0.62671152
245.269265	0.626037213
245.317971	0.63003304
245.36695	0.62638195
245.415305	0.634078333
245.463973	0.629518759
245.512288	0.633281274
245.561053	0.626050852
245.609564	0.62850298
245.658289	0.625100681
245.706976	0.625299111
245.755272	0.630445687
245.803667	0.629265696
245.852627	0.622426298
245.901236	0.627401377
245.949376	0.633526799
245.997517	0.633238826
246.046652	0.619860916
246.094716	0.632729069
246.143362	0.624271166
246.19203	0.623500318
246.240288	0.628683288
246.289092	0.621777735
246.337155	0.631814618
246.385432	0.630053035
246.433943	0.628071848
246.482201	0.632874869
246.531023	0.626650496
246.579165	0.636250029
246.627482	0.634525632
246.675894	0.633336168
246.724308	0.632944799
246.773112	0.627677053
246.821293	0.63574287
246.86957	0.63480733
246.918023	0.633044258
246.966769	0.629671879
247.015006	0.637043183
247.063868	0.629549439
247.111834	0.642444911
247.160481	0.63401954
247.208603	0.641037401
247.256939	0.63803384
247.30547	0.63446954
247.353766	0.636821381
247.402668	0.628108042
247.450789	0.637956254
247.499009	0.636718802
247.547392	0.634756142
247.596148	0.630170661
247.643908	0.643749703
247.693228	0.624517458
247.741944	0.632839891
247.78986	0.643758676
247.838166	0.638626251
247.887078	0.629887015
247.934838	0.644508683
247.98334	0.634243642
248.032074	0.630955501
248.080264	0.637756252
248.129195	0.627922797
248.177616	0.634506437
248.22608	0.634295611
248.27462	0.633824451
248.323395	0.63134041
248.371584	0.639542462
248.420435	0.631467979
248.469113	0.634211068
248.517245	0.641500864
248.566115	0.631442019
248.614481	0.637343773
248.663002	0.634618577
248.71127	0.637520367
248.760414	0.625886413
248.808253	0.642323586
248.857689	0.621277758
248.906113	0.634207471
248.955082	0.627273284
249.003954	0.628816441
249.051676	0.64403017
249.100684	0.627304601
249.148756	0.639541592
249.198017	0.624276506
249.246558	0.633880079
249.295859	0.624485356
249.344399	0.634410966
249.392744	0.636320828
249.441716	0.627878002
249.490353	0.63221884
249.538502	0.638988199
249.586848	0.636944589
249.636383	0.622443734
249.685294	0.631786533
249.734106	0.633906333
249.78335	0.628801586
249.831324	0.645475739
249.879982	0.636484343
249.92821	0.641951098
249.977297	0.630457485
250.02533	0.644448069
250.073967	0.636531996
250.123854	0.620927712
250.172335	0.639430682
250.221013	0.637595465
250.269572	0.639929665
250.318171	0.640903962
250.366595	0.644309298
250.416012	0.632181296
250.46422	0.648710947
250.513133	0.639802097
250.561457	0.647422497
250.610056	0.643726546
250.658539	0.645436444
250.706955	0.646734497
250.756073	0.637623681
250.804215	0.650503425
250.853215	0.639101517
250.901318	0.651176208
250.950278	0.64073338
250.997952	0.658703403
251.046893	0.641904818
251.095406	0.647337521
251.143801	0.648087608
251.192742	0.640559856
251.240767	0.652510034
251.288966	0.65012195
251.337986	0.639256808
251.387005	0.639151908
251.434718	0.656713055
251.483679	0.640103928
251.531937	0.650411452
251.580723	0.644160045
251.629567	0.643556705
251.677807	0.651329839
251.726162	0.648610757
251.775046	0.640744693
251.822815	0.655376532
251.871601	0.641705855
251.920388	0.641923406
251.968157	0.655655836
252.017001	0.641413564
252.065358	0.648343474
252.113928	0.646241424
252.162577	0.645852668
252.21105	0.648923307
252.259739	0.646578202
252.308192	0.650313717
252.356451	0.653116602
252.405119	0.647468892
252.454178	0.642206628
252.502631	0.650293952
252.551163	0.649316044
252.599696	0.649224346
252.64774	0.655789566
252.696759	0.6429709
252.744919	0.654771691
252.793881	0.64408803
252.842452	0.649088112
252.890984	0.649171339
252.939339	0.651353939
252.988457	0.64110088
253.036501	0.655268729
253.085307	0.644940625
253.134598	0.638376205
253.183306	0.645237587
253.231175	0.656102343
253.27994	0.643667194
253.328629	0.64464593
253.377512	0.642065298
253.426356	0.642920589
253.47518	0.643812943
253.522696	0.662945727
253.572224	0.636993155
253.620562	0.653212822
253.669014	0.652072799
253.718327	0.640865449
253.766703	0.65342789
253.816229	0.638726564
253.864996	0.649080205
253.913353	0.654978721
253.961642	0.656433326
254.010828	0.6450204
254.059878	0.647530862
254.108752	0.651435791
254.157332	0.656581292
254.206225	0.653148442
254.255099	0.653879272
254.30411	0.652028694
254.352709	0.657133484
254.401211	0.658101435
254.450457	0.648012386
254.499077	0.65642265
254.548399	0.646936681
254.597332	0.652087934
254.646323	0.65141898
254.695294	0.652010706
254.74407	0.655368164
254.792906	0.654877336
254.84129	0.661053922
254.890185	0.653910964
254.939625	0.645883203
254.988186	0.657004716
255.037392	0.648358596
255.086188	0.654020261
255.1351	0.653151308
255.183504	0.660272123
255.23226	0.655911136
255.281174	0.654339905
255.330164	0.654226661
255.379214	0.654020178
255.428009	0.657970983
255.476904	0.656871093
255.525288	0.663666563
255.574496	0.652188945
255.623349	0.656779128
255.672125	0.657837037
255.721468	0.650242136
255.770478	0.654583273
255.818453	0.668620675
255.867853	0.649382005
255.91622	0.663572033
255.965407	0.652872649
256.013949	0.662075219
256.063446	0.649900255
256.112008	0.662377597
256.160902	0.657348795
256.209208	0.665080349
256.258961	0.645591464
256.307307	0.664449137
256.355908	0.660891139
256.404997	0.654390138
256.454028	0.65545817
256.502823	0.659381755
256.551873	0.656394874
256.601469	0.649367824
256.64958	0.669657523
256.699021	0.651742353
256.747641	0.662744062
256.796397	0.661206519
256.845602	0.6555789
256.893794	0.669859449
256.943703	0.647215349
256.992966	0.65622266
257.041743	0.663125623
257.090735	0.660667873
257.139319	0.666452461
257.188749	0.655152011
257.237455	0.664931549
257.286669	0.6577506
257.335649	0.66088296
257.3841	0.668170873
257.433765	0.652915204
257.482901	0.660774274
257.531392	0.670335685
257.580333	0.664802023
257.629704	0.659896008
257.678606	0.666891968
257.727585	0.666294697
257.776741	0.66342795
257.826092	0.66052195
257.874837	0.668136563
257.923973	0.662648064
257.972836	0.666387815
258.022559	0.65551086
258.071891	0.66116759
258.121203	0.661824152
258.170144	0.66694285
258.219045	0.668150124
258.268456	0.661413111
258.317377	0.668140392
258.366572	0.66431693
258.415805	0.663014
258.465138	0.661291151
258.514058	0.666727549
258.563429	0.660932793
258.612331	0.667638664
258.661565	0.66382288
258.710506	0.668626015
258.759525	0.668720396
258.808759	0.666640757
258.857622	0.672297914
258.907188	0.662886674
258.956305	0.66892234
259.005265	0.670619066
259.055027	0.659571638
259.103772	0.672645477
259.152068	0.678471286
259.201614	0.661301821
259.250555	0.669393012
259.299848	0.664745411
259.348808	0.669822302
259.398394	0.661871227
259.446905	0.676743328
259.496217	0.665726545
259.545177	0.670171241
259.594117	0.670023802
259.642706	0.674479142
259.692136	0.662845601
259.740431	0.678268315
259.789156	0.672141109
259.838508	0.663670185
259.887077	0.674762725
259.936096	0.669644151
259.985036	0.671498157
260.033234	0.682220506
260.082761	0.663602859
260.132269	0.663355442
260.180525	0.680002421
260.229916	0.663980832
260.278328	0.677205327
260.327199	0.669711692
260.376169	0.6677583
260.425041	0.668758996
260.473442	0.675606727
260.522452	0.667665012
260.571696	0.664963661
260.619804	0.680712007
260.669674	0.656331533
260.717743	0.680386843
260.766752	0.667024879
260.815722	0.667499365
260.864731	0.666818258
260.91329	0.672739875
260.963394	0.651975894
261.012032	0.67163916
261.06061	0.672793143
261.109482	0.668789357
261.158843	0.662161888
261.207715	0.668884429
261.25643	0.670951301
261.305889	0.661019336
261.353978	0.679870804
261.403418	0.661431557
261.452446	0.66703092
261.501455	0.667452716
261.55023	0.670603337
261.59918	0.668189213
261.648678	0.660974312
261.697432	0.671062667
261.746676	0.664268008
261.795587	0.668272886
261.843911	0.675757826
261.89337	0.659889855
261.942418	0.665248651
261.990605	0.677397278
262.040866	0.649720793
262.08966	0.669645108
262.138062	0.6754903
262.186757	0.67226919
262.236491	0.658631818
262.285245	0.671888138
262.334666	0.66235628
262.383361	0.671861538
262.43235	0.667490747
262.481457	0.665784261
262.530623	0.665423322
262.579926	0.663952571
262.628543	0.673800936
262.678002	0.662695391
262.726816	0.671844717
262.77604	0.666796843
262.825049	0.67031682
262.874782	0.660704369
262.92383	0.669543381
262.972389	0.675742885
263.02128	0.670654331
263.070563	0.665019554
263.12012	0.661289111
263.169364	0.666075385
263.218138	0.673180233
263.267519	0.665537694
263.316117	0.677048302
263.365634	0.665557924
263.414937	0.66910947
263.463536	0.679486205
263.512726	0.671648221
263.561666	0.675118938
263.611703	0.660074411
263.660663	0.674634757
263.709878	0.671416825
263.759112	0.671770304
263.808268	0.673468218
263.857109	0.678351563
263.906775	0.667444967
263.955107	0.686603744
264.004067	0.678113156
264.053419	0.672754014
264.102594	0.675278299
264.15175	0.675204872
264.200983	0.673526052
264.249904	0.677390891
264.298825	0.677132301
264.348137	0.671694678
264.397371	0.673282441
264.446722	0.672078412
264.495487	0.680522808
264.544426	0.679038054
264.593837	0.673073623
264.643052	0.67592664
264.692149	0.67745063
264.741207	0.677486948
264.790382	0.675251733
264.839576	0.674773673
264.888458	0.678966282
264.937515	0.676748831
264.986985	0.671344918
265.035532	0.684187771
265.085217	0.669400939
265.133961	0.683334269
265.182862	0.68174807
265.232763	0.668286497
265.281468	0.684886645
265.330545	0.679483019
265.379446	0.681823865
265.42915	0.670516821
265.478326	0.67759375
265.527207	0.681678114
265.576402	0.677491628
265.625322	0.681672761
265.674674	0.676339657
265.723653	0.683052822
265.77273	0.682716437
265.822846	0.669288439
265.872002	0.682796315
265.920374	0.693829893
265.969608	0.681612643
266.019097	0.678109125
266.068644	0.677348375
266.117193	0.691235915
266.166309	0.683364178
266.215347	0.684532147
266.264757	0.679481066
266.313991	0.682744764
266.362501	0.693647446
266.412636	0.671757224
266.461204	0.693814715
266.510261	0.686851054
266.559456	0.68469253
266.608612	0.684963494
266.657376	0.690499059
266.706884	0.680163162
266.755761	0.689119047
266.804826	0.686394366
266.853517	0.691526884
266.902248	0.691364787
266.951764	0.680800856
267.000554	0.69129872
267.049422	0.690372772
267.098624	0.68555869
267.147256	0.693269231
267.195928	0.692494225
267.245111	0.685120404
267.293979	0.68946467
267.342769	0.690595867
267.392127	0.682637877
267.440917	0.690479068
267.490354	0.681468824
267.538143	0.705081913
267.587738	0.67931067
267.636468	0.691349253
267.685592	0.685477077
267.734087	0.693728764
267.782936	0.688013589
267.83151	0.691583938
267.879848	0.69469385
267.929207	0.680276074
267.977683	0.692653536
268.026708	0.684857638
268.075635	0.686454366
268.123993	0.694807861
268.173058	0.684829189
268.222358	0.681451598
268.270441	0.698523358
268.31929	0.687371124
268.367785	0.692470048
268.41634	0.69196182
268.465502	0.683859869
268.51441	0.687915585
268.562964	0.693272949
268.611773	0.689957398
268.660975	0.684954355
268.70902	0.701617463
268.758201	0.685335773
268.80707	0.689612897
268.855683	0.692942395
268.904512	0.689528189
268.953067	0.693467223
269.002464	0.681945859
269.050744	0.698185853
269.099652	0.689672165
269.148814	0.686633896
269.197192	0.698105504
269.246374	0.687509988
269.29538	0.690286587
269.34464	0.686494684
269.392743	0.702924912
269.441729	0.69023692
269.49046	0.693239107
269.539485	0.688854259
269.588864	0.683677482
269.637202	0.698503052
269.686286	0.688260608
269.734468	0.701615342
269.783513	0.68984917
269.832636	0.689216979
269.881328	0.696267006
269.93049	0.690006857
269.979425	0.69323847
270.027968	0.69858999
270.077121	0.688738715
270.126843	0.680197922
270.175269	0.698101046
270.223872	0.695639983
270.273221	0.685527445
270.322707	0.68395475
270.37127	0.697352814
270.42003	0.694889742
270.469399	0.6872689
270.518257	0.695050551
270.567704	0.687130656
270.616444	0.697138366
270.666068	0.683755139
270.714985	0.692714466
270.763627	0.696248309
270.813525	0.678853946
270.862207	0.696437351
270.910633	0.701016966
270.959844	0.690746644
271.009743	0.682026655
271.057894	0.708123467
271.1074	0.689251824
271.156945	0.689232822
271.205548	0.703049978
271.254681	0.695876538
271.304206	0.690046381
271.3533	0.696040052
271.402511	0.694507611
271.451448	0.698836488
271.500777	0.694001146
271.549242	0.707154427
271.598317	0.699126662
271.647489	0.69826951
271.696759	0.698095425
271.744753	0.717096398
271.794632	0.690247653
271.843392	0.706281006
271.892191	0.70557845
271.941501	0.697536087
271.990025	0.708409848
272.039452	0.695368621
272.088173	0.705705965
272.137129	0.702900308
272.186478	0.697994527
272.235414	0.704315604
272.284233	0.706226013
272.333818	0.696386895
272.382047	0.716195743
272.43116	0.703318918
272.480391	0.700844503
272.528778	0.712184005
272.578107	0.698000819
272.627417	0.697906166
272.675745	0.712027812
272.724995	0.698965618
272.773736	0.706629337
272.823399	0.693695408
272.872434	0.703230085
272.920408	0.718870189
272.97013	0.693420352
273.019243	0.70167559
273.068356	0.700762871
273.117391	0.700909998
273.165734	0.7105963
273.215522	0.689770541
273.264523	0.701050582
273.313388	0.703403004
273.362114	0.70593976
273.411352	0.699466006
273.460688	0.699509287
273.509513	0.707186152
273.558082	0.711142565
273.606946	0.70674149
273.656223	0.700488255
273.705854	0.695186414
273.754522	0.707423123
273.803917	0.695560366
273.853174	0.696645945
273.901822	0.70477975
273.951197	0.694387691
274.000042	0.702118066
274.049063	0.700092877
274.098655	0.693108427
274.147696	0.70219467
274.1966	0.705095466
274.245837	0.701159141
274.295232	0.69899796
274.344155	0.705314865
274.393727	0.69562244
274.442533	0.706448401
274.491063	0.710333953
274.540733	0.693657034
274.590088	0.698298818
274.639601	0.696213759
274.688819	0.701019169
274.737801	0.70578765
274.786901	0.704664785
274.836807	0.693533414
274.885337	0.713436937
274.934457	0.704113467
274.984226	0.694574966
275.033267	0.704758327
275.081974	0.709287063
275.131978	0.690999454
275.180724	0.708985774
275.230139	0.699589892
275.27973	0.697695296
275.328673	0.70793109
275.378088	0.701799546
275.427148	0.707143603
275.477055	0.695407712
275.526076	0.707670255
275.57496	0.7094765
275.623863	0.709235181
275.673533	0.698442591
275.722437	0.709694159
275.771989	0.700362427
275.821128	0.706361023
275.870661	0.701182678
275.92039	0.699209925
275.969962	0.702026848
276.018767	0.713633385
276.068123	0.706084294
276.117537	0.705286986
276.1665	0.711413486
276.215974	0.704110107
276.265093	0.709191493
276.314252	0.708798298
276.363431	0.708646235
276.412001	0.717392434
276.461955	0.69760962
276.510808	0.713841923
276.559798	0.712226253
276.608965	0.710123464
276.657974	0.712601116
276.707968	0.69857869
276.757312	0.707195601
276.806046	0.715702784
276.854564	0.718713246
276.904616	0.696695599
276.954275	0.702256369
277.002911	0.716801297
277.052078	0.708934614
277.101501	0.705367628
277.150668	0.710027279
277.200169	0.705765278
277.249257	0.711904679
277.29809	0.715327392
277.347336	0.708751175
277.396621	0.707994821
277.446043	0.705967398
277.494601	0.718708229
277.544319	0.702149718
277.593486	0.710047117
277.642574	0.711222831
277.692076	0.706031534
277.740455	0.72270283
277.790134	0.7039569
277.83938	0.710149027
277.888586	0.71104059
277.938206	0.704913899
277.98694	0.717434098
278.035969	0.713128137
278.085805	0.701813693
278.135071	0.710194548
278.184218	0.712216412
278.233247	0.714114039
278.282985	0.704281251
278.331778	0.718522603
278.38187	0.700252792
278.43027	0.724966229
278.479987	0.705623164
278.528761	0.718686758
278.577908	0.712933766
278.627705	0.703500943
278.677108	0.709662064
278.725764	0.721133283
278.774911	0.714445693
278.823763	0.719258285
278.873776	0.702875028
278.92251	0.722329884
278.971835	0.713785124
279.021337	0.710617305
279.070838	0.71016604
279.119729	0.717683883
279.170333	0.692913478
279.218615	0.726494994
279.268096	0.709008949
279.31685	0.719759521
279.366804	0.702562162
279.416011	0.713383168
279.465276	0.712800201
279.514994	0.707006394
279.563748	0.721021614
279.612579	0.719220166
279.662483	0.703260035
279.71211	0.705957041
279.761167	0.713562569
279.811031	0.701922144
279.860541	0.707189644
279.909834	0.710551232
279.958753	0.716127887
280.008164	0.709215528
280.05791	0.705099041
280.107341	0.710222774
280.156871	0.708935907
280.206006	0.71441902
280.255496	0.708761879
280.304986	0.707961823
280.354634	0.70543995
280.403691	0.71405795
280.453042	0.710202473
280.502985	0.702631325
280.551846	0.719002154
280.601237	0.71189249
280.650195	0.719238207
280.699862	0.709486392
280.74888	0.719289685
280.798882	0.705375216
280.847742	0.722025456
280.897961	0.702060029
280.946564	0.724931745
280.995838	0.715029948
281.045446	0.710282656
281.094601	0.717708631
281.144131	0.712837356
281.193719	0.712580098
281.24252	0.724462817
281.291734	0.718999141
281.341599	0.710172215
281.390734	0.720911427
281.440125	0.717216141
281.489261	0.720435256
281.53818	0.722607029
281.587729	0.712861558
281.636805	0.719435398
281.685744	0.721838458
281.735688	0.707599079
281.784527	0.723808599
281.833309	0.724885192
281.883133	0.709821206
281.932623	0.715495105
281.981779	0.720511929
282.030973	0.719725011
282.079892	0.72284122
282.129579	0.710573406
282.17832	0.723859093
282.227318	0.719933642
282.276749	0.71372029
282.3262	0.713597197
282.376182	0.7066636
282.425101	0.722546488
282.474296	0.7194596
282.523845	0.714704577
282.572666	0.725320688
282.62186	0.719427
282.671901	0.706533895
282.720997	0.718882249
282.770546	0.711730668
282.819447	0.72100666
282.868567	0.717861755
282.917867	0.715244716
282.967698	0.70768415
283.016466	0.723336756
283.065668	0.717664383
283.11544	0.70961169
283.164424	0.72149815
283.214178	0.710648541
283.263004	0.724213915
283.312166	0.71954441
283.362293	0.705607596
283.411159	0.723158864
283.460833	0.711240384
283.509975	0.718656939
283.560162	0.7034051
283.60891	0.72465712
283.658051	0.719269191
283.707351	0.71780078
283.756493	0.721194637
283.806285	0.712197726
283.855566	0.719769948
283.904885	0.719201226
283.954027	0.721797184
284.004174	0.706841907
284.052981	0.725879865
284.102832	0.709872309
284.151876	0.721370857
284.201964	0.70630087
284.250771	0.724822985
284.300031	0.718231481
284.349862	0.710514296
284.399222	0.718241795
284.448737	0.716445077
284.497328	0.730177176
284.547594	0.705876025
284.596874	0.719969766
284.646449	0.715264842
284.695551	0.721687397
284.744772	0.719209147
284.794624	0.709655535
284.84414	0.714292555
284.893362	0.718453776
284.942681	0.717364594
284.991843	0.719875802
285.041339	0.715533894