85.0159	0.12459
85.0379	0.131037
85.0599	0.134659
85.0822	0.135729
85.1048	0.132777
85.1271	0.134661
85.1497	0.133612
85.1719	0.136492
85.1954	0.130582
85.2178	0.137661
85.2407	0.136234
85.2633	0.138072
85.2867	0.133514
85.3102	0.134338
85.3337	0.135246
85.3569	0.1373
85.3803	0.135178
85.4041	0.13286
85.4278	0.134161
85.4515	0.135651
85.4754	0.135721
85.5001	0.132773
85.5234	0.141512
85.5481	0.134903
85.572	0.138837
85.5967	0.136602
85.621	0.139489
85.6454	0.141623
85.6704	0.140565
85.6948	0.144265
85.7194	0.140356
85.745	0.131329
85.7696	0.137659
85.7955	0.132742
85.8205	0.139246
85.8457	0.139384
85.8713	0.138541
85.8966	0.141324
85.9223	0.140591
85.9482	0.140064
85.9735	0.144392
85.9994	0.140471
86.025	0.144732
86.0517	0.141083
86.0772	0.147623
86.1038	0.139827
86.1299	0.138729
86.1559	0.138064
86.1822	0.138994
86.2093	0.137157
86.2355	0.143147
86.2626	0.13949
86.2889	0.145105
86.3164	0.140567
86.3424	0.148719
86.3693	0.144889
86.3968	0.142904
86.4243	0.144296
86.4509	0.15034
86.4782	0.145833
86.5059	0.141586
86.5333	0.14061
86.5612	0.13852
86.5889	0.141969
86.6162	0.146192
86.6441	0.144597
86.6718	0.146604
86.7001	0.14363
86.7288	0.142528
86.7561	0.150559
86.7851	0.143262
86.8127	0.152084
86.8413	0.14817
86.8698	0.148833
86.8983	0.147266
86.9263	0.147373
86.9546	0.144143
86.9839	0.141025
87.0125	0.146245
87.041	0.148626
87.0698	0.146744
87.0989	0.146728
87.1286	0.145167
87.1578	0.14818
87.1868	0.150883
87.2165	0.148739
87.2454	0.156737
87.2753	0.148804
87.3044	0.150172
87.334	0.145192
87.3637	0.14559
87.394	0.143175
87.4235	0.14824
87.4538	0.145763
87.4833	0.150819
87.5135	0.148827
87.5432	0.152589
87.5739	0.148179
87.6041	0.152387
87.6345	0.153939
87.6652	0.153574
87.6957	0.15543
87.726	0.151954
87.7569	0.146201
87.7877	0.146821
87.818	0.15069
87.8493	0.147352
87.8794	0.154765
87.9104	0.151268
87.9415	0.152059
87.9727	0.151765
88.0041	0.150959
88.0342	0.157548
88.0662	0.14933
88.0975	0.153695
88.1285	0.156497
88.1604	0.151987
88.1919	0.152656
88.223	0.153565
88.2549	0.149321
88.2869	0.149219
88.318	0.155643
88.3499	0.152487
88.3817	0.154052
88.4135	0.154481
88.4452	0.155959
88.477	0.155885
88.5091	0.15519
88.5418	0.152705
88.5738	0.15626
88.6065	0.153773
88.6384	0.157615
88.6706	0.155561
88.7032	0.15353
88.7354	0.156629
88.7678	0.156559
88.8001	0.1586
88.8326	0.156257
88.8657	0.154397
88.8982	0.157934
88.9313	0.155524
88.9642	0.157118
88.997	0.158443
89.0303	0.156427
89.0629	0.159833
89.0959	0.158333
89.1287	0.159947
89.1623	0.154811
89.1952	0.157519
89.2287	0.155743
89.2619	0.15901
89.2954	0.159348
89.3285	0.161626
89.3624	0.157747
89.3951	0.16373
89.4292	0.158135
89.4626	0.161225
89.4959	0.161802
89.5298	0.158987
89.5639	0.15835
89.598	0.159011
89.6318	0.160223
89.6657	0.159075
89.6994	0.159189
89.7336	0.157514
89.7677	0.160152
89.8015	0.163462
89.8359	0.16144
89.8703	0.161329
89.9041	0.164578
89.9381	0.162478
89.973	0.159487
90.0071	0.163602
90.0416	0.161923
90.076	0.162644
90.1104	0.16286
90.1447	0.163525
90.1798	0.160445
90.2149	0.1609
90.2494	0.16328
90.2842	0.162102
90.3188	0.162283
90.3535	0.162898
90.388	0.164497
90.4235	0.160138
90.4592	0.159739
90.4937	0.165821
90.529	0.162473
90.5639	0.16525
90.599	0.164611
90.6346	0.162634
90.6695	0.166877
90.7057	0.161109
90.7407	0.167193
90.7757	0.168553
90.8112	0.166718
90.847	0.163972
90.8826	0.163593
90.9178	0.163849
90.9535	0.1624
90.9893	0.163325
91.0248	0.165901
91.0601	0.168242
91.0965	0.163738
91.1323	0.167148
91.1676	0.169939
91.2036	0.167694
91.2393	0.170403
91.2756	0.168743
91.3115	0.170331
91.3472	0.170186
91.3838	0.165342
91.4194	0.1693
91.4561	0.163155
91.4921	0.165691
91.528	0.166831
91.5644	0.165857
91.6009	0.167267
91.6367	0.170746
91.6731	0.169411
91.71	0.169255
91.7465	0.172558
91.7832	0.171833
91.8197	0.171737
91.8563	0.169963
91.8926	0.170253
91.9292	0.169672
91.966	0.168184
92.0027	0.168227
92.0391	0.168044
92.0763	0.164846
92.1133	0.166869
92.15	0.169625
92.187	0.169443
92.2238	0.171361
92.2611	0.171509
92.298	0.174368
92.3348	0.174423
92.3724	0.169816
92.4096	0.171236
92.4463	0.17393
92.4838	0.170112
92.5205	0.172412
92.5586	0.165719
92.5959	0.168868
92.6324	0.172697
92.6705	0.166974
92.7078	0.171493
92.7452	0.171907
92.7825	0.174676
92.8205	0.172678
92.8578	0.176441
92.8953	0.174659
92.9332	0.172808
92.9706	0.174733
93.0086	0.172589
93.0463	0.173192
93.0837	0.173321
93.1211	0.172753
93.1593	0.169457
93.1972	0.17235
93.2357	0.170773
93.2735	0.17472
93.3117	0.174001
93.3495	0.177059
93.3878	0.175581
93.4264	0.174388
93.464	0.177694
93.5019	0.176446
93.5403	0.174143
93.5782	0.176438
93.6166	0.173434
93.6556	0.170406
93.694	0.17241
93.7323	0.174874
93.7706	0.176295
93.8093	0.175787
93.848	0.177226
93.8859	0.182983
93.9242	0.180907
93.9637	0.176169
94.0014	0.184386
94.0405	0.17662
94.0792	0.178665
94.1177	0.178903
94.1567	0.176878
94.1952	0.178426
94.2341	0.176566
94.2728	0.176899
94.3118	0.175064
94.35	0.180076
94.389	0.178432
94.4278	0.180709
94.4669	0.180767
94.506	0.180637
94.5441	0.18609
94.5833	0.179548
94.6221	0.181701
94.6612	0.179934
94.7004	0.179839
94.7396	0.180724
94.7785	0.182068
94.8178	0.180401
94.8561	0.185668
94.8963	0.175808
94.9348	0.184074
94.9742	0.180719
95.0135	0.183137
95.0526	0.184336
95.0919	0.183176
95.1316	0.18024
95.1706	0.183721
95.2103	0.180261
95.2499	0.181196
95.2892	0.183449
95.3283	0.184451
95.368	0.181963
95.4076	0.183132
95.4467	0.185213
95.4865	0.183701
95.5264	0.181699
95.5657	0.183133
95.6051	0.182751
95.6455	0.179494
95.685	0.183507
95.725	0.181834
95.764	0.186397
95.8044	0.180948
95.8438	0.186341
95.8837	0.185086
95.9237	0.184293
95.9626	0.189847
96.0028	0.184606
96.042	0.190275
96.0823	0.185335
96.1222	0.184889
96.1626	0.181279
96.203	0.18051
96.2429	0.183883
96.2829	0.184332
96.3231	0.184218
96.3632	0.186108
96.4036	0.184399
96.4427	0.191103
96.484	0.181032
96.524	0.186823
96.5645	0.185512
96.6045	0.188693
96.6453	0.186599
96.6851	0.190346
96.7257	0.185124
96.7663	0.183721
96.8064	0.185522
96.847	0.184156
96.8877	0.184599
96.928	0.187429
96.9684	0.187638
97.0094	0.185668
97.0493	0.190416
97.0907	0.183837
97.1307	0.190608
97.1719	0.185202
97.2113	0.194524
97.2525	0.18653
97.2936	0.186711
97.3341	0.188595
97.3749	0.187759
97.416	0.186932
97.456	0.192926
97.497	0.188994
97.5376	0.191456
97.5786	0.189413
97.6199	0.188354
97.6607	0.190911
97.7015	0.190472
97.7424	0.190588
97.7834	0.190496
97.8237	0.19267
97.8651	0.186899
97.906	0.189455
97.947	0.190103
97.9882	0.190167
98.0292	0.191796
98.0699	0.193303
98.1117	0.188673
98.1524	0.193755
98.1934	0.193195
98.2348	0.191662
98.276	0.192568
98.3168	0.194996
98.3586	0.190396
98.3998	0.193629
98.4407	0.195442
98.4818	0.195312
98.5234	0.191817
98.5648	0.192483
98.6065	0.192098
98.6473	0.196496
98.6884	0.195203
98.73	0.193528
98.7712	0.194736
98.8122	0.196493
98.8538	0.193804
98.8952	0.194859
98.9364	0.196482
98.9783	0.193166
99.0195	0.198004
99.0614	0.195072
99.1034	0.194716
99.1444	0.198702
99.1859	0.196046
99.2278	0.193562
99.2692	0.196349
99.3108	0.196069
99.3529	0.194513
99.3943	0.198618
99.4361	0.196681
99.4777	0.198383
99.519	0.199383
99.5614	0.194862
99.6032	0.198268
99.6452	0.198636
99.687	0.200643
99.7283	0.202613
99.7705	0.196188
99.8123	0.196953
99.8542	0.195194
99.8958	0.19662
99.9375	0.197954
99.9795	0.197744
100.021	0.200364
100.063	0.198594
100.105	0.200757
100.147	0.201924
100.189	0.203669
100.231	0.201417
100.272	0.204628
100.314	0.201434
100.357	0.200485
100.399	0.200168
100.441	0.199187
100.483	0.201473
100.525	0.198696
100.567	0.197954
100.609	0.199057
100.651	0.201958
100.694	0.197895
100.735	0.206359
100.777	0.200697
100.819	0.20597
100.861	0.204961
100.903	0.20448
100.945	0.205294
100.987	0.206872
101.029	0.204279
101.072	0.202096
101.114	0.203596
101.157	0.201839
101.199	0.203116
101.241	0.201438
101.283	0.201061
101.325	0.201947
101.368	0.20339
101.41	0.205098
101.451	0.20735
101.494	0.203888
101.536	0.205008
101.579	0.205019
101.621	0.206595
101.663	0.20959
101.706	0.207296
101.748	0.206919
101.791	0.205426
101.833	0.205847
101.875	0.204773
101.918	0.203782
101.96	0.204153
102.002	0.206207
102.045	0.205427
102.088	0.205043
102.13	0.206372
102.173	0.20451
102.215	0.209767
102.258	0.205886
102.301	0.207512
102.344	0.208058
102.386	0.212582
102.429	0.208924
102.472	0.206452
102.514	0.209447
102.557	0.205215
102.599	0.206216
102.642	0.205027
102.686	0.203676
102.728	0.208617
102.77	0.212296
102.813	0.204651
102.856	0.209137
102.899	0.207916
102.942	0.20973
102.985	0.209341
103.028	0.210884
103.071	0.210616
103.113	0.211243
103.157	0.203385
103.2	0.208555
103.242	0.207041
103.285	0.208182
103.329	0.207978
103.371	0.209709
103.414	0.210838
103.457	0.209661
103.5	0.211727
103.544	0.206603
103.587	0.211468
103.63	0.21113
103.673	0.212642
103.716	0.213491
103.759	0.212053
103.803	0.209389
103.846	0.211274
103.888	0.214733
103.932	0.210842
103.975	0.211399
104.018	0.214209
104.062	0.211107
104.105	0.214011
104.148	0.215521
104.191	0.213545
104.235	0.213903
104.278	0.216537
104.321	0.211984
104.365	0.213223
104.408	0.211545
104.451	0.214839
104.495	0.215464
104.538	0.21236
104.582	0.214586
104.625	0.217034
104.668	0.218062
104.711	0.214478
104.755	0.21511
104.798	0.217954
104.842	0.214895
104.885	0.214915
104.929	0.217029
104.972	0.216501
105.016	0.213563
105.059	0.213416
105.103	0.215927
105.146	0.215988
105.19	0.2138
105.234	0.216256
105.278	0.214277
105.321	0.220033
105.364	0.220998
105.409	0.215109
105.452	0.222419
105.495	0.221669
105.54	0.220321
105.582	0.225975
105.627	0.218607
105.67	0.217928
105.714	0.220235
105.758	0.216471
105.801	0.217484
105.845	0.219616
105.888	0.224604
105.932	0.217549
105.976	0.222937
106.02	0.220537
106.063	0.22477
106.107	0.219043
106.151	0.225592
106.194	0.224084
106.238	0.221855
106.282	0.220541
106.326	0.220833
106.369	0.221848
106.413	0.219892
106.456	0.221899
106.501	0.217288
106.544	0.226649
106.588	0.220079
106.631	0.225963
106.675	0.222749
106.719	0.223154
106.764	0.224494
106.807	0.22709
106.851	0.223643
106.895	0.227758
106.938	0.227447
106.982	0.223331
107.026	0.222372
107.07	0.221445
107.114	0.22399
107.158	0.222458
107.201	0.227853
107.246	0.223902
107.29	0.225092
107.334	0.22761
107.377	0.2292
107.422	0.22726
107.466	0.226657
107.509	0.228771
107.553	0.227439
107.597	0.225639
107.642	0.225269
107.685	0.226435
107.729	0.223165
107.774	0.221771
107.818	0.223778
107.862	0.227485
107.906	0.227734
107.949	0.233957
107.994	0.228923
108.038	0.228563
108.082	0.230735
108.126	0.229914
108.171	0.226034
108.215	0.229621
108.26	0.224247
108.303	0.230034
108.347	0.227699
108.392	0.226285
108.436	0.227494
108.48	0.22682
108.525	0.228024
108.569	0.229133
108.613	0.232694
108.657	0.230122
108.701	0.235955
108.746	0.227159
108.79	0.2311
108.835	0.231289
108.879	0.228206
108.924	0.229811
108.968	0.228883
109.013	0.228287
109.056	0.231908
109.101	0.227355
109.145	0.229488
109.189	0.233192
109.234	0.230923
109.279	0.230374
109.323	0.236763
109.367	0.234069
109.412	0.233922
109.456	0.233924
109.5	0.234932
109.545	0.233317
109.59	0.231109
109.634	0.233
109.679	0.23365
109.723	0.231603
109.768	0.231335
109.812	0.233665
109.857	0.234179
109.901	0.235528
109.945	0.237492
109.99	0.235029
110.035	0.234677
110.08	0.236396
110.124	0.235845
110.168	0.238357
110.213	0.233806
110.258	0.237128
110.301	0.241914
110.347	0.231073
110.391	0.233966
110.436	0.234095
110.48	0.238787
110.525	0.235201
110.57	0.236774
110.615	0.23697
110.659	0.241567
110.704	0.237649
110.748	0.238944
110.793	0.239702
110.837	0.236278
110.882	0.237166
110.927	0.237953
110.971	0.23784
111.016	0.233254
111.061	0.234326
111.106	0.235742
111.151	0.236918
111.196	0.241867
111.24	0.2398
111.285	0.242502
111.33	0.241412
111.375	0.239779
111.42	0.238093
111.464	0.240265
111.51	0.236247
111.555	0.236858
111.6	0.235262
111.645	0.235997
111.689	0.23954
111.735	0.236967
111.779	0.241495
111.824	0.240589
111.869	0.24283
111.914	0.241793
111.959	0.241961
112.004	0.241886
112.049	0.240306
112.094	0.241163
112.138	0.240077
112.184	0.236616
112.228	0.242798
112.273	0.240755
112.318	0.238295
112.363	0.239546
112.408	0.241834
112.453	0.244564
112.498	0.246275
112.544	0.242881
112.588	0.246855
112.633	0.246433
112.678	0.244182
112.724	0.240338
112.769	0.242975
112.813	0.247327
112.859	0.241613
112.903	0.244637
112.949	0.24318
112.994	0.243559
113.039	0.242468
113.083	0.245077
113.129	0.242433
113.173	0.249024
113.219	0.244768
113.264	0.247067
113.309	0.246131
113.354	0.245497
113.398	0.249635
113.443	0.247002
113.489	0.246022
113.534	0.247106
113.579	0.247582
113.624	0.247199
113.669	0.248001
113.714	0.25033
113.759	0.246199
113.804	0.247905
113.849	0.249445
113.895	0.246328
113.94	0.250044
113.984	0.250754
114.03	0.247168
114.075	0.249395
114.12	0.247725
114.166	0.244991
114.21	0.250283
114.256	0.249254
114.301	0.249324
114.346	0.248259
114.391	0.250696
114.437	0.244747
114.481	0.254676
114.527	0.244174
114.572	0.248758
114.618	0.247347
114.663	0.2498
114.708	0.249246
114.753	0.248956
114.798	0.249086
114.843	0.252132
114.889	0.248185
114.934	0.251058
114.98	0.248774
115.024	0.25314
115.071	0.247051
115.116	0.251636
115.161	0.250811
115.207	0.249323
115.252	0.251868
115.297	0.252037
115.343	0.247201
115.388	0.252696
115.433	0.25429
115.478	0.252408
115.524	0.253167
115.569	0.253656
115.615	0.252326
115.66	0.254111
115.705	0.255825
115.751	0.252807
115.796	0.255314
115.841	0.2539
115.886	0.253351
115.932	0.250446
115.978	0.248979
116.023	0.255957
116.069	0.255106
116.114	0.253666
116.16	0.254105
116.205	0.254952
116.251	0.255396
116.296	0.255569
116.341	0.257391
116.387	0.252176
116.433	0.254589
116.478	0.253327
116.524	0.25138
116.57	0.253491
116.615	0.255996
116.66	0.257797
116.706	0.25458
116.752	0.256319
116.797	0.256606
116.843	0.258416
116.888	0.257635
116.934	0.26091
116.979	0.261414
117.026	0.254605
117.071	0.260166
117.117	0.254171
117.162	0.256058
117.208	0.253594
117.254	0.257635
117.299	0.259021
117.346	0.255832
117.391	0.26037
117.437	0.260781
117.483	0.259299
117.528	0.260987
117.574	0.26405
117.62	0.260676
117.666	0.264402
117.711	0.263673
117.757	0.261438
117.803	0.262366
117.848	0.263606
117.894	0.259951
117.94	0.260202
117.987	0.258565
118.031	0.268547
118.077	0.261537
118.123	0.263018
118.169	0.262704
118.214	0.262651
118.261	0.261952
118.306	0.267758
118.352	0.265156
118.397	0.264852
118.442	0.268819
118.488	0.264497
118.533	0.26703
118.58	0.2622
118.625	0.267456
118.671	0.26219
118.717	0.261506
118.763	0.259586
118.808	0.266515
118.854	0.262013
118.899	0.268665
118.944	0.267074
118.99	0.266642
119.036	0.262553
119.082	0.267779
119.128	0.264447
119.173	0.267231
119.219	0.264567
119.265	0.263075
119.31	0.267427
119.356	0.267219
119.401	0.268508
119.447	0.26389
119.493	0.264337
119.538	0.264983
119.584	0.264182
119.63	0.268617
119.676	0.265989
119.722	0.266293
119.768	0.267655
119.814	0.270107
119.859	0.273192
119.905	0.266108
119.95	0.273412
119.996	0.266468
120.041	0.269258
120.087	0.268624
120.133	0.265396
120.179	0.267324
120.224	0.273542
120.271	0.266479
120.316	0.269121
120.362	0.270347
120.408	0.268567
120.454	0.271014
120.5	0.270218
120.546	0.271322
120.592	0.268633
120.637	0.26962
120.683	0.269199
120.73	0.267246
120.775	0.272215
120.822	0.265429
120.867	0.272146
120.913	0.269702
120.959	0.26764
121.005	0.267022
121.051	0.269484
121.097	0.271311
121.143	0.273506
121.189	0.267487
121.235	0.270971
121.281	0.27011
121.326	0.272392
121.373	0.268511
121.419	0.270406
121.464	0.273899
121.511	0.268909
121.557	0.270248
121.603	0.270516
121.649	0.272739
121.696	0.267562
121.742	0.271304
121.787	0.27945
121.833	0.271828
121.879	0.274447
121.925	0.273882
121.972	0.273941
122.018	0.273774
122.064	0.275073
122.11	0.274849
122.156	0.27322
122.202	0.27572
122.248	0.276266
122.294	0.27471
122.34	0.272369
122.386	0.271402
122.432	0.272962
122.478	0.275085
122.525	0.270099
122.571	0.28012
122.617	0.274467
122.663	0.275493
122.71	0.274124
122.756	0.278839
122.802	0.275263
122.849	0.274945
122.895	0.275807
122.941	0.278267
122.987	0.275751
123.033	0.278233
123.08	0.278232
123.126	0.275942
123.173	0.271927
123.219	0.280217
123.265	0.275812
123.312	0.27741
123.358	0.277844
123.404	0.280344
123.45	0.278457
123.497	0.273852
123.544	0.274274
123.59	0.279338
123.636	0.278539
123.683	0.279504
123.729	0.279305
123.775	0.282098
123.822	0.275558
123.868	0.282984
123.915	0.276379
123.961	0.282083
124.007	0.280471
124.054	0.279462
124.1	0.278987
124.147	0.279162
124.193	0.27964
124.24	0.280083
124.286	0.282225
124.332	0.284383
124.379	0.28313
124.426	0.28013
124.471	0.288144
124.517	0.283128
124.564	0.280779
124.611	0.283587
124.657	0.284545
124.704	0.281708
124.75	0.287322
124.797	0.284073
124.842	0.291293
124.889	0.283307
124.935	0.28773
124.982	0.285392
125.028	0.284496
125.075	0.284856
125.121	0.286993
125.168	0.282477
125.213	0.292221
125.26	0.284531
125.307	0.285691
125.353	0.285147
125.399	0.290834
125.445	0.286213
125.492	0.286816
125.538	0.288131
125.585	0.289228
125.631	0.29184
125.677	0.286636
125.723	0.287116
125.77	0.284181
125.816	0.289085
125.863	0.284876
125.909	0.289473
125.955	0.289697
126.002	0.28961
126.048	0.286889
126.095	0.287995
126.141	0.293495
126.188	0.287093
126.233	0.294744
126.28	0.28964
126.327	0.29068
126.373	0.289263
126.419	0.292555
126.466	0.28531
126.513	0.28663
126.559	0.28862
126.605	0.290672
126.652	0.287642
126.698	0.291726
126.745	0.292455
126.792	0.289175
126.838	0.293368
126.885	0.291881
126.931	0.290363
126.978	0.293711
127.024	0.29409
127.07	0.291261
127.117	0.289768
127.164	0.290429
127.211	0.290401
127.256	0.298554
127.304	0.28768
127.35	0.297688
127.396	0.299128
127.443	0.295005
127.489	0.300561
127.536	0.291155
127.583	0.297761
127.629	0.296985
127.676	0.292688
127.723	0.293696
127.769	0.297546
127.815	0.294831
127.862	0.295725
127.909	0.293647
127.956	0.29147
128.002	0.297025
128.049	0.29908
128.096	0.294838
128.142	0.298042
128.189	0.30104
128.235	0.297057
128.282	0.296142
128.329	0.295696
128.375	0.294678
128.423	0.290319
128.47	0.29232
128.516	0.295342
128.563	0.294976
128.61	0.292715
128.656	0.298584
128.702	0.297333
128.749	0.296449
128.796	0.293754
128.843	0.296214
128.89	0.30065
128.936	0.302771
128.983	0.29503
129.03	0.294093
129.077	0.294149
129.123	0.297113
129.17	0.292823
129.217	0.294585
129.264	0.296004
129.311	0.294148
129.358	0.296326
129.404	0.29754
129.451	0.295697
129.498	0.294104
129.545	0.300475
129.593	0.289149
129.639	0.301186
129.687	0.292037
129.733	0.297618
129.78	0.297068
129.826	0.297217
129.874	0.29418
129.921	0.295395
129.968	0.295425
130.014	0.299635
130.061	0.299028
130.108	0.29789
130.155	0.296477
130.202	0.301185
130.249	0.299183
130.295	0.301944
130.343	0.294761
130.389	0.304094
130.436	0.299088
130.483	0.29948
130.53	0.296565
130.577	0.300473
130.623	0.300228
130.671	0.295731
130.717	0.30133
130.764	0.301244
130.811	0.302818
130.857	0.306177
130.905	0.301422
130.952	0.303413
130.999	0.30544
131.045	0.305404
131.092	0.303931
131.139	0.305268
131.185	0.306692
131.232	0.30329
131.279	0.304557
131.326	0.29833
131.374	0.299766
131.42	0.305955
131.467	0.306734
131.513	0.308709
131.559	0.310346
131.607	0.302492
131.654	0.310528
131.7	0.309236
131.747	0.307721
131.794	0.306592
131.84	0.31238
131.887	0.312222
131.933	0.309218
131.981	0.301332
132.028	0.312879
132.074	0.310892
132.121	0.307421
132.168	0.311282
132.215	0.304377
132.262	0.308292
132.308	0.313663
132.355	0.307072
132.402	0.309247
132.448	0.312678
132.495	0.306797
132.542	0.310039
132.588	0.313671
132.636	0.305762
132.682	0.313212
132.729	0.312751
132.776	0.311474
132.823	0.309231
132.87	0.312768
132.916	0.310395
132.963	0.311331
133.01	0.302313
133.057	0.309259
133.104	0.309976
133.15	0.309441
133.197	0.309342
133.244	0.309819
133.291	0.307416
133.337	0.315397
133.385	0.309465
133.431	0.313015
133.478	0.314905
133.525	0.310272
133.571	0.312517
133.618	0.308389
133.665	0.309873
133.712	0.310852
133.759	0.307457
133.806	0.311348
133.853	0.307904
133.9	0.311408
133.947	0.310588
133.993	0.312657
134.04	0.316104
134.087	0.309591
134.134	0.312668
134.181	0.313209
134.228	0.317571
134.275	0.308725
134.321	0.318957
134.369	0.311806
134.416	0.313096
134.462	0.312579
134.51	0.306647
134.557	0.314976
134.603	0.313131
134.65	0.31297
134.697	0.314625
134.744	0.3198
134.791	0.314745
134.838	0.31316
134.885	0.318865
134.932	0.319632
134.979	0.314741
135.026	0.319455
135.073	0.319203
135.12	0.315324
135.167	0.313851
135.214	0.317002
135.262	0.313285
135.308	0.321751
135.355	0.315836
135.402	0.320844
135.449	0.319496
135.496	0.319021
135.543	0.320461
135.591	0.317445
135.638	0.321553
135.686	0.311796
135.733	0.321432
135.78	0.32
135.827	0.320871
135.874	0.317278
135.921	0.319312
135.968	0.320729
136.016	0.319526
136.063	0.323187
136.11	0.323775
136.158	0.318742
136.205	0.32296
136.252	0.323421
136.299	0.31937
136.346	0.326667
136.393	0.320549
136.441	0.319073
136.488	0.32035
136.535	0.318349
136.582	0.326756
136.629	0.32086
136.677	0.319107
136.724	0.324863
136.771	0.322136
136.818	0.323846
136.865	0.326357
136.913	0.319012
136.96	0.32532
137.007	0.322897
137.054	0.323574
137.101	0.325388
137.149	0.318758
137.196	0.32303
137.244	0.323454
137.292	0.320193
137.339	0.327955
137.386	0.328705
137.433	0.326137
137.48	0.325169
137.528	0.326486
137.575	0.327918
137.622	0.32701
137.669	0.326854
137.716	0.325493
137.763	0.329964
137.811	0.326964
137.858	0.325079
137.906	0.324793
137.953	0.329666
138	0.326771
138.048	0.326096
138.094	0.331636
138.141	0.330632
138.189	0.324619
138.236	0.328194
138.284	0.328578
138.331	0.327618
138.379	0.326198
138.426	0.332008
138.473	0.327986
138.52	0.329775
138.567	0.331431
138.615	0.326166
138.662	0.332212
138.71	0.325845
138.757	0.331303
138.804	0.329288
138.852	0.323267
138.899	0.335237
138.946	0.328558
138.993	0.330912
139.041	0.330654
139.087	0.334793
139.135	0.328182
139.182	0.333249
139.23	0.330759
139.277	0.333148
139.325	0.330091
139.372	0.334484
139.419	0.333314
139.466	0.331193
139.513	0.333954
139.561	0.326179
139.609	0.331669
139.655	0.335693
139.703	0.326437
139.75	0.335332
139.798	0.331053
139.845	0.336452
139.893	0.328542
139.94	0.33701
139.987	0.335453
140.034	0.335961
140.081	0.335792
140.128	0.336213
140.176	0.33077
140.223	0.331756
140.271	0.329358
140.318	0.335719
140.365	0.336329
140.413	0.332557
140.46	0.334877
140.508	0.338366
140.555	0.337574
140.602	0.337889
140.65	0.336181
140.698	0.336422
140.746	0.33406
140.792	0.343189
140.839	0.339084
140.887	0.331456
140.935	0.336163
140.982	0.336744
141.029	0.344221
141.077	0.335922
141.124	0.339429
141.171	0.339555
141.219	0.341067
141.267	0.33575
141.314	0.341982
141.362	0.336082
141.409	0.340733
141.457	0.335375
141.504	0.336272
141.551	0.33838
141.599	0.335993
141.647	0.338799
141.695	0.335281
141.742	0.342572
141.79	0.336352
141.837	0.340471
141.885	0.339081
141.932	0.342449
141.979	0.342864
142.027	0.335907
142.076	0.335615
142.123	0.343069
142.17	0.338601
142.218	0.337342
142.266	0.335205
142.313	0.34327
142.36	0.342973
142.408	0.336831
142.456	0.342002
142.503	0.343453
142.551	0.337338
142.598	0.346699
142.646	0.338275
142.693	0.345539
142.741	0.342961
142.788	0.342969
142.836	0.339118
142.884	0.340316
142.931	0.345677
142.979	0.338104
143.027	0.34225
143.074	0.343892
143.121	0.344723
143.169	0.341359
143.217	0.342232
143.264	0.351649
143.312	0.340889
143.36	0.340717
143.407	0.344723
143.455	0.3453
143.502	0.34137
143.55	0.341794
143.597	0.343807
143.645	0.345978
143.692	0.343153
143.74	0.344455
143.788	0.343537
143.835	0.346792
143.883	0.348882
143.931	0.343435
143.978	0.348149
144.026	0.3496
144.073	0.347904
144.121	0.342935
144.168	0.351916
144.216	0.344074
144.264	0.347115
144.312	0.34408
144.359	0.348406
144.407	0.347806
144.454	0.347402
144.502	0.351284
144.55	0.342253
144.598	0.348829
144.645	0.352094
144.693	0.348355
144.741	0.34417
144.788	0.347934
144.836	0.344919
144.884	0.34664
144.933	0.3382
144.979	0.355016
145.027	0.344272
145.075	0.348675
145.123	0.347029
145.171	0.350096
145.218	0.354667
145.266	0.346028
145.315	0.344291
145.361	0.357507
145.409	0.347106
145.456	0.355856
145.504	0.349661
145.552	0.345402
145.6	0.34833
145.648	0.34805
145.696	0.34766
145.743	0.356613
145.792	0.347576
145.839	0.35513
145.887	0.350319
145.934	0.355788
145.982	0.354251
146.03	0.349967
146.078	0.350531
146.125	0.358006
146.173	0.350281
146.22	0.359243
146.268	0.350729
146.316	0.353018
146.364	0.352723
146.411	0.358041
146.459	0.351143
146.507	0.357394
146.555	0.353717
146.602	0.352827
146.651	0.351316
146.698	0.353877
146.746	0.355808
146.793	0.359085
146.841	0.352068
146.889	0.355718
146.936	0.362018
146.984	0.353144
147.032	0.355393
147.079	0.362876
147.127	0.351063
147.175	0.355316
147.222	0.359537
147.27	0.357749
147.318	0.355391
147.365	0.357332
147.413	0.355169
147.461	0.355828
147.509	0.353217
147.557	0.354584
147.605	0.354566
147.652	0.366859
147.7	0.351482
147.748	0.359128
147.796	0.357569
147.844	0.358524
147.892	0.356592
147.94	0.361257
147.987	0.359986
148.035	0.362393
148.083	0.35885
148.13	0.364449
148.178	0.355458
148.226	0.355878
148.274	0.357153
148.322	0.358264
148.37	0.358136
148.418	0.36038
148.466	0.357066
148.514	0.362922
148.562	0.360971
148.609	0.365563
148.657	0.3596
148.705	0.362988
148.753	0.357871
148.801	0.365295
148.848	0.363349
148.897	0.355931
148.945	0.360756
148.992	0.36338
149.04	0.363613
149.088	0.361515
149.136	0.366299
149.183	0.371478
149.232	0.359143
149.279	0.367179
149.328	0.360449
149.375	0.367972
149.423	0.369783
149.47	0.365105
149.518	0.367311
149.567	0.36247
149.614	0.367291
149.662	0.368099
149.71	0.367233
149.758	0.366816
149.806	0.367164
149.854	0.362923
149.901	0.369535
149.95	0.364359
149.997	0.369399
150.045	0.362931
150.093	0.370893
150.14	0.368004
150.188	0.365295
150.236	0.365671
150.284	0.36903
150.331	0.373397
150.379	0.366253
150.428	0.364934
150.475	0.368388
150.523	0.364591
150.571	0.365512
150.619	0.370926
150.667	0.362382
150.715	0.370459
150.763	0.36699
150.81	0.372058
150.858	0.368885
150.906	0.372173
150.955	0.362387
151.003	0.369992
151.05	0.369268
151.098	0.371733
151.146	0.368912
151.194	0.368587
151.242	0.364324
151.289	0.373438
151.338	0.367503
151.385	0.371254
151.434	0.369293
151.481	0.372288
151.529	0.374336
151.577	0.373383
151.625	0.374729
151.673	0.373623
151.72	0.376267
151.769	0.369866
151.817	0.368468
151.864	0.375877
151.913	0.37067
151.961	0.369615
152.009	0.370999
152.056	0.378499
152.105	0.371995
152.152	0.376246
152.201	0.372471
152.248	0.379166
152.296	0.375861
152.343	0.377952
152.392	0.369721
152.441	0.368334
152.488	0.37248
152.536	0.37341
152.584	0.37132
152.632	0.371888
152.68	0.374191
152.728	0.375745
152.775	0.379149
152.824	0.371507
152.872	0.373587
152.92	0.375089
152.969	0.370627
153.016	0.383976
153.064	0.379508
153.112	0.37754
153.16	0.377309
153.208	0.372572
153.256	0.38225
153.303	0.380648
153.352	0.375191
153.4	0.374646
153.448	0.384462
153.496	0.374494
153.544	0.376281
153.592	0.381132
153.64	0.377959
153.688	0.382958
153.736	0.376863
153.784	0.383327
153.832	0.377393
153.88	0.380656
153.928	0.378766
153.976	0.379487
154.025	0.375122
154.072	0.389032
154.121	0.374165
154.169	0.382005
154.217	0.383829
154.265	0.38278
154.313	0.383809
154.361	0.385666
154.408	0.386444
154.457	0.382911
154.504	0.386295
154.552	0.389089
154.6	0.386108
154.648	0.381005
154.697	0.3842
154.744	0.386313
154.792	0.386515
154.84	0.386212
154.888	0.391785
154.936	0.384154
154.983	0.393724
155.032	0.386747
155.08	0.389568
155.128	0.389812
155.175	0.391556
155.224	0.385813
155.271	0.39173
155.319	0.389591
155.366	0.394638
155.415	0.386288
155.463	0.386193
155.51	0.393679
155.559	0.384756
155.606	0.392128
155.655	0.38953
155.702	0.399512
155.75	0.391185
155.797	0.393602
155.845	0.390479
155.893	0.392962
155.941	0.39308
155.989	0.391176
156.037	0.386453
156.084	0.399488
156.132	0.388277
156.18	0.390673
156.228	0.393411
156.276	0.391663
156.324	0.390799
156.371	0.398206
156.419	0.393511
156.467	0.399494
156.515	0.39206
156.563	0.392765
156.611	0.394498
156.659	0.393822
156.707	0.392781
156.754	0.398568
156.803	0.390304
156.85	0.394048
156.898	0.397573
156.946	0.389935
156.994	0.395872
157.042	0.393565
157.09	0.388222
157.139	0.392169
157.186	0.397846
157.234	0.394386
157.282	0.390109
157.33	0.390235
157.379	0.391587
157.426	0.396917
157.475	0.389704
157.523	0.392745
157.57	0.4032
157.618	0.393652
157.666	0.395472
157.715	0.39201
157.762	0.39828
157.811	0.390069
157.859	0.393651
157.907	0.392508
157.954	0.399717
158.002	0.39995
158.05	0.38884
158.098	0.394921
158.147	0.394755
158.195	0.39628
158.243	0.392095
158.291	0.399074
158.339	0.398797
158.387	0.397693
158.435	0.392719
158.482	0.404344
158.531	0.395192
158.579	0.395369
158.627	0.397898
158.675	0.398656
158.723	0.399446
158.771	0.397448
158.819	0.397222
158.868	0.395829
158.916	0.393594
158.964	0.400806
159.013	0.393004
159.061	0.394537
159.109	0.399264
159.157	0.398409
159.205	0.395808
159.253	0.398511
159.301	0.402028
159.349	0.398773
159.397	0.399586
159.445	0.399573
159.494	0.396269
159.542	0.398268
159.59	0.401303
159.638	0.395684
159.686	0.401008
159.734	0.401012
159.783	0.398345
159.831	0.398787
159.879	0.398204
159.928	0.400284
159.976	0.401484
160.024	0.401273
160.072	0.403942
160.12	0.402813
160.169	0.396484
160.217	0.401422
160.265	0.398078
160.313	0.40549
160.362	0.401119
160.41	0.403034
160.457	0.406723
160.505	0.404789
160.554	0.39453
160.602	0.40526
160.65	0.405714
160.698	0.403713
160.746	0.404721
160.794	0.40818
160.843	0.401765
160.89	0.412046
160.938	0.405888
160.986	0.408337
161.035	0.403347
161.083	0.410925
161.131	0.402245
161.179	0.409829
161.227	0.404344
161.275	0.404387
161.324	0.405101
161.372	0.40621
161.419	0.408594
161.467	0.409506
161.516	0.399082
161.563	0.416554
161.612	0.405435
161.66	0.410661
161.708	0.406605
161.756	0.411425
161.804	0.40871
161.852	0.413478
161.9	0.406027
161.949	0.406306
161.997	0.411423
162.045	0.409611
162.093	0.409501
162.141	0.407772
162.189	0.411942
162.237	0.407045
162.286	0.409414
162.333	0.414096
162.382	0.40789
162.43	0.413034
162.478	0.412903
162.526	0.406551
162.574	0.411657
162.622	0.41298
162.67	0.413087
162.719	0.406795
162.767	0.406788
162.815	0.410687
162.863	0.410343
162.911	0.412294
162.96	0.407152
163.008	0.413504
163.056	0.411145
163.105	0.412359
163.153	0.411967
163.201	0.411187
163.25	0.408901
163.298	0.414075
163.346	0.413608
163.394	0.410255
163.442	0.411869
163.491	0.407244
163.539	0.40922
163.587	0.413678
163.635	0.416169
163.684	0.411356
163.732	0.41421
163.781	0.41259
163.829	0.410064
163.877	0.415989
163.925	0.416538
163.974	0.413223
164.022	0.409249
164.071	0.413858
164.119	0.411686
164.167	0.416371
164.216	0.41182
164.265	0.409051
164.312	0.419525
164.36	0.418599
164.409	0.411087
164.457	0.419039
164.506	0.410781
164.554	0.413946
164.603	0.417372
164.651	0.416532
164.7	0.41158
164.748	0.416058
164.796	0.41268
164.845	0.416494
164.893	0.41339
164.941	0.421041
164.989	0.419576
165.038	0.415006
165.087	0.414143
165.135	0.421568
165.183	0.416058
165.231	0.418831
165.28	0.41958
165.329	0.413414
165.377	0.417705
165.425	0.418172
165.474	0.41897
165.522	0.415754
165.571	0.414882
165.619	0.426825
165.667	0.418817
165.715	0.420027
165.764	0.41946
165.813	0.416982
165.861	0.41899
165.909	0.42206
165.958	0.416963
166.007	0.419775
166.055	0.422664
166.103	0.421081
166.152	0.42275
166.2	0.42003
166.249	0.422843
166.297	0.423547
166.345	0.419807
166.394	0.422038
166.443	0.418212
166.491	0.421692
166.539	0.423848
166.588	0.424226
166.636	0.428729
166.684	0.423409
166.733	0.421143
166.781	0.426175
166.83	0.423735
166.877	0.432158
166.926	0.420415
166.975	0.428059
167.023	0.419972
167.071	0.427797
167.12	0.422261
167.168	0.431209
167.216	0.423569
167.264	0.428779
167.312	0.429454
167.361	0.421638
167.41	0.426534
167.458	0.427645
167.507	0.426398
167.555	0.4297
167.603	0.429601
167.651	0.430244
167.7	0.424424
167.748	0.431756
167.796	0.430485
167.844	0.424859
167.893	0.425066
167.941	0.431598
167.989	0.425799
168.038	0.428968
168.086	0.430121
168.135	0.426485
168.183	0.429631
168.231	0.431595
168.279	0.431751
168.328	0.430295
168.377	0.423259
168.425	0.432982
168.473	0.42699
168.521	0.431535
168.57	0.428626
168.619	0.424657
168.667	0.431591
168.716	0.425706
168.764	0.428822
168.811	0.444121
168.86	0.425531
168.908	0.430337
168.957	0.431534
169.006	0.427505
169.054	0.429213
169.102	0.43261
169.151	0.430423
169.199	0.433443
169.248	0.426903
169.296	0.432988
169.345	0.432586
169.393	0.429684
169.442	0.431296
169.491	0.433286
169.539	0.434089
169.588	0.433844
169.636	0.434212
169.685	0.431402
169.734	0.4327
169.782	0.435843
169.831	0.432463
169.879	0.433327
169.928	0.433171
169.976	0.436577
170.025	0.431186
170.073	0.439616
170.122	0.430755
170.17	0.437432
170.219	0.434044
170.267	0.435154
170.316	0.438143
170.364	0.437574
170.413	0.432576
170.462	0.429126
170.511	0.435611
170.559	0.439172
170.608	0.428618
170.657	0.436451
170.705	0.437207
170.754	0.435292
170.802	0.441964
170.851	0.435174
170.899	0.439071
170.948	0.43558
170.996	0.442197
171.045	0.43557
171.094	0.441438
171.142	0.44153
171.191	0.433819
171.24	0.434396
171.288	0.438158
171.337	0.434433
171.385	0.439873
171.434	0.439302
171.483	0.438872
171.531	0.438643
171.58	0.437576
171.628	0.444648
171.677	0.43987
171.725	0.443736
171.774	0.434824
171.823	0.44296
171.871	0.439913
171.919	0.445899
171.968	0.438075
172.017	0.439726
172.066	0.438206
172.114	0.444408
172.163	0.436645
172.211	0.447043
172.26	0.440731
172.308	0.451134
172.357	0.433843
172.406	0.447747
172.455	0.43827
172.503	0.445292
172.552	0.44193
172.6	0.446261
172.649	0.444092
172.697	0.446129
172.746	0.442138
172.794	0.444373
172.843	0.444547
172.891	0.446887
172.94	0.442946
172.988	0.445327
173.037	0.440209
173.085	0.451934
173.133	0.449473
173.182	0.446883
173.23	0.445621
173.279	0.440063
173.328	0.446639
173.376	0.454201
173.424	0.44287
173.473	0.450308
173.521	0.44577
173.569	0.452128
173.619	0.436861
173.666	0.457383
173.715	0.442738
173.764	0.441793
173.813	0.445736
173.86	0.455473
173.909	0.443893
173.957	0.453864
174.005	0.450381
174.054	0.445626
174.103	0.448829
174.151	0.453604
174.2	0.445842
174.248	0.453224
174.297	0.447512
174.345	0.452647
174.393	0.449754
174.442	0.449161
174.49	0.450409
174.539	0.449546
174.588	0.44589
174.636	0.449406
174.685	0.452825
174.733	0.449372
174.782	0.447542
174.831	0.450159
174.878	0.458261
174.927	0.447835
174.976	0.451254
175.024	0.456972
175.073	0.44814
175.122	0.447077
175.17	0.452241
175.219	0.446176
175.268	0.447106
175.316	0.453141
175.365	0.449001
175.413	0.45484
175.462	0.447731
175.51	0.449863
175.558	0.456455
175.607	0.449906
175.656	0.450017
175.705	0.452391
175.754	0.450107
175.802	0.448969
175.851	0.449457
175.9	0.45298
175.948	0.449691
175.997	0.451795
176.046	0.449132
176.094	0.455787
176.143	0.448036
176.192	0.457321
176.24	0.455564
176.289	0.451582
176.338	0.451636
176.386	0.451897
176.436	0.447119
176.483	0.459186
176.533	0.448673
176.581	0.45542
176.63	0.445749
176.679	0.449263
176.728	0.454062
176.776	0.454717
176.825	0.448974
176.874	0.456846
176.922	0.455587
176.971	0.457976
177.02	0.450556
177.069	0.450414
177.117	0.457121
177.166	0.455967
177.215	0.449485
177.263	0.461511
177.312	0.449206
177.361	0.454508
177.41	0.45509
177.458	0.460672
177.508	0.447589
177.556	0.459576
177.606	0.451369
177.654	0.463789
177.702	0.460154
177.751	0.454271
177.8	0.452643
177.849	0.457239
177.897	0.458938
177.947	0.447805
177.995	0.461525
178.044	0.454211
178.093	0.456436
178.141	0.461962
178.19	0.458319
178.239	0.457455
178.288	0.454658
178.337	0.45677
178.386	0.459456
178.435	0.454654
178.484	0.453343
178.532	0.467795
178.581	0.457016
178.629	0.460263
178.678	0.459694
178.727	0.455082
178.776	0.457067
178.825	0.46248
178.874	0.457509
178.922	0.460694
178.971	0.462392
179.02	0.458953
179.069	0.459846
179.118	0.459702
179.166	0.464553
179.215	0.459244
179.264	0.461384
179.312	0.469089
179.361	0.465205
179.41	0.462468
179.459	0.462087
179.507	0.46607
179.556	0.465878
179.605	0.460349
179.653	0.467638
179.702	0.463724
179.751	0.463422
179.8	0.461429
179.848	0.467687
179.897	0.459579
179.946	0.461782
179.994	0.472386
180.043	0.465047
180.091	0.468403
180.14	0.461808
180.189	0.466711
180.238	0.464844
180.287	0.46022
180.335	0.469673
180.384	0.462849
180.433	0.46429
180.482	0.465627
180.53	0.462528
180.579	0.470451
180.628	0.457122
180.677	0.469607
180.725	0.466936
180.774	0.472126
180.823	0.458831
180.871	0.476675
180.92	0.468778
180.97	0.462226
181.018	0.47498
181.066	0.469071
181.115	0.471266
181.164	0.467821
181.212	0.474085
181.261	0.460181
181.309	0.473068
181.358	0.466498
181.407	0.467773
181.456	0.464931
181.505	0.469524
181.554	0.465042
181.603	0.465893
181.652	0.470884
181.7	0.469685
181.749	0.472504
181.798	0.469945
181.847	0.468451
181.896	0.464228
181.944	0.475895
181.993	0.466082
182.042	0.466431
182.091	0.471628
182.139	0.476775
182.188	0.471364
182.237	0.467227
182.285	0.473443
182.334	0.471629
182.383	0.469158
182.432	0.470172
182.481	0.473294
182.53	0.470172
182.578	0.472618
182.627	0.470187
182.676	0.470811
182.725	0.468751
182.773	0.47149
182.822	0.472919
182.87	0.476765
182.92	0.462578
182.969	0.471593
183.018	0.465679
183.066	0.480544
183.115	0.466883
183.164	0.471493
183.213	0.471538
183.262	0.468158
183.311	0.474257
183.36	0.472464
183.408	0.477336
183.458	0.464237
183.506	0.474782
183.555	0.469646
183.604	0.471204
183.653	0.47505
183.701	0.471939
183.751	0.46715
183.799	0.474762
183.848	0.472281
183.897	0.47536
183.947	0.461543
183.995	0.474125
184.043	0.48061
184.093	0.462588
184.142	0.475133
184.191	0.471356
184.239	0.475841
184.288	0.473665
184.337	0.477515
184.386	0.46792
184.435	0.47911
184.484	0.474768
184.533	0.470005
184.582	0.473
184.631	0.475376
184.68	0.47458
184.728	0.47772
184.777	0.474871
184.826	0.473227
184.875	0.47755
184.924	0.475014
184.974	0.46552
185.023	0.475663
185.072	0.471304
185.121	0.476249
185.17	0.474183
185.219	0.480138
185.268	0.477802
185.317	0.470561
185.366	0.476589
185.415	0.479963
185.463	0.47663
185.512	0.479673
185.561	0.475193
185.61	0.478472
185.659	0.477774
185.708	0.478181
185.757	0.477418
185.806	0.472985
185.855	0.481041
185.903	0.485908
185.952	0.474535
186.001	0.48549
186.05	0.473205
186.099	0.480631
186.148	0.477373
186.196	0.485466
186.245	0.478288
186.294	0.483905
186.343	0.482361
186.391	0.481823
186.44	0.487501
186.489	0.475895
186.538	0.482817
186.586	0.48459
186.635	0.479126
186.684	0.482551
186.733	0.482636
186.781	0.487135
186.83	0.48051
186.879	0.48212
186.927	0.486315
186.976	0.483535
187.025	0.485199
187.074	0.486041
187.123	0.484313
187.171	0.487039
187.22	0.483786
187.269	0.481424
187.318	0.488266
187.367	0.48478
187.415	0.486607
187.464	0.483185
187.513	0.483965
187.562	0.486135
187.611	0.484753
187.66	0.490649
187.709	0.485197
187.757	0.488708
187.806	0.482752
187.855	0.490247
187.904	0.48424
187.953	0.486699
188.002	0.486321
188.051	0.484487
188.1	0.480646
188.149	0.484385
188.198	0.483566
188.246	0.492419
188.295	0.491028
188.344	0.484636
188.394	0.482626
188.442	0.489726
188.491	0.484114
188.541	0.485692
188.589	0.492844
188.638	0.489797
188.687	0.481262
188.736	0.48815
188.784	0.492223
188.834	0.481955
188.883	0.486231
188.932	0.48971
188.981	0.484803
189.029	0.4916
189.079	0.484486
189.127	0.491347
189.177	0.483947
189.225	0.493796
189.275	0.481206
189.324	0.482673
189.373	0.491615
189.422	0.485898
189.471	0.48902
189.519	0.488982
189.568	0.487836
189.617	0.489693
189.667	0.484444
189.716	0.487007
189.765	0.486893
189.814	0.491862
189.863	0.489779
189.912	0.488127
189.961	0.489465
190.009	0.497934
190.058	0.482373
190.107	0.489234
190.156	0.49003
190.205	0.491466
190.255	0.478169
190.303	0.499438
190.353	0.480178
190.402	0.488524
190.451	0.493445
190.5	0.493205
190.549	0.489483
190.598	0.492847
190.647	0.491315
190.696	0.484462
190.745	0.494034
190.794	0.487434
190.844	0.489553
190.892	0.495622
190.941	0.491354
190.99	0.492765
191.039	0.491777
191.088	0.490619
191.137	0.486782
191.187	0.485594
191.236	0.489201
191.285	0.493873
191.334	0.495106
191.383	0.494619
191.432	0.487937
191.482	0.488557
191.53	0.494991
191.579	0.493869
191.629	0.492037
191.677	0.501092
191.727	0.489125
191.775	0.495443
191.824	0.496002
191.873	0.492818
191.922	0.493189
191.971	0.49542
192.021	0.490888
192.07	0.493525
192.118	0.503987
192.167	0.49413
192.216	0.499876
192.265	0.491669
192.315	0.493984
192.363	0.502048
192.412	0.501376
192.461	0.490894
192.51	0.49919
192.559	0.493877
192.608	0.496196
192.657	0.499024
192.706	0.498721
192.755	0.501678
192.804	0.490726
192.853	0.495477
192.903	0.493493
192.952	0.499893
193	0.498875
193.049	0.502805
193.098	0.494934
193.147	0.498212
193.197	0.492141
193.246	0.500196
193.294	0.498053
193.344	0.493317
193.393	0.49157
193.442	0.500421
193.491	0.502296
193.54	0.494636
193.589	0.500215
193.638	0.494181
193.688	0.49507
193.735	0.51292
193.784	0.500295
193.834	0.49059
193.883	0.498038
193.932	0.492332
193.982	0.495536
194.031	0.499118
194.08	0.492887
194.129	0.503661
194.178	0.49774
194.227	0.49865
194.276	0.500529
194.325	0.499546
194.375	0.498018
194.424	0.499531
194.473	0.502792
194.522	0.494179
194.571	0.50546
194.62	0.500542
194.669	0.497047
194.718	0.498411
194.767	0.500154
194.816	0.503164
194.865	0.501918
194.915	0.498875
194.963	0.50471
195.013	0.501228
195.061	0.506853
195.111	0.500317
195.16	0.498418
195.209	0.507036
195.259	0.494554
195.307	0.517364
195.356	0.500172
195.405	0.503232
195.454	0.505266
195.503	0.503676
195.552	0.502037
195.601	0.506905
195.65	0.511435
195.698	0.508399
195.748	0.500985
195.797	0.510936
195.846	0.50332
195.895	0.507906
195.944	0.50969
195.992	0.511158
196.042	0.500758
196.09	0.513177
196.139	0.506708
196.189	0.506282
196.237	0.510464
196.286	0.51274
196.335	0.501055
196.384	0.516712
196.433	0.50371
196.482	0.510465
196.531	0.508588
196.58	0.510502
196.629	0.512047
196.677	0.517242
196.726	0.503917
196.775	0.510584
196.824	0.510155
196.873	0.513923
196.922	0.509041
196.971	0.514905
197.02	0.507988
197.069	0.511168
197.118	0.507931
197.167	0.515435
197.216	0.502642
197.264	0.518929
197.313	0.512193
197.362	0.510718
197.411	0.51443
197.46	0.50994
197.509	0.509972
197.559	0.508067
197.608	0.510495
197.656	0.515776
197.705	0.513905
197.754	0.514418
197.803	0.504623
197.852	0.512161
197.902	0.507553
197.95	0.512277
198	0.509194
198.049	0.511732
198.097	0.517634
198.146	0.51078
198.195	0.518842
198.244	0.507565
198.293	0.511826
198.342	0.513875
198.392	0.508866
198.439	0.527472
198.489	0.504483
198.537	0.51852
198.587	0.504358
198.636	0.516861
198.684	0.517452
198.734	0.507736
198.783	0.512438
198.832	0.512867
198.881	0.514597
198.93	0.516554
198.979	0.510941
199.028	0.517756
199.077	0.515439
199.126	0.51833
199.175	0.507828
199.224	0.517914
199.273	0.510553
199.322	0.518956
199.371	0.509936
199.421	0.510518
199.469	0.51711
199.519	0.513173
199.568	0.511052
199.616	0.525208
199.666	0.510347
199.715	0.514883
199.764	0.512968
199.813	0.525852
199.862	0.509907
199.912	0.509819
199.961	0.514004
200.009	0.52718
200.059	0.509986
200.108	0.519014
200.157	0.518282
200.205	0.518881
200.255	0.51498
200.304	0.515851
200.353	0.512267
200.402	0.519219
200.452	0.514921
200.5	0.522429
200.55	0.511809
200.598	0.524376
200.647	0.517915
200.697	0.517194
200.745	0.522404
200.795	0.516026
200.844	0.523672
200.892	0.521799
200.942	0.51346
200.991	0.519408
201.04	0.529947
201.089	0.520825
201.138	0.514725
201.186	0.528812
201.236	0.517193
201.285	0.524501
201.334	0.519422
201.383	0.51895
201.432	0.528313
201.481	0.520756
201.53	0.524514
201.578	0.526329
201.627	0.527286
201.677	0.516537
201.726	0.522135
201.775	0.526251
201.823	0.525475
201.873	0.516774
201.922	0.524386
201.97	0.528537
202.019	0.526295
202.068	0.524533
202.117	0.524282
202.166	0.523995
202.215	0.52945
202.265	0.517024
202.313	0.530796
202.362	0.527401
202.411	0.52551
202.46	0.523876
202.509	0.526685
202.557	0.529887
202.607	0.517689
202.656	0.526878
202.705	0.525199
202.753	0.529948
202.802	0.522114
202.852	0.516882
202.9	0.530727
202.948	0.532326
202.998	0.519633
203.047	0.523424
203.096	0.527581
203.144	0.52892
203.194	0.518925
203.243	0.52244
203.292	0.523688
203.34	0.5286
203.39	0.518343
203.438	0.531158
203.488	0.517499
203.537	0.525959
203.586	0.523658
203.635	0.523222
203.683	0.526188
203.733	0.519464
203.782	0.52107
203.831	0.526076
203.88	0.52304
203.929	0.531383
203.978	0.52867
204.027	0.521396
204.076	0.530022
204.125	0.522798
204.175	0.525542
204.223	0.532419
204.273	0.518648
204.321	0.536112
204.371	0.519899
204.419	0.535867
204.469	0.526016
204.518	0.528721
204.567	0.520787
204.616	0.532092
204.665	0.522034
204.713	0.543156
204.763	0.522164
204.812	0.52916
204.861	0.523148
204.91	0.530648
204.959	0.52867
205.008	0.527827
205.057	0.529775
205.107	0.521172
205.155	0.531824
205.205	0.521142
205.254	0.527789
205.303	0.527867
205.352	0.524216
205.401	0.527156
205.451	0.523301
205.499	0.531025
205.549	0.524205
205.598	0.528347
205.647	0.523519
205.696	0.533078
205.745	0.52737
205.794	0.529029
205.844	0.520181
205.892	0.532062
205.942	0.521773
205.991	0.529085
206.04	0.527641
206.089	0.53177
206.139	0.517759
206.188	0.53548
206.236	0.534463
206.285	0.529568
206.335	0.526301
206.384	0.532483
206.433	0.525455
206.482	0.532717
206.532	0.529119
206.58	0.535554
206.63	0.528871
206.679	0.527781
206.728	0.532537
206.777	0.529348
206.827	0.52615
206.876	0.532777
206.925	0.532501
206.974	0.536327
207.024	0.530364
207.072	0.53899
207.122	0.528856
207.171	0.531005
207.22	0.537516
207.269	0.530546
207.318	0.534713
207.367	0.541477
207.417	0.521875
207.465	0.547708
207.515	0.52735
207.564	0.540139
207.613	0.528893
207.662	0.536787
207.711	0.535139
207.76	0.536031
207.809	0.53375
207.858	0.537181
207.907	0.534719
207.957	0.529607
208.006	0.536797
208.055	0.541166
208.104	0.532928
208.153	0.537866
208.202	0.536978
208.251	0.543417
208.3	0.534607
208.349	0.541647
208.398	0.536068
208.447	0.5393
208.497	0.529327
208.545	0.544767
208.595	0.529332
208.644	0.546149
208.693	0.532897
208.742	0.541351
208.791	0.539804
208.84	0.537447
208.89	0.535403
208.938	0.542894
208.987	0.539921
209.036	0.535378
209.086	0.532499
209.135	0.536074
209.184	0.544752
209.233	0.538292
209.282	0.533736
209.331	0.539891
209.38	0.54106
209.429	0.542894
209.478	0.540646
209.527	0.543861
209.577	0.535022
209.626	0.538292
209.675	0.54215
209.724	0.536944
209.773	0.535967
209.822	0.540682
209.871	0.540253
209.921	0.536449
209.97	0.537467
210.019	0.535722
210.069	0.5328
210.118	0.544039
210.167	0.544597
210.216	0.535699
210.265	0.544531
210.314	0.541151
210.364	0.536379
210.413	0.546468
210.462	0.543915
210.511	0.542826
210.561	0.533892
210.61	0.542547
210.659	0.539527
210.708	0.54136
210.757	0.540498
210.807	0.536838
210.856	0.545355
210.905	0.543011
210.954	0.537303
211.002	0.55763
211.052	0.538713
211.102	0.535724
211.15	0.546164
211.2	0.543924
211.249	0.539101
211.299	0.542054
211.348	0.543275
211.397	0.548276
211.446	0.53972
211.495	0.548064
211.545	0.539926
211.594	0.545322
211.643	0.546986
211.692	0.544836
211.742	0.540637
211.79	0.554651
211.84	0.537564
211.889	0.547708
211.938	0.546206
211.988	0.539804
212.037	0.547443
212.086	0.54542
212.135	0.543683
212.185	0.540561
212.234	0.549249
212.284	0.538399
212.332	0.552256
212.382	0.543841
212.431	0.544689
212.481	0.541542
212.529	0.555941
212.578	0.542384
212.627	0.549755
212.676	0.5474
212.726	0.545287
212.775	0.541592
212.825	0.547255
212.874	0.54307
212.923	0.548826
212.972	0.544295
213.021	0.547611
213.071	0.545395
213.12	0.546249
213.169	0.545132
213.218	0.543866
213.268	0.545723
213.317	0.547019
213.366	0.549248
213.415	0.549149
213.465	0.536316
213.513	0.559003
213.563	0.539702
213.612	0.549733
213.661	0.543124
213.71	0.549251
213.76	0.541045
213.809	0.552743
213.858	0.548315
213.907	0.547275
213.956	0.5459
214.005	0.548489
214.055	0.547897
214.103	0.557708
214.153	0.541648
214.201	0.55732
214.251	0.542894
214.3	0.553058
214.349	0.551391
214.398	0.551145
214.447	0.550151
214.497	0.546674
214.546	0.551202
214.595	0.546035
214.644	0.549665
214.693	0.555287
214.742	0.552645
214.791	0.552153
214.84	0.554913
214.889	0.550407
214.939	0.54243
214.987	0.55831
215.037	0.550784
215.086	0.551694
215.135	0.54565
215.184	0.549449
215.233	0.554739
215.282	0.549843
215.331	0.553772
215.38	0.546044
215.429	0.555231
215.479	0.548709
215.528	0.548883
215.577	0.547635
215.627	0.550623
215.675	0.559621
215.725	0.548735
215.773	0.561535
215.822	0.557206
215.872	0.548039
215.92	0.558352
215.97	0.546445
216.019	0.55038
216.069	0.55088
216.118	0.544796
216.168	0.552479
216.216	0.555442
216.265	0.558961
216.315	0.544478
216.364	0.551969
216.414	0.549792
216.463	0.553564
216.512	0.553047
216.561	0.557193
216.61	0.548445
216.66	0.548289
216.708	0.561062
216.757	0.555335
216.807	0.546922
216.857	0.55195
216.906	0.551946
216.955	0.556967
217.004	0.551301
217.053	0.559881
217.103	0.549408
217.152	0.554831
217.201	0.554475
217.251	0.552251
217.3	0.552208
217.348	0.563416
217.398	0.546371
217.447	0.556479
217.497	0.548265
217.547	0.549193
217.596	0.554149
217.645	0.558553
217.694	0.548016
217.743	0.560698
217.793	0.555921
217.841	0.561341
217.891	0.558295
217.94	0.553133
217.99	0.553108
218.039	0.559081
218.088	0.550336
218.137	0.564467
218.187	0.553333
218.236	0.555856
218.285	0.556973
218.334	0.555085
218.383	0.557205
218.432	0.561535
218.482	0.55048
218.531	0.555149
218.58	0.559663
218.63	0.555753
218.679	0.563381
218.728	0.556257
218.777	0.559088
218.827	0.551867
218.875	0.567268
218.925	0.555612
218.973	0.562714
219.023	0.552359
219.072	0.5589
219.122	0.560402
219.17	0.564319
219.22	0.559178
219.269	0.558164
219.318	0.557069
219.367	0.566388
219.417	0.555056
219.466	0.559888
219.515	0.561768
219.564	0.568951
219.613	0.559274
219.663	0.556013
219.712	0.561967
219.761	0.569361
219.81	0.570175
219.86	0.555851
219.909	0.557584
219.959	0.557163
220.008	0.572356
220.057	0.563892
220.106	0.564159
220.155	0.560915
220.204	0.561617
220.254	0.562375
220.303	0.562345
220.352	0.563955
220.402	0.554816
220.451	0.562979
220.5	0.569834
220.549	0.56219
220.599	0.557284
220.648	0.560153
220.697	0.570546
220.747	0.551619
220.796	0.56562
220.845	0.564414
220.895	0.552052
220.943	0.567597
220.993	0.561714
221.042	0.55849
221.092	0.563839
221.141	0.564049
221.19	0.564554
221.239	0.563804
221.288	0.569268
221.339	0.551221
221.387	0.569761
221.436	0.568049
221.485	0.563809
221.535	0.559015
221.584	0.56595
221.634	0.559109
221.682	0.57473
221.732	0.558941
221.782	0.560056
221.831	0.567609
221.88	0.571885
221.929	0.563807
221.978	0.569816
222.028	0.565372
222.076	0.571772
222.126	0.557235
222.175	0.570414
222.226	0.551393
222.274	0.573096
222.324	0.561763
222.372	0.576576
222.422	0.555297
222.471	0.569408
222.521	0.568323
222.57	0.570542
222.619	0.569075
222.669	0.565518
222.718	0.5657
222.767	0.570155
222.817	0.559668
222.866	0.575245
222.916	0.566229
222.965	0.56731
223.014	0.56995
223.063	0.570759
223.112	0.573933
223.161	0.570315
223.211	0.566884
223.26	0.56859
223.31	0.56278
223.359	0.579324
223.408	0.566893
223.457	0.570417
223.507	0.571369
223.556	0.564929
223.605	0.571074
223.655	0.57015
223.703	0.575489
223.753	0.561252
223.802	0.573245
223.851	0.569989
223.901	0.566446
223.95	0.568649
224	0.569811
224.048	0.583829
224.098	0.563002
224.146	0.578176
224.196	0.569816
224.245	0.571495
224.294	0.568874
224.343	0.574673
224.393	0.573499
224.442	0.569822
224.491	0.575215
224.54	0.570951
224.589	0.573956
224.638	0.575779
224.688	0.570296
224.736	0.580118
224.785	0.578217
224.835	0.563128
224.884	0.583179
224.933	0.568652
224.982	0.576154
225.032	0.570996
225.081	0.571083
225.13	0.573395
225.179	0.579845
225.228	0.575061
225.277	0.57267
225.327	0.573958
225.375	0.577049
225.425	0.570977
225.474	0.570425
225.524	0.572013
225.572	0.581644
225.622	0.57008
225.671	0.578331
225.72	0.574859
225.769	0.57449
225.819	0.577549
225.868	0.577957
225.917	0.571376
225.966	0.578492
226.016	0.575123
226.065	0.577175
226.114	0.574826
226.164	0.569033
226.213	0.578217
226.262	0.57655
226.312	0.569871
226.36	0.58084
226.41	0.568004
226.459	0.582134
226.509	0.568448
226.558	0.582337
226.606	0.583882
226.656	0.572845
226.705	0.57237
226.755	0.573956
226.804	0.576254
226.853	0.576882
226.903	0.573404
226.952	0.582682
227.002	0.570651
227.051	0.581729
227.1	0.577985
227.149	0.585575
227.198	0.571268
227.247	0.583678
227.297	0.580046
227.346	0.577934
227.395	0.579063
227.445	0.576545
227.494	0.581947
227.543	0.5777
227.593	0.572115
227.642	0.582501
227.691	0.582649
227.74	0.579234
227.79	0.569804
227.839	0.588429
227.888	0.577569
227.938	0.577981
227.987	0.577775
228.036	0.579794
228.085	0.583118
228.134	0.585834
228.184	0.58123
228.233	0.581839
228.282	0.577221
228.332	0.578923
228.381	0.585001
228.43	0.587162
228.479	0.578064
228.529	0.579386
228.578	0.580894
228.627	0.591892
228.676	0.579491
228.725	0.583636
228.775	0.580275
228.824	0.583028
228.873	0.582434
228.923	0.580368
228.971	0.591705
229.021	0.574632
229.07	0.582453
229.119	0.584364
229.168	0.587773
229.218	0.578939
229.267	0.584021
229.316	0.586654
229.366	0.579175
229.415	0.592008
229.464	0.58559
229.513	0.587047
229.562	0.588852
229.612	0.584035
229.661	0.582893
229.71	0.591323
229.76	0.581165
229.808	0.598345
229.857	0.588384
229.906	0.584808
229.956	0.581424
230.004	0.598192
230.054	0.579565
230.103	0.589381
230.152	0.586377
230.202	0.587424
230.251	0.586527
230.3	0.587541
230.349	0.585993
230.398	0.586362
230.447	0.586358
230.497	0.588453
230.546	0.586955
230.595	0.584941
230.644	0.591097
230.693	0.592204
230.742	0.580677
230.792	0.582295
230.841	0.588009
230.89	0.585961
230.939	0.594057
230.988	0.58431
231.037	0.590452
231.087	0.583535
231.136	0.584102
231.186	0.589224
231.235	0.590753
231.283	0.596845
231.333	0.582681
231.382	0.58865
231.431	0.58711
231.48	0.59749
231.53	0.580939
231.579	0.59062
231.628	0.59112
231.677	0.591384
231.726	0.59139
231.776	0.58195
231.826	0.586887
231.874	0.598554
231.924	0.588144
231.973	0.594732
232.022	0.581017
232.072	0.591037
232.121	0.588501
232.17	0.589536
232.22	0.587699
232.269	0.588136
232.319	0.584735
232.368	0.590693
232.418	0.586281
232.467	0.583915
232.516	0.600744
232.565	0.590722
232.615	0.587714
232.664	0.592653
232.713	0.589796
232.763	0.586014
232.812	0.590941
232.861	0.591678
232.91	0.588684
232.96	0.589006
233.009	0.585215
233.059	0.587232
233.108	0.593674
233.157	0.593813
233.206	0.588789
233.256	0.594033
233.305	0.58971
233.354	0.592569
233.404	0.588688
233.453	0.600626
233.502	0.589499
233.552	0.588998
233.601	0.591439
233.65	0.599498
233.699	0.588899
233.749	0.583657
233.798	0.601943
233.847	0.586593
233.896	0.597201
233.945	0.596989
233.995	0.588936
234.044	0.59536
234.093	0.59682
234.143	0.593121
234.192	0.591235
234.241	0.595301
234.29	0.601265
234.339	0.588017
234.389	0.592403
234.438	0.592852
234.487	0.595
234.537	0.589619
234.585	0.602661
234.635	0.591634
234.684	0.597611
234.733	0.596234
234.782	0.593241
234.832	0.592737
234.881	0.596118
234.93	0.59528
234.98	0.595418
235.029	0.589823
235.078	0.601403
235.127	0.596407
235.176	0.5969
235.225	0.600715
235.275	0.592866
235.325	0.588232
235.374	0.601439
235.424	0.587939
235.473	0.605415
235.522	0.597568
235.571	0.601594
235.62	0.594367
235.67	0.590245
235.719	0.604657
235.769	0.591395
235.818	0.600077
235.867	0.596277
235.917	0.591988
235.966	0.605976
236.014	0.606005
236.064	0.589407
236.113	0.602461
236.163	0.596309
236.212	0.600425
236.261	0.597973
236.31	0.600157
236.359	0.598761
236.409	0.592227
236.458	0.600136
236.507	0.595556
236.557	0.599192
236.606	0.600231
236.655	0.590929
236.704	0.59965
236.754	0.59224
236.803	0.599263
236.852	0.599392
236.901	0.604813
236.951	0.589016
237	0.602011
237.049	0.597677
237.098	0.598456
237.148	0.596505
237.197	0.603995
237.247	0.587452
237.296	0.607362
237.345	0.59859
237.394	0.597365
237.443	0.599851
237.493	0.593848
237.542	0.601886
237.592	0.593802
237.641	0.603414
237.69	0.600657
237.739	0.59727
237.788	0.60454
237.838	0.597294
237.888	0.597725
237.937	0.603199
237.986	0.60382
238.036	0.594305
238.085	0.599467
238.133	0.611232
238.183	0.595293
238.233	0.595174
238.282	0.605943
238.332	0.592193
238.38	0.610513
238.43	0.594753
238.48	0.602397
238.529	0.606703
238.578	0.598804
238.627	0.603202
238.677	0.600087
238.726	0.60149
238.776	0.603582
238.825	0.603188
238.874	0.603868
238.923	0.606204
238.973	0.598504
239.023	0.592114
239.072	0.607962
239.121	0.603524
239.171	0.605601
239.221	0.595998
239.27	0.608291
239.318	0.608781
239.368	0.601893
239.418	0.595143
239.466	0.616029
239.516	0.59997
239.564	0.610292
239.614	0.600344
239.664	0.596476
239.713	0.60245
239.762	0.607342
239.812	0.595028
239.861	0.604768
239.91	0.610612
239.959	0.601459
240.008	0.607711
240.058	0.603327
240.107	0.601292
240.157	0.604194
240.206	0.606555
240.255	0.600423
240.304	0.607851
240.353	0.604973
240.402	0.603954
240.452	0.597061
240.501	0.608171
240.551	0.592548
240.6	0.609931
240.649	0.607542
240.699	0.604432
240.748	0.603698
240.798	0.598949
240.847	0.611299
240.896	0.606667
240.945	0.608666
240.994	0.604898
241.044	0.604223
241.093	0.605141
241.142	0.60862
241.191	0.603809
241.241	0.6063
241.291	0.594466
241.339	0.620926
241.39	0.592126
241.438	0.614276
241.488	0.60334
241.537	0.604638
241.586	0.611907
241.635	0.609853
241.685	0.598045
241.735	0.608515
241.784	0.602764
241.833	0.611712
241.882	0.609521
241.931	0.608934
241.981	0.598698
242.031	0.610059
242.08	0.609294
242.129	0.607549
242.178	0.612287
242.228	0.609757
242.277	0.608687
242.326	0.609586
242.376	0.603116
242.426	0.60637
242.475	0.613768
242.524	0.609585
242.574	0.610925
242.623	0.611469
242.673	0.60077
242.721	0.62271
242.77	0.613398
242.821	0.600943
242.87	0.614539
242.919	0.611651
242.968	0.614365
243.018	0.608592
243.067	0.61524
243.116	0.613385
243.166	0.607371
243.215	0.609648
243.265	0.610676
243.314	0.611079
243.364	0.610266
243.412	0.61679
243.461	0.617425
243.511	0.603108
243.56	0.620092
243.61	0.604145
243.659	0.614812
243.709	0.602863
243.758	0.622724
243.807	0.614973
243.856	0.610749
243.906	0.608101
243.955	0.616271
244.005	0.607484
244.054	0.61393
244.103	0.6208
244.152	0.610977
244.201	0.618306
244.25	0.610799
244.3	0.60743
244.349	0.621462
244.398	0.61207
244.448	0.605704
244.496	0.626595
244.545	0.613646
244.596	0.604852
244.644	0.620121
244.694	0.612428
244.743	0.619366
244.792	0.614537
244.841	0.616903
244.89	0.615402
244.94	0.60579
244.989	0.616428
245.038	0.616217
245.087	0.611414
245.136	0.617682
245.186	0.607707
245.235	0.623335
245.284	0.61023
245.334	0.614019
245.382	0.625637
245.432	0.609568
245.482	0.609435
245.53	0.626055
245.579	0.618821
245.629	0.61265
245.678	0.621858
245.727	0.619494
245.777	0.606351
245.825	0.620438
245.875	0.613726
245.923	0.626377
245.973	0.611214
246.022	0.612457
246.072	0.616715
246.121	0.614811
246.17	0.622718
246.219	0.614046
246.268	0.62386
246.317	0.614241
246.367	0.613198
246.416	0.619786
246.465	0.618344
246.513	0.627974
246.563	0.605864
246.612	0.621042
246.662	0.612704
246.711	0.618871
246.76	0.617035
246.809	0.622987
246.859	0.610039
246.908	0.62165
246.957	0.621604
247.006	0.616031
247.055	0.617663
247.105	0.615206
247.154	0.620665
247.204	0.612181
247.253	0.617997
247.302	0.619643
247.351	0.618824
247.4	0.619353
247.449	0.617533
247.499	0.620482
247.548	0.620406
247.598	0.611916
247.647	0.622121
247.696	0.623303
247.746	0.608657
247.795	0.618534
247.844	0.620388
247.893	0.618305
247.943	0.620208
247.992	0.619989
248.041	0.613784
248.09	0.622566
248.14	0.611638
248.189	0.622002
248.238	0.621521
248.288	0.617311
248.337	0.617113
248.386	0.621374
248.436	0.614461
248.485	0.620663
248.534	0.618095
248.584	0.619184
248.633	0.618567
248.683	0.613872
248.732	0.624386
248.781	0.625074
248.83	0.617641
248.88	0.614863
248.93	0.615386
248.978	0.625846
249.028	0.623773
249.077	0.620087
249.126	0.619136
249.175	0.629422
249.225	0.611619
249.274	0.631554
249.324	0.617955
249.374	0.617962
249.422	0.629271
249.472	0.618194
249.522	0.61878
249.571	0.625688
249.62	0.620084
249.67	0.620666
249.719	0.624457
249.769	0.613412
249.818	0.624457
249.867	0.626249
249.917	0.619499
249.966	0.624449
250.015	0.630403
250.065	0.624775
250.114	0.622927
250.163	0.628569
250.213	0.617237
250.263	0.620502
250.311	0.633388
250.361	0.623348
250.41	0.627661
250.46	0.61383
250.509	0.630445
250.559	0.620114
250.608	0.626137
250.657	0.626714
250.706	0.636316
250.755	0.625841
250.804	0.626866
250.853	0.628188
250.903	0.621915
250.952	0.619971
251.002	0.622221
251.051	0.628896
251.1	0.62162
251.15	0.625775
251.199	0.62812
251.248	0.627191
251.297	0.620707
251.347	0.624959
251.396	0.622886
251.445	0.629735
251.494	0.635244
251.544	0.617078
251.594	0.619816
251.642	0.635624
251.692	0.620668
251.741	0.629697
251.791	0.620788
251.84	0.631371
251.89	0.618775
251.938	0.631738
251.988	0.627581
252.037	0.630862
252.086	0.626168
252.136	0.619286
252.185	0.629877
252.235	0.621451
252.284	0.626829
252.333	0.632843
252.382	0.628214
252.432	0.61638
252.481	0.623115
252.531	0.624678
252.58	0.624232
252.629	0.633985
252.679	0.62004
252.727	0.637047
252.777	0.618921
252.827	0.621618
252.876	0.62956
252.925	0.625185
252.975	0.623877
253.024	0.625982
253.073	0.629504
253.123	0.625434
253.172	0.627673
253.221	0.627119
253.271	0.626588
253.321	0.620636
253.37	0.623624
253.42	0.62701
253.469	0.635427
253.518	0.622033
253.568	0.623271
253.617	0.631766
253.666	0.629486
253.716	0.623123
253.766	0.625093
253.815	0.62999
253.864	0.625344
253.914	0.6321
253.963	0.624981
254.012	0.628641
254.063	0.617382
254.112	0.626577
254.161	0.633142
254.211	0.627847
254.26	0.626826
254.31	0.626377
254.359	0.636948
254.408	0.635193
254.457	0.62408
254.507	0.630898
254.557	0.623029
254.606	0.63576
254.656	0.624573
254.704	0.641382
254.754	0.62971
254.803	0.629258
254.852	0.634498
254.902	0.62873
254.952	0.628556
255.001	0.636661
255.05	0.632079
255.099	0.637753
255.149	0.630404
255.198	0.635123
255.248	0.626916
255.297	0.641039
255.346	0.635919
255.395	0.638306
255.445	0.628377
255.494	0.631554
255.543	0.636213
255.593	0.633388
255.642	0.640957
255.691	0.637499
255.74	0.630526
255.79	0.632871
255.839	0.646286
255.888	0.629546
255.938	0.640487
255.987	0.633802
256.036	0.642355
256.086	0.631732
256.134	0.645356
256.184	0.630692
256.233	0.639483
256.283	0.632297
256.332	0.643695
256.381	0.642402
256.43	0.639691
256.479	0.636691
256.529	0.635576
256.578	0.639557
256.627	0.645039
256.677	0.628788
256.725	0.648548
256.775	0.635077
256.824	0.636315
256.873	0.644913
256.922	0.639274
256.972	0.637349
257.021	0.636079
257.07	0.64091
257.119	0.638512
257.168	0.648973
257.217	0.633049
257.267	0.633967
257.316	0.642395
257.365	0.634613
257.415	0.638277
257.463	0.643714
257.513	0.633658
257.562	0.642612
257.611	0.63942
257.66	0.63815
257.71	0.627162
257.759	0.640071
257.808	0.643668
257.858	0.635809
257.907	0.639594
257.957	0.633166
258.006	0.640749
258.055	0.636241
258.103	0.652029
258.153	0.635852
258.202	0.637924
258.252	0.635395
258.301	0.638682
258.35	0.647889
258.4	0.634059
258.448	0.645776
258.498	0.63805
258.547	0.639967
258.596	0.642811
258.646	0.632928
258.695	0.644741
258.744	0.638183
258.794	0.6334
258.843	0.644501
258.893	0.63768
258.942	0.646568
258.991	0.641433
259.04	0.638015
259.09	0.641045
259.139	0.64019
259.189	0.637112
259.237	0.65051
259.286	0.640341
259.336	0.633996
259.386	0.636442
259.434	0.646321
259.484	0.633442
259.533	0.639922
259.583	0.635952
259.632	0.637253
259.681	0.642119
259.73	0.64749
259.78	0.637016
259.829	0.636844
259.879	0.631925
259.928	0.644943
259.978	0.634651
260.026	0.643466
260.076	0.63585
260.126	0.634323
260.174	0.647138
260.224	0.632985
260.273	0.649863
260.322	0.640263
260.371	0.641694
260.421	0.640369
260.47	0.643638
260.519	0.643637
260.569	0.633939
260.618	0.643582
260.668	0.641054
260.716	0.646434
260.766	0.6385
260.816	0.633559
260.865	0.651507
260.913	0.65217
260.963	0.630872
261.013	0.644463
261.062	0.641249
261.111	0.649525
261.16	0.646469
261.21	0.636505
261.259	0.646907
261.308	0.64791
261.357	0.641076
261.406	0.646078
261.456	0.636176
261.505	0.650002
261.554	0.640962
261.604	0.643115
261.653	0.639474
261.703	0.647133
261.752	0.641428
261.801	0.653501
261.85	0.645961
261.9	0.639096
261.948	0.656811
261.998	0.641931
262.047	0.646307
262.097	0.639608
262.146	0.644647
262.195	0.643703
262.244	0.65342
262.294	0.639467
262.342	0.654824
262.392	0.644599
262.442	0.640429
262.491	0.651193
262.54	0.643011
262.589	0.654538
262.639	0.640836
262.688	0.651117
262.737	0.649322
262.786	0.650331
262.836	0.644056
262.885	0.646624
262.934	0.654281
262.983	0.645993
263.033	0.645931
263.083	0.640505
263.132	0.650154
263.181	0.64965
263.23	0.648971
263.28	0.641412
263.329	0.653536
263.378	0.645904
263.428	0.640851
263.477	0.65948
263.525	0.66258
263.575	0.637334
263.625	0.644103
263.674	0.650222
263.723	0.650538
263.773	0.651351
263.822	0.644228
263.871	0.652898
263.921	0.647272
263.97	0.652619
264.02	0.642314
264.069	0.653776
264.118	0.658711
264.168	0.643198
264.217	0.653843
264.266	0.650218
264.315	0.651017
264.365	0.644556
264.415	0.650489
264.463	0.659234
264.513	0.640149
264.562	0.659078
264.611	0.650802
264.661	0.654418
264.71	0.64597
264.759	0.656733
264.809	0.644837
264.858	0.657536
264.908	0.653628
264.957	0.654871
265.006	0.652759
265.055	0.658304
265.104	0.653557
265.153	0.661568
265.202	0.656456
265.252	0.642586
265.302	0.649284
265.35	0.658909
265.4	0.654693
265.448	0.661251
265.498	0.647179
265.547	0.661474
265.596	0.656809
265.645	0.666133
265.694	0.650345
265.744	0.648205
265.794	0.649702
265.842	0.659818
265.892	0.655899
265.941	0.656494
265.99	0.656553
266.039	0.659352
266.088	0.654916
266.137	0.658193
266.186	0.660716
266.235	0.655696
266.285	0.650323
266.333	0.668982
266.382	0.652959
266.431	0.663669
266.481	0.648309
266.53	0.661289
266.579	0.65562
266.628	0.666255
266.677	0.647442
266.726	0.661405
266.775	0.662027
266.824	0.658049
266.873	0.655977
266.922	0.662593
266.971	0.661159
267.02	0.654227
267.069	0.660458
267.119	0.64736
267.168	0.659275
267.217	0.65944
267.267	0.656591
267.316	0.658506
267.365	0.659615
267.414	0.653622
267.463	0.661067
267.512	0.660657
267.561	0.664575
267.61	0.658833
267.659	0.660399
267.708	0.657407
267.757	0.66185
267.807	0.651996
267.856	0.661074
267.905	0.653831
267.954	0.663631
268.003	0.658993
268.052	0.659519
268.101	0.656276
268.151	0.653749
268.201	0.65162
268.249	0.669354
268.298	0.662945
268.347	0.661952
268.396	0.660796
268.446	0.655334
268.495	0.661995
268.544	0.663653
268.593	0.655601
268.642	0.659483
268.692	0.648166
268.741	0.665139
268.79	0.664246
268.839	0.660864
268.889	0.656091
268.937	0.667339
268.987	0.659643
269.036	0.653834
269.086	0.66156
269.135	0.663355
269.184	0.662605
269.233	0.660303
269.282	0.662853
269.331	0.661244
269.381	0.656998
269.43	0.657523
269.479	0.669914
269.528	0.653195
269.578	0.656841
269.627	0.666188
269.676	0.658241
269.726	0.662682
269.775	0.664699
269.824	0.65878
269.873	0.666009
269.922	0.66018
269.97	0.683731
270.019	0.664399
270.069	0.655542
270.118	0.661038
270.168	0.663417
270.216	0.668973
270.266	0.661212
270.315	0.659584
270.364	0.670012
270.413	0.662257
270.462	0.663075
270.512	0.655618
270.561	0.673249
270.61	0.655653
270.66	0.66278
270.709	0.667152
270.757	0.66893
270.807	0.658906
270.856	0.665562
270.905	0.66824
270.954	0.670227
271.003	0.659784
271.052	0.665173
271.102	0.662409
271.15	0.670189
271.2	0.65417
271.248	0.675098
271.297	0.670481
271.347	0.661299
271.396	0.659981
271.445	0.67502
271.494	0.661882
271.543	0.671934
271.591	0.677477
271.641	0.65867
271.69	0.665126
271.739	0.661914
271.789	0.663916
271.837	0.673449
271.886	0.671409
271.936	0.660871
271.985	0.662371
272.034	0.665659
272.083	0.6708
272.132	0.668674
272.181	0.661527
272.23	0.665806
272.279	0.670032
272.328	0.669796
272.377	0.661322
272.426	0.668275
272.476	0.665185
272.524	0.676121
272.574	0.660046
272.623	0.666109
272.672	0.665857
272.721	0.662098
272.77	0.665565
272.819	0.668609
272.869	0.665238
272.917	0.669513
272.967	0.663894
273.016	0.662702
273.065	0.670958
273.114	0.665662
273.163	0.664259
273.212	0.665932
273.261	0.670122
273.31	0.665471
273.36	0.660655
273.409	0.67451
273.459	0.658445
273.507	0.679929
273.556	0.660184
273.605	0.669647
273.655	0.656224
273.704	0.676306
273.753	0.667242
273.803	0.658579
273.852	0.660904
273.901	0.674783
273.951	0.658186
274	0.668606
274.049	0.665279
274.098	0.66947
274.148	0.668829
274.197	0.670652
274.246	0.66424
274.295	0.674225
274.345	0.660928
274.393	0.67243
274.443	0.668928
274.492	0.667794
274.541	0.666801
274.59	0.667925
274.64	0.665291
274.689	0.67398
274.738	0.661569
274.787	0.673533
274.836	0.668494
274.886	0.667577
274.935	0.664844
274.984	0.670958
275.034	0.663151
275.083	0.671479
275.133	0.664892
275.181	0.679056
275.231	0.668053
275.28	0.673192
275.329	0.664716
275.378	0.6727
275.428	0.666739
275.478	0.662313
275.526	0.676778
275.576	0.670537
275.625	0.670797
275.674	0.670643
275.723	0.672112
275.772	0.673337
275.822	0.669426
275.871	0.669759
275.92	0.671527
275.969	0.670225
276.019	0.668713
276.068	0.671056
276.117	0.678724
276.167	0.659378
276.216	0.673792
276.265	0.669042
276.314	0.674417
276.363	0.675624
276.412	0.676368
276.462	0.665342
276.511	0.67526
276.56	0.674692
276.609	0.674556
276.658	0.672762
276.708	0.666156
276.757	0.673472
276.806	0.672436
276.855	0.672935
276.905	0.66608
276.955	0.666175
277.004	0.67238
277.053	0.676681
277.102	0.668141
277.152	0.672361
277.201	0.677373
277.25	0.675162
277.299	0.669282
277.349	0.671787
277.398	0.670142
277.448	0.66789
277.497	0.678829
277.547	0.660129
277.596	0.675971
277.645	0.675032
277.694	0.673814
277.743	0.67716
277.793	0.670797
277.842	0.674779
277.891	0.669739
277.94	0.679167
277.99	0.675082
278.039	0.667877
278.088	0.681349
278.138	0.670068
278.187	0.673648
278.236	0.675401
278.286	0.671455
278.335	0.673959
278.384	0.676388
278.434	0.668339
278.484	0.669624
278.533	0.676038
278.582	0.683218
278.631	0.680707
278.68	0.672504
278.729	0.67863
278.778	0.680642
278.828	0.67484
278.877	0.672876
278.926	0.68361
278.975	0.678798
279.025	0.673606
279.074	0.677092
279.123	0.683627
279.173	0.666325
279.222	0.68313
279.272	0.669262
279.32	0.693631
279.369	0.682387
279.418	0.673792
279.467	0.683073
279.516	0.682505
279.566	0.671263
279.615	0.688436
279.664	0.68225
279.713	0.681227
279.763	0.676552
279.811	0.69038
279.861	0.678252
279.91	0.680312
279.958	0.691869
280.007	0.696523
280.057	0.670107
280.106	0.677247
280.155	0.682084
280.205	0.670162
280.254	0.68848
280.303	0.675591
280.352	0.681622
280.401	0.685069
280.45	0.687133
280.5	0.674338
280.549	0.679287
280.598	0.691329
280.647	0.685858
280.696	0.679122
280.744	0.6929
280.794	0.668354
280.843	0.687205
280.892	0.686186
280.941	0.680452
280.99	0.686807
281.039	0.673709
281.088	0.684144
281.137	0.680005
281.187	0.672498
281.235	0.694723
281.284	0.689378
281.334	0.676372
281.383	0.677885
281.432	0.687067
281.481	0.674897
281.53	0.689587
281.579	0.683844
281.628	0.676768
281.678	0.678739
281.726	0.691945
281.775	0.679633
281.825	0.672429
281.874	0.685373
281.923	0.681318
281.972	0.68675
282.021	0.678796
282.07	0.687201
282.12	0.674304
282.168	0.694536
282.218	0.672098
282.267	0.679935
282.316	0.677844
282.365	0.684579
282.414	0.682976
282.464	0.680773
282.513	0.685191
282.562	0.67923
282.612	0.675579
282.661	0.68396
282.71	0.676529
282.758	0.693384
282.808	0.674908
282.857	0.687472
282.906	0.678358
282.955	0.68455
283.005	0.679359
283.055	0.676404
283.103	0.694941
283.152	0.687332
283.202	0.679115
283.25	0.691271
283.3	0.672135
283.349	0.691485
283.398	0.677485
283.448	0.679234
283.497	0.685867
283.546	0.691926
283.596	0.673235
283.645	0.687013
283.694	0.681696
283.744	0.677691
283.793	0.689098
283.841	0.698044
283.89	0.683787
283.94	0.680062
283.989	0.689938
284.039	0.673506
284.087	0.701561
284.137	0.682635
284.186	0.68661
284.235	0.683879
284.284	0.69442
284.333	0.678558
284.382	0.689606
284.432	0.684097
284.48	0.699352
284.53	0.680823
284.579	0.695819
284.628	0.682356
284.677	0.693768
284.726	0.687052
284.775	0.698897
284.824	0.690881
284.873	0.687698
284.922	0.697583
284.972	0.673795
285.021	0.694557