115.031638	0.211787941
115.076117	0.21080888
115.119742	0.213825736
115.163916	0.210122573
115.207892	0.210490329
115.252005	0.209828632
115.297018	0.205341942
115.341162	0.209917337
115.385596	0.208517127
115.429236	0.213475179
115.473425	0.212490408
115.517828	0.213457885
115.562125	0.215494021
115.606375	0.215730868
115.650839	0.213710683
115.694434	0.2165644
115.739157	0.210395861
115.783041	0.21425908
115.82775	0.209953152
115.872443	0.210100778
115.91619	0.213943242
115.960776	0.210178083
116.005087	0.213347907
116.049231	0.216866443
116.093253	0.219684321
116.13851	0.213219402
116.182211	0.220042031
116.227042	0.213601941
116.271201	0.216556287
116.31626	0.212488323
116.359702	0.221472936
116.404913	0.213436342
116.449194	0.218008288
116.493552	0.217888338
116.537802	0.219211864
116.582465	0.218312443
116.626822	0.220578078
116.67153	0.218557336
116.715903	0.219965356
116.76055	0.218400605
116.805548	0.216614425
116.849646	0.221120109
116.894369	0.218981285
116.938879	0.221718051
116.983206	0.224273068
117.028036	0.223394186
117.073202	0.222143416
117.117575	0.226409948
117.161917	0.226817844
117.206976	0.222681777
117.251623	0.224893457
117.296393	0.224312141
117.34104	0.224937744
117.385382	0.226563109
117.430777	0.221066848
117.474814	0.228702826
117.520316	0.222889054
117.564749	0.229650925
117.609503	0.228154568
117.654608	0.226173524
117.698935	0.229861956
117.743719	0.226884246
117.789145	0.223515618
117.833182	0.230426325
117.878256	0.225175419
117.922919	0.22800676
117.967749	0.227844331
118.012503	0.228554989
118.057684	0.227346421
118.102148	0.232592915
118.147009	0.231212422
118.192114	0.229558303
118.237128	0.229372074
118.282065	0.229525629
118.326788	0.230393198
118.3711	0.232184438
118.416113	0.228389576
118.46105	0.228978904
118.506262	0.228237123
118.551138	0.230651229
118.596152	0.231543621
118.641211	0.234146795
118.686514	0.23373427
118.73107	0.236784251
118.776358	0.230567048
118.821021	0.232259314
118.866186	0.229216107
118.910986	0.231454698
118.955985	0.230961951
119.001395	0.229330744
119.046072	0.234009212
119.090887	0.235352155
119.136175	0.234076657
119.181296	0.237119231
119.226508	0.236709331
119.271109	0.239116377
119.316382	0.233411747
119.361151	0.235016773
119.406393	0.232326609
119.451285	0.234587505
119.496848	0.231941837
119.542319	0.232713758
119.587256	0.236320242
119.632361	0.236021757
119.677527	0.236428599
119.722205	0.241404403
119.7676	0.238607826
119.812415	0.240789407
119.857871	0.235380718
119.903571	0.23224637
119.947943	0.238518558
119.993155	0.234624205
120.03855	0.234559523
120.084158	0.234477903
120.1285	0.242143453
120.174994	0.232315656
120.22019	0.240206796
120.264838	0.244761803
120.310614	0.240768287
120.355933	0.242719038
120.401358	0.240550358
120.446829	0.237974103
120.491782	0.23941091
120.537238	0.23688367
120.582449	0.239303689
120.627921	0.238729078
120.673254	0.239770145
120.718268	0.241106807
120.764059	0.236910141
120.809348	0.241268952
120.854849	0.242717193
120.900488	0.243495894
120.945151	0.24914206
120.990469	0.245261516
121.036978	0.238384457
121.081915	0.246926758
121.127417	0.244499992
121.173193	0.243073733
121.218115	0.247905207
121.263327	0.246487005
121.309058	0.244178407
121.354544	0.246200379
121.399786	0.250160249
121.445349	0.249485976
121.490485	0.250731627
121.536139	0.245316053
121.581793	0.242675888
121.627707	0.239744908
121.672858	0.244223927
121.718131	0.244989739
121.764319	0.241926032
121.809775	0.246601859
121.854666	0.25067107
121.900549	0.247320012
121.946341	0.25089436
121.991583	0.255609982
122.037253	0.254311563
122.082678	0.255493571
122.12821	0.25192497
122.173834	0.248601215
122.219687	0.246380479
122.265006	0.250006018
122.310843	0.248849679
122.356329	0.252683143
122.40177	0.254418317
122.447989	0.251822106
122.493491	0.257203979
122.538809	0.25865174
122.584555	0.256705504
122.630438	0.256230521
122.675803	0.258560614
122.720923	0.258310667
122.767127	0.250420812
122.812445	0.254241241
122.857916	0.253091881
122.903738	0.252263204
122.949484	0.254343649
122.995825	0.252908773
123.041006	0.261747446
123.087744	0.254448395
123.132987	0.263562118
123.179007	0.259004978
123.224173	0.263005308
123.270316	0.255723315
123.316305	0.25372001
123.361884	0.25410501
123.407935	0.250669959
123.453253	0.254845305
123.498984	0.253486545
123.545477	0.25128905
123.591376	0.257464017
123.63613	0.266336782
123.682837	0.257120307
123.728323	0.263675037
123.774176	0.260543327
123.821173	0.253844298
123.8664	0.263917421
123.912543	0.258651219
123.957281	0.264910296
124.003439	0.25560156
124.049643	0.255132869
124.095282	0.260094536
124.141058	0.262441514
124.187247	0.261984111
124.232825	0.266247123
124.279364	0.259880765
124.325278	0.26232096
124.370612	0.26539583
124.416678	0.261127809
124.462241	0.26439665
124.508337	0.261692742
124.554724	0.260182614
124.60076	0.26140091
124.645804	0.266955391
124.691779	0.262528054
124.738364	0.260295208
124.784705	0.263301347
124.82952	0.272411581
124.876349	0.261195957
124.922095	0.267990396
124.968298	0.266166306
125.013769	0.271061626
125.060294	0.265798447
125.106055	0.270420326
125.151572	0.271559627
125.198233	0.264396391
125.243597	0.271263357
125.289725	0.267511549
125.335974	0.269245379
125.381781	0.272819557
125.428549	0.267074369
125.474493	0.271507903
125.520071	0.273552781
125.56658	0.268550417
125.612204	0.274158686
125.658026	0.272875326
125.704688	0.268131846
125.750677	0.271101637
125.797232	0.267341903
125.843146	0.270831188
125.888724	0.27238595
125.934973	0.268322263
125.980399	0.273314141
126.026327	0.270615766
126.073813	0.263015319
126.119727	0.273097035
126.165381	0.275654926
126.211569	0.273695401
126.257941	0.273703812
126.304571	0.273024097
126.35047	0.277546154
126.396628	0.273791552
126.442938	0.269874217
126.488959	0.268870091
126.534644	0.270602296
126.581808	0.263899758
126.627966	0.271757038
126.673926	0.275027939
126.720053	0.275281486
126.766974	0.272718796
126.813086	0.278962585
126.859274	0.279728796
126.905081	0.282837627
126.951605	0.278369766
126.997595	0.280033209
127.044134	0.274404263
127.090079	0.276398906
127.136588	0.273601981
127.182806	0.276571702
127.229392	0.275767349
127.275534	0.279984268
127.321661	0.282552173
127.367941	0.283436542
127.41416	0.284750565
127.46015	0.286627775
127.506918	0.281011152
127.55387	0.278116481
127.599768	0.281426156
127.645972	0.276216001
127.692481	0.272341473
127.738745	0.27485734
127.785361	0.2742662
127.831824	0.276573931
127.877814	0.281640278
127.924414	0.280363344
127.970557	0.284716435
128.01705	0.283529241
128.063422	0.284928258
128.109686	0.285087168
128.155753	0.285595388
128.202017	0.282198853
128.248648	0.277825325
128.295096	0.277599045
128.341574	0.27745605
128.387885	0.280707902
128.433951	0.285276461
128.480521	0.284391288
128.526877	0.286524398
128.574301	0.279686014
128.620367	0.286772585
128.667273	0.280623142
128.712942	0.288196788
128.759573	0.282219349
128.805975	0.283972625
128.852148	0.284180247
128.898886	0.279637651
128.945273	0.282285201
128.991644	0.284961114
129.038184	0.286051832
129.084677	0.28816117
129.131125	0.290108636
129.17774	0.289484218
129.224219	0.290470134
129.270911	0.289406692
129.317801	0.28802565
129.363623	0.295082801
129.410422	0.288654429
129.456915	0.28921998
129.503058	0.29058431
129.550269	0.284804341
129.597388	0.287582793
129.643408	0.295966675
129.689719	0.295005015
129.73638	0.29300092
129.783118	0.29189651
129.829474	0.293330911
129.876791	0.287301604
129.92301	0.293987469
129.969427	0.292462156
130.015906	0.290339332
130.062735	0.28694656
130.108984	0.289855161
130.155737	0.288046416
130.20246	0.291079145
130.249625	0.290408431
130.295691	0.298400171
130.342688	0.292983643
130.389166	0.296259912
130.435889	0.294529607
130.482611	0.294019559
130.529013	0.295572095
130.575674	0.292762498
130.623175	0.285951875
130.668784	0.297132593
130.715735	0.28850799
130.762366	0.291983386
130.808752	0.29582226
130.856177	0.291444625
130.902625	0.299443366
130.948813	0.302295165
130.995566	0.298932689
131.042578	0.297212559
131.089285	0.299383536
131.136542	0.296299057
131.182745	0.302949139
131.229376	0.298841144
131.276022	0.297238777
131.323157	0.292259178
131.368918	0.300691488
131.41561	0.29609243
131.462531	0.297004055
131.509512	0.298778423
131.555884	0.304138763
131.603018	0.299556246
131.649786	0.301512009
131.69657	0.300639156
131.743216	0.300750478
131.789572	0.301569523
131.836951	0.29516745
131.883383	0.300549729
131.930136	0.296324446
131.977011	0.294944727
132.023047	0.301290393
132.070075	0.297114823
132.117178	0.300353867
132.164557	0.301983618
132.210852	0.310319443
132.257575	0.307613488
132.304419	0.306458914
132.351325	0.306114647
132.397604	0.310244289
132.444983	0.303616485
132.491492	0.309388799
132.538184	0.308185459
132.584723	0.308205337
132.633017	0.295766555
132.679083	0.309829178
132.725897	0.305941162
132.772436	0.310379955
132.818961	0.312163793
132.865973	0.309506084
132.912558	0.311649526
132.959311	0.309908893
133.006399	0.307584397
133.052771	0.312048856
133.099448	0.309567735
133.146399	0.30765416
133.192755	0.311697662
133.239386	0.30727998
133.28591	0.307228283
133.332892	0.304458961
133.379569	0.308898728
133.426413	0.310753876
133.473227	0.313012182
133.519614	0.316023592
133.566321	0.31301445
133.613348	0.30983869
133.659842	0.313497685
133.706839	0.310467109
133.75347	0.313014801
133.799872	0.312918036
133.847342	0.303439732
133.893897	0.309094326
133.940268	0.311053539
133.986853	0.310888942
134.033362	0.315112275
134.080618	0.312911684
134.127814	0.314390087
134.173438	0.325319459
134.220724	0.313387732
134.267447	0.316934136
134.314001	0.317712666
134.360465	0.318150758
134.407278	0.314622444
134.454016	0.313035626
134.500525	0.313753301
134.547507	0.311350382
134.593451	0.31974647
134.641226	0.309676038
134.687537	0.322266112
134.734274	0.320241701
134.781561	0.316102398
134.828513	0.317951893
134.874609	0.322883468
134.921622	0.316706404
134.968848	0.31574335
135.015219	0.321250203
135.06246	0.313805323
135.108878	0.318945384
135.156088	0.314209961
135.203452	0.31439058
135.249487	0.324316479
135.297278	0.312442577
135.343787	0.322523353
135.390921	0.318729821
135.437628	0.321460478
135.484518	0.319629597
135.531195	0.320913356
135.578528	0.316909882
135.6258	0.317514981
135.673148	0.31742893
135.719611	0.320021258
135.766806	0.314079159
135.813055	0.321292942
135.860754	0.314336683
135.907828	0.321555375
135.955069	0.321741178
136.001807	0.325414837
136.049307	0.320416507
136.095557	0.329690172
136.143485	0.318251051
136.19007	0.328363353
136.237204	0.324941077
136.284598	0.322358363
136.331595	0.323912116
136.379401	0.317146146
136.425482	0.329288249
136.473212	0.318750357
136.519659	0.328975156
136.566534	0.326684606
136.614035	0.323739596
136.661139	0.327374726
136.708273	0.328074069
136.755591	0.327577628
136.802359	0.332017279
136.849493	0.330296215
136.896307	0.333377107
136.943243	0.332829181
136.990897	0.32577085
137.037695	0.330538844
137.085562	0.322240175
137.132269	0.329805538
137.179755	0.325226478
137.226614	0.330616608
137.273001	0.335105888
137.320792	0.326564197
137.367621	0.334700817
137.414771	0.333283525
137.461203	0.338966367
137.508414	0.333959632
137.555548	0.335360356
137.602515	0.337054837
137.649481	0.335885873
137.69715	0.32900098
137.743658	0.335306194
137.790808	0.3297185
137.838019	0.330124335
137.884711	0.334712779
137.932349	0.32911441
137.978567	0.339839063
138.025488	0.334611029
138.072333	0.334597415
138.118811	0.337410857
138.166434	0.330583914
138.213553	0.334862505
138.260199	0.338084626
138.307257	0.33299695
138.35401	0.333033806
138.400229	0.335091924
138.447897	0.325267523
138.49494	0.330698413
138.541266	0.337132496
138.588385	0.332108356
138.635275	0.334253281
138.681555	0.338763063
138.729086	0.330300225
138.775717	0.33771501
138.823386	0.331422747
138.868948	0.345906776
138.916129	0.333059485
138.963065	0.333361822
139.01023	0.330685312
139.056891	0.334962184
139.103964	0.332344057
139.150992	0.332653129
139.198019	0.332907643
139.244772	0.334832427
139.291495	0.334738293
139.338614	0.331913974
139.38468	0.340465557
139.431906	0.332183639
139.479086	0.331817941
139.525793	0.334149106
139.572852	0.331017977
139.619376	0.334469599
139.666174	0.333672476
139.713309	0.332639806
139.760016	0.336100341
139.807745	0.329342367
139.854208	0.339036878
139.900732	0.339225454
139.947852	0.335480254
139.994406	0.339840684
140.041861	0.333271712
140.088766	0.336846237
140.135748	0.335802687
140.182471	0.337793047
140.230002	0.331676839
140.276862	0.336004976
140.323782	0.336505076
140.370352	0.340574551
140.41738	0.338385691
140.464316	0.340178405
140.511511	0.339099625
140.559073	0.336485917
140.605734	0.342873696
140.653159	0.338712321
140.699454	0.346475174
140.747107	0.334637903
140.79415	0.338314753
140.840842	0.340540865
140.888144	0.33745498
140.935828	0.335870237
140.983115	0.339929579
141.03002	0.343496768
141.076422	0.347631225
141.123877	0.340116474
141.170828	0.344285919
141.218207	0.342409804
141.265418	0.344577102
141.312918	0.341363636
141.360159	0.342466627
141.407629	0.339652077
141.454611	0.341975021
141.502158	0.338663944
141.548621	0.348341936
141.596594	0.338725097
141.643622	0.346364497
141.690497	0.348049212
141.738043	0.343949209
141.785376	0.346175213
141.832968	0.344722041
141.880621	0.345066513
141.927557	0.350651322
141.974387	0.349719003
142.022009	0.342355376
142.069479	0.342159163
142.116278	0.347882822
142.163397	0.346845463
142.210333	0.34904517
142.257941	0.344484454
142.304541	0.35207935
142.352179	0.344168282
142.398825	0.351663691
142.44599	0.347671858
142.493643	0.344424085
142.540503	0.349476439
142.587683	0.346921847
142.634665	0.34817106
142.681372	0.350896887
142.729056	0.34492559
142.776312	0.349365929
142.823401	0.351414102
142.87081	0.348948416
142.918417	0.346718731
142.965002	0.35355167
143.01264	0.345113145
143.059348	0.351766195
143.106802	0.346003498
143.153906	0.347084739
143.200552	0.349710635
143.247412	0.347506596
143.295416	0.33965162
143.342184	0.349948391
143.389349	0.349073851
143.43598	0.354648
143.483511	0.348469468
143.530707	0.350525179
143.577551	0.35263806
143.624213	0.353991812
143.671698	0.347937148
143.718802	0.35061344
143.766211	0.346068976
143.813132	0.348871701
143.860983	0.34169966
143.908743	0.342468974
143.954977	0.355693321
144.002295	0.349618298
144.050024	0.348335489
144.097281	0.352214535
144.144247	0.354227236
144.191305	0.353580591
144.238608	0.352118499
144.286154	0.350766769
144.332861	0.357600428
144.380545	0.350299271
144.427954	0.351405276
144.475028	0.352813945
144.522436	0.350576859
144.569556	0.353101607
144.616873	0.352829177
144.663748	0.356692121
144.711691	0.348570888
144.758978	0.35322965
144.805991	0.354886849
144.853461	0.351486824
144.900214	0.357411192
144.947317	0.355136133
144.994711	0.353215021
145.041861	0.355562277
145.088339	0.361294346
145.136084	0.351434229
145.182616	0.3600152
145.229666	0.355068834
145.276946	0.352967332
145.324538	0.350120914
145.371497	0.354707153
145.418753	0.353049444
145.46527	0.358433965
145.512022	0.357138829
145.559294	0.353200867
145.606741	0.35187707
145.65396	0.353482997
145.700697	0.357845497
145.746779	0.363503202
145.79431	0.351939452
145.841795	0.351369093
145.888396	0.356442068
145.935301	0.353751054
145.982336	0.35302386
146.029066	0.35601959
146.075972	0.355560977
146.122481	0.358487311
146.169608	0.35313693
146.216887	0.351663673
146.262892	0.361830236
146.309836	0.354610619
146.357672	0.348119332
146.40325	0.364273383
146.450728	0.348994654
146.497443	0.354320201
146.544623	0.351472841
146.591681	0.353071548
146.638678	0.35409707
146.685408	0.356994242
146.731902	0.359528796
146.77899	0.355621872
146.826117	0.355404979
146.873412	0.354404175
146.920225	0.358252273
146.966902	0.358868345
147.013541	0.358018504
147.06037	0.355695965
147.107909	0.349485064
147.155073	0.352543542
147.201956	0.355715534
147.248534	0.359257345
147.295424	0.358058755
147.342223	0.360338168
147.389937	0.354649817
147.43669	0.363087055
147.484053	0.359225316
147.53118	0.361381335
147.578261	0.361187972
147.625822	0.356361496
147.672339	0.363762417
147.719824	0.35629505
147.766341	0.363438244
147.81394	0.355705763
147.860701	0.363110236
147.908713	0.354657548
147.954726	0.371635832
148.002509	0.35966814
148.049963	0.363434254
148.096869	0.368310121
148.144377	0.363926267
148.191695	0.364637088
148.238341	0.368201941
148.285605	0.362369543
148.332648	0.363808353
148.380492	0.358027225
148.427695	0.363087718
148.474959	0.363267305
148.522223	0.3640713
148.569784	0.362435991
148.616438	0.370896776
148.663641	0.367125163
148.711111	0.365288364
148.758673	0.365193661
148.805472	0.370775211
148.85285	0.364660285
148.89987	0.366222546
148.947653	0.359685738
148.994879	0.364082959
149.041769	0.367903119
149.089262	0.364280478
149.137083	0.362988826
149.184538	0.366627954
149.231841	0.369238545
149.279097	0.370942555
149.326704	0.369076024
149.374228	0.369789953
149.421401	0.372469903
149.46913	0.366457452
149.516333	0.368620157
149.562926	0.371926967
149.611235	0.35839995
149.65869	0.365907894
149.706107	0.36690739
149.753424	0.368328604
149.801001	0.367132849
149.8487	0.366681739
149.895346	0.375892116
149.943114	0.368553596
149.990729	0.370493446
150.037787	0.37582973
150.085501	0.370203904
150.132712	0.372344369
150.18022	0.368311653
150.227728	0.367213512
150.275153	0.367584224
150.322165	0.371671063
150.370016	0.365703624
150.417174	0.37152498
150.464644	0.370127066
150.512457	0.368410645
150.560042	0.371891209
150.607275	0.37579538
150.654707	0.374550553
150.70188	0.375555258
150.74932	0.372043634
150.796736	0.371135271
150.845259	0.362116232
150.891646	0.379253249
150.93936	0.369356764
150.987135	0.369251939
151.035078	0.369031027
151.08193	0.379140698
151.130011	0.369865908
151.177237	0.377920435
151.225462	0.371332061
151.272261	0.383360707
151.319563	0.378744076
151.367453	0.373616621
151.414702	0.377858646
151.46221	0.37558172
151.510062	0.373111127
151.557425	0.377109673
151.605399	0.372657822
151.652708	0.378560489
151.700049	0.378509835
151.747733	0.375855299
151.79537	0.377325112
151.842528	0.382083055
151.890356	0.376486149
151.937849	0.379521001
151.985922	0.374790801
152.033224	0.379297819
152.08074	0.376248862
152.127875	0.378906092
152.175383	0.376510272
152.223105	0.376107027
152.27043	0.380327763
152.318053	0.378946241
152.365713	0.379551177
152.412756	0.385270826
152.460829	0.378243883
152.507819	0.3870219
152.555067	0.384965068
152.602988	0.378533752
152.650237	0.383216143
152.697523	0.381334279
152.744887	0.379421511
152.792624	0.37576413
152.840224	0.377531035
152.887396	0.381331038
152.934462	0.383331386
152.982214	0.378798032
153.02928	0.385160539
153.076811	0.383009605
153.123999	0.387291983
153.171622	0.384702388
153.218687	0.389647538
153.266104	0.387041376
153.31365	0.385474306
153.360785	0.389093706
153.408316	0.386802584
153.456076	0.385418332
153.503233	0.391109389
153.550413	0.391008324
153.597632	0.390458434
153.645346	0.386560834
153.692999	0.386823399
153.740439	0.388937462
153.787443	0.392812556
153.835165	0.387686163
153.882742	0.389043264
153.930426	0.387133859
153.977454	0.391657146
154.025359	0.383620043
154.073027	0.385652038
154.120482	0.387257785
154.167586	0.38974566
154.215369	0.384118876
154.262785	0.387212506
154.310149	0.387558445
154.357443	0.388495129
154.405524	0.382003097
154.452864	0.387185304
154.500624	0.383543189
154.547713	0.389843266
154.595755	0.382853214
154.642363	0.39527744
154.69052	0.381987326
154.737944	0.38822355
154.785529	0.38684937
154.833212	0.386003779
154.88101	0.384877268
154.92832	0.388662305
154.976157	0.383978406
155.023543	0.387679714
155.071166	0.386375567
155.118925	0.386326518
155.166647	0.387669971
155.21398	0.390817813
155.261061	0.391408617
155.309271	0.381524014
155.356863	0.385742113
155.404456	0.385973252
155.451895	0.388116605
155.499182	0.390525601
155.547392	0.383785663
155.595023	0.388300162
155.64321	0.384076618
155.690184	0.395301366
155.73802	0.38894086
155.786154	0.386481206
155.833853	0.388674053
155.880865	0.39260068
155.929297	0.380982146
155.976569	0.390616586
156.024291	0.387330648
156.072035	0.38745254
156.120337	0.383642593
156.167006	0.398067921
156.215048	0.387876044
156.26264	0.392603226
156.310377	0.392204351
156.35816	0.392375902
156.405898	0.39233777
156.452406	0.401136266
156.501067	0.382128632
156.548338	0.392741514
156.596289	0.387370346
156.644186	0.389701054
156.691573	0.394973832
156.739539	0.391092128
156.78681	0.397821747
156.834196	0.399115773
156.881918	0.397071962
156.929793	0.396247092
156.976935	0.402661591
157.024619	0.398232731
157.072646	0.395871073
157.120596	0.396401081
157.167471	0.404758788
157.21546	0.394259622
157.262694	0.400259395
157.310362	0.397374692
157.358031	0.399254137
157.405753	0.400594732
157.45323	0.403626301
157.500937	0.401824727
157.547797	0.409760942
157.596236	0.396584786
157.643301	0.407900341
157.690909	0.403057021
157.737997	0.406864903
157.785681	0.401576954
157.832976	0.404321762
157.880644	0.400459952
157.927931	0.404269288
157.975958	0.399021762
158.023436	0.404517738
158.070654	0.407339362
158.118582	0.401664286
158.166197	0.404512281
158.213301	0.409297174
158.261176	0.403239734
158.308485	0.408658549
158.355757	0.408992109
158.40367	0.402183029
158.451224	0.404198385
158.498892	0.403214087
158.546431	0.404510698
158.593977	0.403644509
158.641272	0.406236725
158.688696	0.405972762
158.737059	0.399065401
158.784407	0.408590744
158.831252	0.414641128
158.879088	0.408249255
158.926642	0.411547208
158.974364	0.409619063
159.022147	0.407810262
159.069304	0.411157748
159.117667	0.400203574
159.165015	0.408987948
159.212645	0.406114605
159.260184	0.406317827
159.308035	0.40331303
159.355833	0.40413278
159.403258	0.407889011
159.450774	0.4080195
159.498709	0.406570451
159.545554	0.4177607
159.593825	0.404953049
159.641432	0.409675477
159.689047	0.408290216
159.737074	0.403539108
159.784834	0.40552288
159.831992	0.410550943
159.879797	0.405349859
159.927725	0.404949991
159.975607	0.405705219
160.023703	0.404331725
160.071295	0.409268317
160.11936	0.404699838
160.167578	0.404242899
160.215323	0.408258837
160.26235	0.413665892
160.310675	0.401394676
160.359023	0.401250498
160.40618	0.411597767
160.454527	0.402841344
160.502196	0.409636814
160.550032	0.409058839
160.598288	0.405675413
160.646086	0.410687353
160.693984	0.411197896
160.741461	0.415594297
160.790427	0.403014801
160.83763	0.417912816
160.885443	0.41251167
160.933455	0.410997156
160.981352	0.412232831
161.029791	0.407988773
161.076796	0.421143785
161.124655	0.414523534
161.172812	0.412587286
161.221236	0.411340216
161.269408	0.414405907
161.316985	0.420328434
161.364279	0.423868394
161.412245	0.419053221
161.460364	0.41852349
161.508093	0.421900446
161.556662	0.414261856
161.604391	0.420789295
161.652419	0.417545731
161.700217	0.419749875
161.748541	0.415829514
161.796736	0.417604853
161.843939	0.426360613
161.892523	0.414535322
161.939688	0.427302362
161.987975	0.417575218
162.035422	0.424856586
162.083296	0.421261351
162.131606	0.418024454
162.179175	0.423737814
162.227164	0.419168503
162.275549	0.414666923
162.323256	0.420406192
162.37168	0.414511305
162.419745	0.418229575
162.467543	0.421624954
162.515547	0.420669253
162.56288	0.426946749
162.610548	0.423832073
162.658247	0.424779012
162.706725	0.418766338
162.754576	0.425049301
162.802321	0.426192652
162.850325	0.423166441
162.898558	0.421255817
162.946661	0.422904544
162.994665	0.424837229
163.042181	0.430442808
163.090247	0.425812235
163.138815	0.42208581
163.185973	0.435254406
163.234885	0.420612761
163.282835	0.429907811
163.330695	0.431089731
163.378416	0.432227283
163.426909	0.425106576
163.474165	0.434721613
163.522658	0.422362975
163.571021	0.423334987
163.618506	0.431552069
163.666846	0.425448057
163.714308	0.434023535
163.762709	0.425787831
163.810545	0.431291049
163.859007	0.426231565
163.907126	0.430158943
163.955054	0.432471387
164.003554	0.427089035
164.050955	0.437222028
164.099356	0.427666314
164.147078	0.432878299
164.195258	0.428214508
164.243468	0.428159473
164.291876	0.427241318
164.339781	0.432397453
164.387907	0.430823397
164.43627	0.429128062
164.484106	0.434596852
164.532584	0.429202187
164.58042	0.435799826
164.628256	0.435689125
164.677016	0.42724849
164.72476	0.435925314
164.773314	0.428836497
164.822073	0.427120681
164.86946	0.439735102
164.917479	0.434765642
164.965849	0.43250888
165.01393	0.435592116
165.062369	0.433146235
165.110335	0.438244846
165.157736	0.444185345
165.20703	0.427505929
165.25479	0.441424928
165.303664	0.430695164
165.351462	0.43975095
165.399771	0.434479083
165.448454	0.431575191
165.496611	0.43713224
165.544714	0.438853984
165.593077	0.437185029
165.641005	0.441436539
165.689314	0.43872989
165.737715	0.438192017
165.785796	0.441354173
165.834067	0.44014734
165.882071	0.442649192
165.9308	0.43459327
165.978918	0.438728514
166.027136	0.437000375
166.075331	0.437451782
166.123244	0.440292111
166.172347	0.429677505
166.219763	0.445564501
166.268111	0.437616109
166.316626	0.437079441
166.365256	0.436381396
166.413344	0.441586259
166.461798	0.43832318
166.509978	0.440438083
166.557944	0.442361161
166.606444	0.436238051
166.655035	0.43428567
166.70291	0.440310468
166.750639	0.442248042
166.799322	0.434136053
166.847632	0.438483704
166.895598	0.442586226
166.944479	0.434771318
166.992239	0.445124534
167.040228	0.443883447
167.088965	0.436666328
167.137335	0.439630124
167.18521	0.443286019
167.233687	0.436781173
167.28073	0.448941781
167.329245	0.435148689
167.378027	0.432371898
167.42636	0.436494546
167.474455	0.43947065
167.522711	0.437679676
167.570853	0.44016187
167.619482	0.43629456
167.667052	0.446249307
167.715834	0.43555652
167.763403	0.4470291
167.811507	0.441617972
167.859831	0.438672954
167.908598	0.433300649
167.956793	0.43812872
168.005576	0.43282659
168.053107	0.444156541
168.101553	0.436068228
168.149764	0.438324147
168.19834	0.435229425
168.246291	0.441491646
168.294653	0.438611645
168.343153	0.438217198
168.392119	0.434280698
168.439917	0.444245242
168.488531	0.435683744
168.536826	0.437241292
168.584998	0.43802841
168.632819	0.441521983
168.681937	0.430213975
168.730475	0.435848295
168.778441	0.441892316
168.82659	0.440594207
168.874945	0.43952891
168.923155	0.442290358
168.972182	0.435622672
169.020621	0.441123231
169.068587	0.445063359
169.11727	0.4374546
169.16516	0.443952524
169.213995	0.435699992
169.262618	0.438341703
169.311377	0.43747751
169.359534	0.44403084
169.407988	0.442678529
169.456862	0.439928555
169.505263	0.444723156
169.553961	0.44296597
169.601874	0.450950397
169.650595	0.443626838
169.699049	0.446061541
169.747809	0.44322703
169.796645	0.441407326
169.844572	0.448729318
169.893179	0.442964865
169.941977	0.441741977
169.990301	0.446295742
170.038794	0.445503147
170.087759	0.442069242
170.136084	0.448338899
170.184241	0.450237339
170.233321	0.442257307
170.281378	0.452804624
170.330191	0.445708856
170.378424	0.450266509
170.426672	0.4490782
170.476187	0.436437305
170.523695	0.454097922
170.572043	0.4460695
170.620985	0.440164332
170.669272	0.445759917
170.717696	0.44501271
170.766242	0.444400906
170.814566	0.447167462
170.86344	0.44290955
170.911574	0.450956751
170.959921	0.449950594
171.008604	0.448176795
171.056471	0.455892226
171.105002	0.448964439
171.153365	0.450379046
171.201521	0.452303687
171.249846	0.450709213
171.298209	0.4503868
171.347006	0.447046624
171.395102	0.454393533
171.443541	0.451310364
171.491934	0.453059515
171.539831	0.458275998
171.588698	0.450085529
171.636679	0.458795953
171.685141	0.45330995
171.733084	0.457185427
171.781599	0.450898738
171.829863	0.452687068
171.878737	0.447302805
171.926764	0.455283202
171.974997	0.452916289
172.024168	0.443991146
172.07273	0.450039968
172.121146	0.451805001
172.169073	0.456675351
172.217276	0.454737116
172.265501	0.455290777
172.314238	0.449614303
172.36254	0.452503378
172.41107	0.449467293
172.459563	0.449364997
172.507727	0.452950053
172.556525	0.447517177
172.605429	0.447453871
172.653395	0.456315174
172.702033	0.450303074
172.750472	0.452892016
172.798918	0.453860765
172.847128	0.457078643
172.895735	0.453877528
172.94409	0.45617192
172.992827	0.451927274
173.041792	0.448973525
173.089262	0.462133022
173.13822	0.447837943
173.186751	0.452616041
173.235587	0.450699791
173.284155	0.454038667
173.332754	0.454209449
173.381041	0.458298817
173.429678	0.455763429
173.477889	0.460117787
173.526396	0.457975606
173.575056	0.456348784
173.623702	0.455551564
173.672171	0.456406063
173.72074	0.455253444
173.769629	0.452403776
173.818838	0.450646039
173.867331	0.45808275
173.915648	0.461110291
173.9635	0.466839042
174.012366	0.458439917
174.0604	0.467682693
174.109274	0.460631606
174.157973	0.462514397
174.206732	0.461528315
174.255217	0.463350661
174.303542	0.46418685
174.352484	0.458201452
174.401717	0.456006965
174.449942	0.46633371
174.498297	0.466255957
174.547362	0.460195196
174.596091	0.463464215
174.644476	0.468034092
174.693213	0.465891837
174.741438	0.471593855
174.790038	0.468290311
174.838156	0.472600029
174.887328	0.461404957
174.935797	0.467222723
174.98448	0.464236863
175.032828	0.467051613
175.081618	0.462995398
175.130194	0.465653166
175.178664	0.46779123
175.22782	0.462454875
175.276053	0.472096386
175.324881	0.467010825
175.37316	0.472377648
175.42169	0.46946734
175.470099	0.470264733
175.518339	0.471294098
175.566977	0.466949944
175.615668	0.465336837
175.663947	0.468831263
175.713133	0.460065549
175.761794	0.465647074
175.80992	0.471899049
175.858466	0.468476478
175.907462	0.464584076
175.956007	0.468676907
176.004111	0.472531107
176.052222	0.471794392
176.100729	0.467536082
176.149802	0.461814773
176.197607	0.473445389
176.246657	0.461248494
176.294844	0.468262847
176.344031	0.458398561
176.392477	0.466219887
176.441	0.4657749
176.489165	0.469521909
176.53752	0.468083821
176.585272	0.47324172
176.63436	0.459275133
176.683455	0.45840555
176.731886	0.464115771
176.780394	0.462873978
176.829748	0.454592195
176.877516	0.469121826
176.927275	0.450294282
176.974966	0.470296949
177.023032	0.468113683
177.07173	0.463407588
177.120497	0.464020705
177.169058	0.46658116
177.217886	0.464615822
177.266226	0.46951165
177.314764	0.467733809
177.362723	0.473364323
177.411681	0.463330814
177.46015	0.467609334
177.509131	0.462680798
177.55815	0.462291292
177.605704	0.476922886
177.654669	0.464265756
177.703894	0.463141188
177.752188	0.473638735
177.800864	0.47075771
177.849348	0.473214219
177.897841	0.473241452
177.946081	0.475350991
177.995497	0.46352442
178.043662	0.475304352
178.092604	0.46699247
178.141417	0.467882066
178.189673	0.472947782
178.239211	0.461189573
178.287253	0.476238121
178.335547	0.474398288
178.385146	0.463714215
178.433928	0.472624263
178.481894	0.481432634
178.531287	0.468083902
178.579634	0.478050015
178.62876	0.470503029
178.677428	0.47409302
178.726706	0.467889506
178.775389	0.473673375
178.823698	0.477460439
178.873053	0.468228788
178.920996	0.483133617
178.971014	0.464017954
179.019019	0.484100378
179.068167	0.473856561
179.117423	0.474435279
179.165747	0.484396282
179.214171	0.484003049
179.262991	0.479570128
179.311781	0.478714435
179.360449	0.477992119
179.409003	0.478032425
179.457747	0.476229009
179.506781	0.473581643
179.555502	0.476797619
179.603674	0.483386709
179.652823	0.475153245
179.701628	0.479998324
179.74993	0.485863798
179.798758	0.480790642
179.847578	0.481060761
179.896567	0.479264826
179.945181	0.482369931
179.99404	0.479321061
180.042693	0.48086846
180.09104	0.482946201
180.139418	0.482310235
180.188223	0.478127707
180.236571	0.483110611
180.285803	0.475116425
180.334494	0.480946404
180.38288	0.485516331
180.431342	0.485997229
180.479872	0.485489997
180.528243	0.487233147
180.576895	0.483742376
180.625906	0.479458693
180.674216	0.485367231
180.723662	0.47250421
180.771666	0.485579563
180.820692	0.474416636
180.868964	0.48210731
180.917158	0.483307286
180.965918	0.478355256
181.014723	0.478494426
181.063261	0.481983891
181.112021	0.480706988
181.160712	0.482210638
181.209074	0.485628038
181.257689	0.482829607
181.305945	0.485051082
181.355185	0.474152343
181.404242	0.474869215
181.452902	0.478873351
181.501379	0.481243214
181.549719	0.483191738
181.598494	0.479411724
181.64704	0.481809661
181.696143	0.476885323
181.744536	0.484225273
181.792799	0.485955974
181.842581	0.470287271
181.891203	0.480915626
181.939902	0.479178451
181.988432	0.480064112
182.037024	0.479284609
182.085722	0.478315331
182.13484	0.4745099
182.183218	0.482347113
182.231902	0.480735224
182.280806	0.479917984
182.329413	0.48362633
182.378798	0.476247618
182.426642	0.49138963
182.475989	0.475763241
182.524634	0.482511984
182.573065	0.484038914
182.62216	0.47694081
182.67111	0.477777649
182.71945	0.484243709
182.76853	0.477506576
182.817633	0.47808711
182.865836	0.487776129
182.915449	0.474025549
182.964094	0.483536802
183.013022	0.480636204
183.061453	0.485209042
183.11067	0.47714597
183.15946	0.480669008
183.207838	0.48459762
183.256537	0.481180078
183.305601	0.478172526
183.354971	0.476140507
183.403403	0.4867863
183.452216	0.484346569
183.501547	0.479827824
183.550475	0.484036841
183.598753	0.490380759
183.647398	0.486382558
183.696188	0.484805707
183.74523	0.48216765
183.794333	0.480435837
183.843336	0.480664217
183.89173	0.486296432
183.941519	0.473009737
183.990164	0.484797092
184.03913	0.482376454
184.088187	0.482408219
184.13687	0.487286256
184.185797	0.485899215
184.235014	0.48374961
184.283675	0.489817074
184.332281	0.490672915
184.381285	0.48651919
184.430228	0.486430644
184.479796	0.479774112
184.528372	0.489492333
184.576948	0.489437358
184.62683	0.477266576
184.675291	0.492383285
184.724173	0.489110372
184.772864	0.491654469
184.821478	0.493599627
184.87139	0.481548207
184.92037	0.491492585
184.96929	0.492115606
185.018362	0.489234742
185.067419	0.488262726
185.116873	0.483765446
185.165549	0.491533068
185.214087	0.493396926
185.263709	0.483812165
185.312537	0.492679079
185.361151	0.495438323
185.410475	0.489040463
185.459166	0.496200296
185.508292	0.492321461
185.557311	0.493812464
185.606459	0.492369291
185.655875	0.489085703
185.704794	0.492986783
185.752821	0.501116323
185.802184	0.487206327
185.851279	0.490628559
185.900534	0.489587121
185.948279	0.505842354
185.998381	0.48314121
186.046942	0.499411237
186.096373	0.492131134
186.145354	0.498073
186.194174	0.500303527
186.243864	0.49148219
186.292494	0.5013205
186.341284	0.498066156
186.390066	0.497094914
186.438895	0.496358582
186.487761	0.495899501
186.5371	0.491247473
186.586226	0.493343184
186.635207	0.494748195
186.684279	0.493898344
186.733275	0.49487203
186.782202	0.496381901
186.830931	0.498825135
186.879752	0.49704626
186.928732	0.494868035
186.977866	0.492176312
187.026747	0.493927739
187.076048	0.489124552
187.124815	0.494427584
187.173796	0.492380626
187.223265	0.487538109
187.272566	0.489555578
187.321204	0.496705017
187.370223	0.49285713
187.419486	0.491426582
187.467749	0.502650016
187.517248	0.489952276
187.565779	0.49940221
187.615027	0.491645023
187.663809	0.495806249
187.712805	0.49337214
187.762618	0.485351122
187.810751	0.502384019
187.859961	0.492066007
187.909064	0.493285681
187.958563	0.489716505
188.007048	0.500133828
188.056494	0.490922374
188.10581	0.492834476
188.154639	0.49727714
188.204047	0.490815805
188.253226	0.492346373
188.30226	0.492997206
188.351233	0.493406385
188.400031	0.495209612
188.448508	0.498882788
188.497862	0.490670601
188.547217	0.491319844
188.595969	0.497923861
188.645468	0.490832459
188.694632	0.494737234
188.743666	0.497311698
188.792426	0.501112359
188.841818	0.494976413
188.890891	0.498016638
188.940237	0.494965513
188.988638	0.504410831
189.037466	0.500176873
189.086874	0.494562437
189.136168	0.496149956
189.18553	0.495916071
189.234503	0.499991183
189.283164	0.503612656
189.332312	0.498603014
189.381094	0.503349317
189.430251	0.49984789
189.479086	0.502830263
189.528243	0.498815715
189.577338	0.49840592
189.626501	0.496447809
189.675528	0.497648559
189.72428	0.500696242
189.773611	0.495653434
189.822348	0.50245963
189.871481	0.499149572
189.92005	0.505305245
189.969077	0.500687933
190.018324	0.499038705
190.067274	0.503201319
190.116476	0.501111605
190.165701	0.500420149
190.214156	0.507767282
190.263716	0.495632704
190.312109	0.506887735
190.361365	0.497785457
190.410269	0.501246877
190.459296	0.500149732
190.507895	0.504596756
190.557402	0.495115475
190.605879	0.505639272
190.654898	0.500207943
190.704062	0.498972132
190.753195	0.500205148
190.802512	0.498616326
190.851569	0.50088904
190.900313	0.504339229
190.948927	0.504975652
190.998038	0.500186961
191.046713	0.504981557
191.096014	0.499503744
191.14585	0.494813899
191.19467	0.506460653
191.24317	0.510747423
191.291975	0.508708124
191.341681	0.50084794
191.390364	0.513328108
191.439421	0.510879506
191.48886	0.507007258
191.537314	0.517167173
191.586157	0.512622307
191.635496	0.507137079
191.684134	0.514220783
191.733626	0.505483209
191.782202	0.515339131
191.831923	0.50397285
191.880896	0.511552052
191.92932	0.51749954
191.978491	0.509661783
192.027579	0.511340024
192.076804	0.51042315
192.125838	0.512080671
192.173994	0.520611516
192.223601	0.504395916
192.27204	0.515398702
192.321188	0.507691287
192.369841	0.51309155
192.41918	0.50586826
192.468314	0.508176388
192.517287	0.510025005
192.566397	0.508224811
192.615149	0.511972935
192.664351	0.507432486
192.713637	0.507865732
192.761755	0.520294569
192.811209	0.506151033
192.859824	0.514359579
192.909468	0.502920338
192.958136	0.513394091
193.006941	0.512399763
193.056014	0.50996521
193.105277	0.508034335
193.153967	0.514167087
193.202925	0.51214074
193.251997	0.51162948
193.301352	0.510404214
193.349776	0.521417113
193.398909	0.514181359
193.448058	0.512927989
193.496764	0.516652093
193.545874	0.511756539
193.595427	0.507142949
193.644461	0.51280489
193.693015	0.518330341
193.741133	0.523426076
193.790495	0.510486766
193.839804	0.511968818
193.88909	0.512609841
193.938094	0.515923793
193.986601	0.521097236
194.03623	0.508536294
194.085295	0.512700685
194.133818	0.517020747
194.182913	0.510148923
194.232375	0.506588161
194.281134	0.514313208
194.330283	0.510488283
194.379675	0.508325097
194.427893	0.521641531
194.477774	0.504360833
194.526427	0.516843071
194.575011	0.516529245
194.62403	0.510896517
194.673415	0.505821146
194.722037	0.51244503
194.771551	0.50280568
194.820235	0.511687151
194.870093	0.500119658
194.91831	0.518180357
194.967452	0.509667947
195.016432	0.512485848
195.065283	0.51487687
195.114569	0.510927638
195.163939	0.510174103
195.212866	0.514380654
195.262244	0.508666447
195.310774	0.516780155
195.359808	0.511116822
195.408926	0.510568936
195.457915	0.512694872
195.507048	0.512403717
195.555952	0.516172222
195.605414	0.512306509
195.654303	0.520007289
195.703612	0.515856639
195.752463	0.520979379
195.800833	0.525735571
195.850028	0.516505973
195.899199	0.516823017
195.948851	0.511459531
195.998007	0.515987136
196.047049	0.517043601
196.095839	0.519550625
196.145132	0.514956946
196.192946	0.532778057
196.242751	0.512896889
196.292235	0.517115266
196.341101	0.522924938
196.389738	0.524471876
196.43907	0.516211587
196.488089	0.518615463
196.537299	0.516531193
196.586531	0.516395009
196.635092	0.523315099
196.683829	0.521271873
196.733443	0.513224594
196.781889	0.526727275
196.830839	0.522334014
196.879401	0.527165835
196.92832	0.523415795
196.978224	0.513013167
197.027083	0.523982043
197.076125	0.52223303
197.125441	0.519653634
197.173705	0.531302505
197.222678	0.52338255
197.27178	0.522423406
197.320807	0.523497257
197.370009	0.521393255
197.418784	0.525982247
197.467985	0.521168269
197.517508	0.517059337
197.566885	0.517977638
197.615378	0.526987025
197.664572	0.519547145
197.713141	0.526368765
197.762076	0.522572847
197.811255	0.520107899
197.860648	0.518204641
197.909788	0.521211659
197.958281	0.528540202
198.008154	0.514022663
198.056761	0.527732397
198.105612	0.525681292
198.155295	0.517311116
198.203902	0.529178598
198.252867	0.525324211
198.302184	0.521438302
198.350432	0.533125961
198.400473	0.514027815
198.448424	0.535713541
198.497969	0.518647419
198.546996	0.524716436
198.59635	0.521389535
198.645667	0.521629551
198.695235	0.518784342
198.743956	0.52709234
198.792944	0.523746307
198.841872	0.523823271
198.891249	0.518655171
198.939528	0.530529931
198.988974	0.518260738
199.038199	0.521167644
199.086996	0.526415093
199.136618	0.517999943
199.185545	0.524609948
199.234496	0.524076721
199.283164	0.526600221
199.332747	0.515840977
199.38214	0.517287369
199.430495	0.528140128
199.479964	0.515948234
199.529089	0.519417303
199.578093	0.520408816
199.627219	0.518880717
199.676039	0.522115796
199.724966	0.522566551
199.774229	0.519422423
199.823271	0.522217506
199.871954	0.526117947
199.921408	0.517247433
199.970091	0.524846969
200.019049	0.52179187
200.068388	0.517281185
200.117072	0.524190092
200.165877	0.522785249
200.214835	0.52115821
200.263983	0.518997351
200.313185	0.519018998
200.362242	0.520811366
200.410735	0.52676839
200.459883	0.519571915
200.508856	0.519120694
200.557776	0.517773917
200.607024	0.512621879
200.655425	0.520470558
200.704893	0.50893461
200.753317	0.519165224
200.801718	0.519382113
200.850714	0.512926148
200.899802	0.512640564
200.949049	0.511383481
200.998251	0.512307103
201.04698	0.517381847
201.095633	0.517766586
201.144492	0.514942348
201.193236	0.515238472
201.242674	0.507037281
201.291762	0.509945265
201.339949	0.51913615
201.388716	0.512957719
201.437712	0.511196415
201.486937	0.509710744
201.535742	0.514759805
201.584502	0.51563572
201.632864	0.519954153
201.682036	0.511338446
201.7312	0.510795501
201.779829	0.515703779
201.829169	0.507618749
201.87776	0.514511198
201.927237	0.505802053
201.975424	0.520031336
202.023657	0.520729395
202.073203	0.508838435
202.122275	0.515026158
202.17066	0.523030475
202.219824	0.515525495
202.268897	0.516772091
202.318236	0.514300415
202.365965	0.531487908
202.414831	0.518321672
202.463995	0.514647405
202.512953	0.516685452
202.561545	0.521018471
202.610983	0.513180191
202.660124	0.517416719
202.708929	0.522384303
202.758231	0.518554245
202.806616	0.529465603
202.854804	0.532256946
202.904242	0.518841782
202.953139	0.52442193
203.002455	0.519500863
203.05126	0.525152043
203.100485	0.520932638
203.148741	0.532021925
203.197775	0.524679304
203.247214	0.521504002
203.295958	0.531120847
203.345038	0.528853634
203.39382	0.533158887
203.443388	0.524912288
203.492751	0.526667471
203.541289	0.534622826
203.590704	0.52380948
203.639182	0.532731342
203.68891	0.518373132
203.737601	0.5291614
203.786734	0.525012119
203.835516	0.529431497
203.884894	0.524135933
203.93347	0.53434005
203.983176	0.523019902
204.032034	0.532568873
204.080786	0.533188149
204.129958	0.527979476
204.178908	0.529035426
204.227911	0.527436864
204.27706	0.52478641
204.326094	0.525648251
204.375723	0.519480225
204.424605	0.529017467
204.473486	0.530602614
204.522177	0.534158123
204.571379	0.529422307
204.620085	0.535147574
204.670157	0.520252654
204.718962	0.53282241
204.767866	0.531373386
204.817511	0.523381005
204.866392	0.53161551
204.915198	0.532392627
204.964499	0.527134338
205.013419	0.532279975
205.063071	0.525874404
205.111334	0.542353638
205.160468	0.533673683
205.209769	0.53263395
205.258826	0.535053148
205.307364	0.540763282
205.357108	0.527520679
205.405852	0.53810096
205.455908	0.524285527
205.504591	0.539218236
205.553191	0.539682239
205.602301	0.534690444
205.651274	0.536495759
205.69966	0.544125977
205.749213	0.532034342
205.798186	0.539710889
205.847823	0.532423348
205.896658	0.540896293
205.945815	0.53685062
205.994902	0.53739094
206.043921	0.538363835
206.092284	0.54651424
206.141585	0.536567117
206.190619	0.539745381
206.240073	0.536672739
206.288573	0.548209934
206.337561	0.543651692
206.386923	0.540017211
206.435805	0.545622389
206.484633	0.546475523
206.534621	0.533617841
206.583601	0.544728368
206.632231	0.548430402
206.681639	0.540136581
206.730833	0.542617679
206.779677	0.546023844
206.828772	0.542880223
206.877524	0.547526022
206.927336	0.536483085
206.97605	0.548829532
207.025183	0.54479932
207.074225	0.545821114
207.123244	0.545988661
207.172301	0.5457939
207.221724	0.542670371
207.270338	0.552641261
207.31999	0.542295971
207.368514	0.555084269
207.41825	0.541034389
207.46723	0.5500174
207.516226	0.550063224
207.565939	0.542605236
207.614577	0.555631539
207.664015	0.546806101
207.713538	0.546230356
207.762251	0.555482903
207.811499	0.54971937
207.860312	0.55493111
207.909773	0.548320899
207.959097	0.550364105
208.008292	0.551709801
208.05712	0.555806979
208.106482	0.549405873
208.155928	0.548401746
208.204817	0.554376658
208.253142	0.560960589
208.303107	0.542115845
208.352202	0.551376969
208.401625	0.547012984
208.450819	0.549114221
208.500258	0.546241328
208.549277	0.55099646
208.59857	0.548406514
208.647009	0.559006267
208.696722	0.545086753
208.745749	0.55258837
208.794882	0.551305547
208.84342	0.557771512
208.893378	0.542000963
208.942519	0.550714687
208.991637	0.549916666
209.040747	0.548905287
209.08969	0.549757324
209.138792	0.547514034
209.188483	0.541111798
209.237196	0.552429536
209.286444	0.546791932
209.335406	0.550646652
209.384371	0.551416596
209.433405	0.550457799
209.481848	0.556701597
209.531775	0.539686124
209.580412	0.553618691
209.629607	0.54697193
209.679015	0.544416804
209.728114	0.547712275
209.777251	0.546703142
209.826426	0.545757499
209.8757	0.544078197
209.924105	0.554105746
209.973433	0.543082667
210.022398	0.546446441
210.071711	0.54123613
210.121001	0.540757622
210.169966	0.543715363
210.218775	0.545341396
210.268355	0.536804384
210.317801	0.538118259
210.366709	0.545230795
210.415171	0.55058415
210.464983	0.536042794
210.513926	0.545846003
210.562968	0.544365497
210.611681	0.547519049
210.661089	0.538877583
210.710265	0.540758981
210.759135	0.542855582
210.808482	0.537884545
210.857909	0.536829337
210.906989	0.540424029
210.955759	0.544162768
211.00453	0.544614348
211.0539	0.538416549
211.103422	0.537298391
211.152312	0.545183064
211.20162	0.540612071
211.250891	0.541066015
211.299895	0.544004757
211.348746	0.545295435
211.397459	0.546505226
211.447096	0.536643761
211.496504	0.539993293
211.545756	0.542155418
211.594664	0.546479197
211.64403	0.541721069
211.693282	0.543654203
211.742594	0.544014042
211.791464	0.54943333
211.841216	0.539183898
211.890086	0.548106526
211.939223	0.54432505
211.988707	0.54018838
212.037882	0.542957896
212.086748	0.546425894
212.136042	0.542045501
212.184966	0.546730876
212.233855	0.548203119
212.283705	0.538669417
212.332838	0.547656824
212.382075	0.547832192
212.431654	0.544121732
212.480677	0.549878721
212.5297	0.549185169
212.57905	0.544910887
212.628458	0.543112267
212.677325	0.548897797
212.726946	0.540905747
212.776545	0.541729214
212.825682	0.547590734
212.875029	0.545896914
212.923991	0.551089017
212.97309	0.550544679
213.022265	0.551607201
213.07123	0.555665921
213.121062	0.546787433
213.170062	0.556239796
213.21947	0.551022286
213.268527	0.554247193
213.31761	0.553488016
213.366648	0.554384309
213.416537	0.545785735
213.465289	0.559633917
213.514368	0.556713295
213.563059	0.561996477
213.612044	0.560256386
213.6617	0.554320086
213.711089	0.558261041
213.760088	0.563597773
213.809073	0.563299526
213.858824	0.553395226
213.907309	0.566788229
213.95658	0.55697363
214.005621	0.559375643
214.054564	0.560895745
214.10401	0.555416285
214.152335	0.568322908
214.201975	0.554016418
214.250552	0.566497285
214.299784	0.559285627
214.348692	0.562585968
214.397826	0.55944643
214.446925	0.55950061
214.496352	0.554399325
214.545008	0.562988354
214.593161	0.56862784
214.642546	0.555351275
214.692439	0.550720588
214.741167	0.565287039
214.789786	0.5677964
214.83898	0.562606489
214.888213	0.562815868
214.937563	0.560924519
214.985564	0.577152749
215.03512	0.559478625
215.083777	0.569673241
215.133414	0.557751091
215.18236	0.565135325
215.230418	0.575640609
215.279845	0.560572801
215.329192	0.562424123
215.378195	0.566981057
215.427042	0.56986681
215.475813	0.57231244
215.524161	0.578278363
215.574145	0.559761851
215.62303	0.572813282
215.67211	0.569991017
215.72169	0.563020967
215.770407	0.571642436
215.819292	0.568380801
215.868468	0.563800061
215.917162	0.568410986
215.966551	0.559535938
216.015974	0.558393865
216.065115	0.560870297
216.114191	0.562583822
216.162806	0.568562593
216.212252	0.559066043
216.261427	0.562992097
216.31066	0.561940393
216.360144	0.558251841
216.409457	0.559408316
216.458475	0.562726494
216.507151	0.567350253
216.556517	0.560365664
216.605925	0.560353218
216.6546	0.569121492
216.703524	0.56612436
216.753085	0.55921697
216.802317	0.56414781
216.85155	0.564597286
216.901076	0.561351613
216.95019	0.56548008
216.999117	0.566689567
217.048117	0.565644249
217.097582	0.560698795
217.146563	0.566873101
217.195738	0.565119702
217.244723	0.567981618
217.294379	0.560674715
217.34342	0.568397547
217.392653	0.567272413
217.441596	0.570831004
217.490656	0.569098136
217.539889	0.565124002
217.589491	0.558491501
217.638743	0.561000522
217.687975	0.560289224
217.736842	0.564109308
217.78644	0.555435703
217.835615	0.560184637
217.884928	0.558548778
217.934123	0.560706003
217.983027	0.564288987
218.032549	0.557326679
218.081549	0.563058442
218.129763	0.570960387
218.179034	0.557178665
218.22877	0.550112549
218.278639	0.547813453
218.32683	0.567075661
218.376738	0.548001277
218.425547	0.561069913
218.475378	0.550732385
218.524611	0.558901042
218.574271	0.55554269
218.623404	0.5619529
218.672175	0.565857179
218.721678	0.556211469
218.771319	0.553180472
218.819876	0.564296974
218.869494	0.551082314
218.918219	0.560736275
218.967314	0.556709395
219.016913	0.551678324
219.066245	0.555426176
219.115321	0.55928745
219.164557	0.558556332
219.213808	0.560362641
219.263792	0.553653305
219.312602	0.56820929
219.362143	0.560359785
219.410525	0.573901921
219.460242	0.558554144
219.510035	0.557968398
219.558958	0.56827589
219.608347	0.56379618
219.657713	0.564102594
219.706404	0.572288187
219.756159	0.560482501
219.805762	0.563099189
219.854609	0.572502824
219.90359	0.571481567
219.953383	0.563405453
220.001822	0.581819636
220.051752	0.565842179
220.10052	0.579784993
220.149386	0.578773631
220.198851	0.571339009
220.248278	0.571330631
220.296931	0.580840572
220.346648	0.568986829
220.395415	0.580849196
220.445151	0.570176898
220.493571	0.586250282
220.54267	0.578840478
220.592329	0.572883886
220.641657	0.577423527
220.690562	0.58179634
220.73987	0.5764326
220.789046	0.577477049
220.837931	0.580279087
220.886721	0.580206218
220.936301	0.570082786
220.985533	0.573578345
221.034708	0.574050238
221.083689	0.576301154
221.133116	0.571712967
221.182002	0.578453629
221.231371	0.572899998
221.280485	0.576745383
221.32939	0.579488061
221.378951	0.571510132
221.427935	0.577539234
221.47682	0.577808772
221.526072	0.572661562
221.575438	0.571409334
221.625002	0.569604909
221.674487	0.571085591
221.723002	0.583603946
221.771616	0.583654353
221.821432	0.570592508
221.87068	0.578905142
221.920245	0.576113781
221.969572	0.579348024
222.018496	0.583855711
222.068205	0.573409973
222.116644	0.587723266
222.166106	0.575170195
222.215628	0.574440056
222.264761	0.579291737
222.314631	0.571204905
222.363066	0.588108477
222.412512	0.576313278
222.461451	0.58298155
222.510622	0.579520033
222.560339	0.572028362
222.609126	0.581093464
222.65853	0.571834678
222.70859	0.562198771
222.757666	0.572059385
222.806937	0.56931862
222.855742	0.575324343
222.905379	0.566858346
222.954375	0.575044391
223.003878	0.570043735
223.053187	0.573237598
223.10232	0.576133103
223.151301	0.577985248
223.200995	0.569159621
223.249915	0.577452984
223.298895	0.575841252
223.347853	0.575266509
223.397723	0.563627933
223.446722	0.573093328
223.496203	0.567716993
223.544989	0.577233642
223.594199	0.573517947
223.643217	0.577364669
223.692179	0.579518764
223.74174	0.573798634
223.791087	0.577127052
223.84022	0.579599344
223.889334	0.578789097
223.938063	0.582188085
223.987097	0.57756654
224.036463	0.573208281
224.084883	0.584223508
224.134634	0.567818189
224.183402	0.578571222
224.232535	0.573779565
224.282328	0.5656413
224.330107	0.589080596
224.379397	0.57092486
224.428648	0.571592916
224.477511	0.577404729
224.527068	0.569374201
224.575198	0.585483208
224.624545	0.570603675
224.673254	0.5775741
224.722369	0.57182702
224.771578	0.570206346
224.820753	0.569839395
224.870177	0.566639965
224.919058	0.57288782
224.967921	0.573397002
225.017054	0.570796937
225.066267	0.571394199
225.114764	0.580367905
225.164092	0.570821846
225.213358	0.571589802
225.261797	0.580900955
225.311121	0.569561379
225.360293	0.570714209
225.409094	0.574483617
225.457991	0.573318776
225.50749	0.566784866
225.556254	0.575311472
225.606097	0.563280063
225.655016	0.573998484
225.703837	0.576071028
225.75318	0.570016839
225.802058	0.575264852
225.851633	0.566146793
225.900359	0.574327501
225.949274	0.571135922
225.998637	0.565687311
226.048117	0.564592673
226.097266	0.568443083
226.146727	0.565037927
226.195238	0.576478437
226.244967	0.562920118
226.293887	0.573363283
226.342726	0.57479841
226.392378	0.565443212
226.441489	0.571245148
226.490038	0.577329558
226.53942	0.567783716
226.589033	0.565947708
226.637934	0.575355635
226.687567	0.568311406
226.735789	0.586303969
226.785151	0.573667267
226.834299	0.577839799
226.88341	0.579629911
226.933337	0.570501569
226.982581	0.578874168
227.032256	0.573919568
227.080668	0.589192997
227.130225	0.575328547
227.179877	0.574303974
227.22922	0.577859897
227.278197	0.582367976
227.327036	0.584382777
227.376265	0.579663871
227.425143	0.58403553
227.474524	0.579459389
227.523791	0.581301655
227.573443	0.57720004
227.622729	0.581844651
227.671877	0.583369248
227.721125	0.582029866
227.770159	0.584709775
227.818861	0.588330561
227.868903	0.57107507
227.918303	0.577514492
227.96815	0.571613227
228.017416	0.577888632
228.065947	0.586339144
228.115637	0.572934238
228.164751	0.580308984
228.213725	0.582536606
228.263689	0.571350236
228.312972	0.58006103
228.361967	0.583851089
228.410613	0.587377548
228.460394	0.573681817
228.509486	0.581784525
228.558726	0.580674202
228.608359	0.576712387
228.657855	0.579338826
228.706416	0.591343877
228.755701	0.584933873
228.804846	0.588381321
228.854048	0.588679876
228.903853	0.581325579
228.952574	0.592908415
229.001818	0.585209043
229.051836	0.575234734
229.100962	0.585561987
229.149565	0.592078351
229.198984	0.582483688
229.248633	0.579967508
229.297877	0.585924174
229.347082	0.587880943
229.395899	0.593906603
229.445372	0.587066315
229.494364	0.593426431
229.543803	0.587169864
229.592715	0.592242422
229.642851	0.57668256
229.691103	0.59903711
229.74021	0.588392786
229.789259	0.589405956
229.838717	0.585060005
229.888522	0.582410264
229.9373	0.596259165
229.986796	0.588646282
230.035769	0.595383959
230.084738	0.595248571
230.134234	0.587235011
230.183226	0.590821414
230.232062	0.590910487
230.281363	0.584028814
230.330954	0.580022997
230.380759	0.575951438
230.429266	0.590220109
230.477965	0.587816578
230.526881	0.586642965
230.576315	0.581751334
230.625887	0.580773696
230.675288	0.582748141
230.724142	0.587723346
230.773173	0.584219909
230.822901	0.575569279
230.87197	0.583416858
230.920474	0.591357039
230.969817	0.583064421
231.018885	0.587774063
231.068224	0.585722571
231.117853	0.58431837
231.167738	0.583011381
231.21665	0.595828873
231.265139	0.601651218
231.314844	0.585404569
231.363585	0.596088369
231.413584	0.580236377
231.462904	0.587966573
231.511973	0.591401672
231.561507	0.587009795
231.610171	0.59880297
231.658594	0.603113331
231.709074	0.579644279
231.757868	0.599983185
231.807261	0.592648388
231.856619	0.592760361
231.905508	0.596865534
231.955405	0.583180898
232.004275	0.59365664
232.053419	0.588811591
232.102656	0.587187527
232.151934	0.586492589
232.202319	0.574191679
232.250838	0.597620848
232.300097	0.590175261
232.349276	0.59185531
232.398825	0.587871235
232.447466	0.598679145
232.496878	0.588516407
232.545805	0.593040513
232.595103	0.587578235
232.64477	0.582796882
232.693835	0.589078727
232.743384	0.582960348
232.792116	0.592380963
232.84091	0.59225473
232.890635	0.582761781
232.939135	0.59897821
232.988451	0.590000295
233.037516	0.593039382
233.086966	0.587429911
233.136477	0.585367623
233.185095	0.59496436
233.234374	0.586447943
233.28398	0.582540877
233.332346	0.596811998
233.381373	0.588297589
233.431368	0.576815863
233.480025	0.592829071
233.529242	0.58666767
233.578249	0.5889641
233.626654	0.595501028
233.676688	0.573443468
233.725462	0.586276407
233.774661	0.579988461
233.823881	0.578875226
233.873549	0.573703482
233.923075	0.574981277
233.971617	0.586652468
234.02035	0.58462788
234.069495	0.581174215
234.118792	0.581029733
234.168047	0.582754635
234.217036	0.586627054
234.2661	0.585819264
234.31555	0.580747311
234.364695	0.583695974
234.41339	0.58858619
234.462882	0.578917024
234.511771	0.585775244
234.561125	0.579888523
234.610751	0.575912141
234.659312	0.588859654
234.708453	0.5833469
234.757815	0.581819011
234.806815	0.587214981
234.856516	0.580319858
234.905886	0.584932191
234.954768	0.591173875
235.003691	0.590643832
235.053294	0.582933263
235.102602	0.586653374
235.152049	0.585856849
235.201594	0.58609368
235.25001	0.601530345
235.299555	0.590782255
235.349001	0.594854396
235.398894	0.591813526
235.448672	0.595005917
235.49734	0.61023834
235.546828	0.60071932
235.595595	0.610533483
235.645254	0.600323067
235.694254	0.609392857
235.743914	0.601526746
235.793147	0.607022636
235.842204	0.609007472
235.891554	0.605223819
235.941233	0.601275873
235.991148	0.5996148
236.039584	0.618337037
236.089148	0.604456084
236.138556	0.605838353
236.187418	0.611684903
236.23733	0.598150244
236.285731	0.616337754
236.335291	0.601811853
236.383555	0.618008623
236.432844	0.605648919
236.482527	0.601434916
236.53176	0.607841101
236.580817	0.612161502
236.630167	0.609679239
236.679419	0.611499625
236.728224	0.617006454
236.77775	0.607056716
236.82638	0.617607911
236.875555	0.610338772
236.924475	0.613499777
236.97404	0.605678952
237.022692	0.617307146
237.071749	0.61198476
237.121039	0.609515576
237.169825	0.616059283
237.21842	0.61743422
237.267592	0.609297235
237.316477	0.611675593
237.365244	0.611026085
237.415507	0.590786554
237.463961	0.610870151
237.513174	0.599937101
237.562312	0.599934924
237.61069	0.608702209
237.659708	0.600224315
237.708205	0.6069307
237.757086	0.603227737
237.806494	0.596950393
237.855009	0.607375179
237.904108	0.600610501
237.9527	0.607608903
238.002219	0.596839781
238.051154	0.603993934
238.100554	0.597742225
238.14902	0.609124297
238.198439	0.597556792
238.246947	0.609359656
238.296114	0.601657015
238.345282	0.60234761
238.394526	0.602296265
238.443266	0.609413819
238.492941	0.598584435
238.541388	0.614251375
238.590906	0.601648069
238.640288	0.603779993
238.689455	0.606762758
238.73765	0.619254402
238.787226	0.602234219
238.836005	0.612308948
238.885016	0.609191397
238.934222	0.606537959
238.983157	0.609866753
239.03147	0.617675837
239.081725	0.593863116
239.130446	0.612634369
239.179671	0.607627083
239.228312	0.616627901
239.277655	0.607535056
239.327135	0.605131091
239.375857	0.613604644
239.425063	0.60573244
239.474013	0.60710767
239.523104	0.604540084
239.572604	0.599004362
239.621771	0.60240493
239.670493	0.60709671
239.719931	0.597809607
239.769488	0.596866418
239.81782	0.613693262
239.867472	0.597971884
239.916972	0.600096878
239.96604	0.60527297
240.014876	0.606754564
240.064318	0.598194487
240.112997	0.606812906
240.162497	0.596368916
240.21184	0.598025326
240.260851	0.602151929
240.310309	0.597173819
240.359595	0.599244253
240.408488	0.60503107
240.457774	0.601464135
240.506941	0.603435739
240.556342	0.600604331
240.60549	0.60280521
240.654017	0.60908571
240.703612	0.595100313
240.752447	0.603744985
240.801886	0.596297503
240.851073	0.599757281
240.900183	0.600417662
240.948885	0.605611679
240.998888	0.590220269
241.047335	0.611684606
241.09664	0.602853528
241.145895	0.60533333
241.195174	0.606468457
241.244122	0.610727665
241.293284	0.608549979
241.342837	0.604590264
241.39192	0.611357061
241.440577	0.617576981
241.491062	0.595786102
241.539368	0.623256381
241.589133	0.605895207
241.638432	0.612814385
241.687439	0.61719221
241.736309	0.620003674
241.786482	0.604540109
241.835684	0.616755925
241.884886	0.616793802
241.933892	0.618378362
241.983132	0.614647875
242.031575	0.624631244
242.081553	0.605385006
242.130618	0.61646934
242.179663	0.616223969
242.229351	0.607782792
242.278065	0.620389602
242.326819	0.62015774
242.37641	0.609891183
242.425534	0.616390526
242.474286	0.621518791
242.523526	0.616179104
242.573292	0.610241156
242.622006	0.623769021
242.671208	0.617887854
242.720448	0.61655643
242.769648	0.616571277
242.818518	0.620645683
242.867857	0.615235458
242.916533	0.623135398
242.9662	0.610667271
243.014895	0.623053748
243.064272	0.615636513
243.113375	0.621063238
243.16244	0.621960896
243.211485	0.622375555
243.260376	0.624141876
243.309285	0.624032294
243.358622	0.618810196
243.407492	0.625370417
243.456986	0.617882057
243.505913	0.624833936
243.555096	0.621336733
243.604218	0.621908902
243.652933	0.628561298
243.702076	0.624235765
243.751549	0.62065075
243.800751	0.624193261
243.849524	0.629228308
243.89925	0.615760275
243.94886	0.616205494
243.997731	0.624980236
244.046893	0.620894371
244.095627	0.626404424
244.144925	0.619396094
244.194399	0.61739178
244.243483	0.623173586
244.292294	0.628505637
244.341648	0.62234939
244.390705	0.626808193
244.439665	0.627801684
244.48872	0.625357206
244.537621	0.626669886
244.586991	0.620347975
244.636496	0.618862649
244.685824	0.621230244
244.73531	0.619203365
244.784094	0.626985795
244.833248	0.622317799
244.882908	0.616550956
244.931712	0.627721927
244.981198	0.619335634
245.030449	0.622459212
245.08013	0.617012906
245.128874	0.628180112
245.178067	0.621229831
245.227591	0.616645235
245.276863	0.61938322
245.325743	0.623823882
245.375269	0.615272327
245.424521	0.61852449
245.473616	0.621185503
245.522438	0.625785786
245.572411	0.612242429
245.62139	0.62557353
245.670914	0.619095379
245.719191	0.634694293
245.768853	0.616387461
245.817421	0.630496745
245.867005	0.617597731
245.916062	0.624640492
245.965197	0.623977539
246.014077	0.627914373
246.064341	0.610714066
246.113224	0.628751769
246.162476	0.624523323
246.211531	0.627314193
246.260979	0.623095796
246.309899	0.629897142
246.359207	0.623895855
246.407992	0.630254037
246.456562	0.633327016
246.50593	0.623818244
246.555533	0.621969804
246.604744	0.628016463
246.653861	0.629989941
246.702723	0.63407449
246.752364	0.625236928
246.800797	0.64083936
246.849757	0.634090213
246.899475	0.624078667
246.948824	0.626961677
246.997725	0.631186897
247.046898	0.626493336
247.095896	0.628134868
247.144661	0.63095318
247.194498	0.617134358
247.242794	0.636589987
247.292553	0.617820394
247.341706	0.625757375
247.390938	0.624273385
247.440014	0.625600877
247.48876	0.629406189
247.538031	0.621597667
247.587567	0.617290272
247.636771	0.621147301
247.685408	0.628184304
247.734494	0.6225905
247.783911	0.618907599
247.833115	0.622141308
247.882357	0.622516209
247.931504	0.624322533
247.980355	0.62841251
248.030047	0.617959814
248.079581	0.620044726
248.128901	0.623011133
248.178067	0.62530948
248.227055	0.62705825
248.27657	0.619589794
248.325833	0.62206884
248.374627	0.62796632
248.424122	0.61936674
248.473072	0.626772217
248.522198	0.624773542
248.571967	0.616839343
248.62076	0.629553792
248.670704	0.614536918
248.718991	0.635291449
248.768566	0.618912575
248.817671	0.623915589
248.867402	0.615310598
248.916546	0.622302223
248.966042	0.617916553
249.014738	0.627674291
249.06441	0.614635417
249.112404	0.635900274
249.161627	0.619670128
249.211396	0.612761184
249.260619	0.619498368
249.310252	0.614539813
249.359377	0.622094379
249.408951	0.617280136
249.45798	0.624501918
249.507241	0.621559375
249.556347	0.623235265
249.60553	0.621457109
249.654871	0.618475599
249.704172	0.618582326
249.753628	0.616753459
249.802754	0.621088444
249.852093	0.618297299
249.900732	0.627066243
249.950228	0.616315644
249.999392	0.62209599
250.048226	0.627417978
250.097487	0.623616829
250.147023	0.621968917
250.195992	0.630721384
250.244942	0.630916752
250.294632	0.620742924
250.343464	0.63128337
250.392533	0.628157196
250.441443	0.630431823
250.49133	0.618474798
250.539751	0.637836983
250.589152	0.625373796
250.637438	0.641341552
250.687655	0.617300461
250.736609	0.633596892
250.785044	0.640664152
250.833868	0.634696237
250.88365	0.622406648
250.932709	0.631977684
250.982373	0.624907332
251.031062	0.63838318
251.080002	0.635848859
251.129336	0.631427892
251.178217	0.63775105
251.227395	0.635463844
251.276648	0.63451811
251.325335	0.641297051
251.374747	0.630856371
251.423395	0.638464068
251.472512	0.630716638
251.521883	0.626566755
251.570767	0.632481998
251.619864	0.629790841
251.669314	0.625780862
251.718237	0.633007946
251.766768	0.638947973
251.81614	0.629222121
251.866154	0.621108362
251.91494	0.636573971
251.963784	0.635154778
252.013449	0.6242049
252.062508	0.631528781
252.110825	0.640582931
252.160273	0.62593096
252.209372	0.630839315
252.25886	0.626686589
252.307625	0.636868842
252.35649	0.636517818
252.40635	0.624906784
252.455719	0.632031234
252.505032	0.632852438
252.554247	0.634095065
252.603482	0.633441657
252.65219	0.640150815
252.701502	0.632564543
252.750834	0.632616299
252.800127	0.633539844
252.849089	0.63783811
252.898011	0.63730205
252.947773	0.625730066
252.996539	0.638042573
253.045578	0.634941299
253.095028	0.629589117
253.143891	0.637100158
253.193087	0.633257323
253.242302	0.634300333
253.292063	0.628488265
253.341162	0.637267885
253.389849	0.642617639
253.439747	0.626790698
253.489197	0.632232512
253.538178	0.638345852
253.587822	0.630194256
253.636452	0.64431935
253.686097	0.631644219
253.735566	0.634360775
253.784312	0.644266383
253.833743	0.637205949
253.883347	0.636505212
253.931664	0.654970394
253.98128	0.638973911
254.030507	0.644257494
254.07975	0.643339478
254.129113	0.641449337
254.178789	0.637034804
254.227545	0.649041097
254.276654	0.644116335
254.326054	0.639981367
254.374947	0.645770077
254.424212	0.640534724
254.47379	0.636681088
254.523875	0.629817719
254.572846	0.643973892
254.621838	0.643454312
254.671532	0.633162683
254.719799	0.651431337
254.769124	0.637346911
254.818173	0.641414244
254.867653	0.636728798
254.916428	0.64692279
254.965577	0.642790522
255.014977	0.640516654
255.06391	0.647406797
255.113642	0.636500735
255.162575	0.646262143
255.211468	0.646419919
255.261612	0.629813637
255.310311	0.648301066
255.358853	0.650742234
255.407862	0.645245122
255.456795	0.64698298
255.506567	0.636964102
255.555422	0.649705995
255.605292	0.637143619
255.653853	0.654663722
255.703919	0.634841555
255.752089	0.658458207
255.801335	0.643403202
255.850149	0.647345257
255.899355	0.640637182
255.948758	0.637740761
255.997553	0.645894
256.046816	0.640593484
256.096102	0.641344075
256.146128	0.632738022
256.19426	0.658388296
256.24366	0.642825727
256.292534	0.650525981
256.341603	0.647947047
256.391239	0.640196082
256.440289	0.646847604
256.489319	0.646036286
256.538701	0.641747913
256.587067	0.65602292
256.636645	0.641000957
256.685929	0.645772001
256.73535	0.64499771
256.784476	0.650048067
256.833584	0.651759897
256.88283	0.650500456
256.932173	0.649193586
256.981125	0.653814637
257.029843	0.655442127
257.079224	0.645646513
257.128521	0.64665838
257.177423	0.652836285
257.227029	0.644962532
257.276615	0.646653839
257.325556	0.656634333
257.374653	0.656405131
257.423574	0.660501346
257.473649	0.646341624
257.522629	0.66094649
257.571648	0.659277525
257.620961	0.653381784
257.67037	0.651023967
257.719291	0.65690789
257.769386	0.641878839
257.818112	0.660175592
257.867384	0.653559923
257.916697	0.653493547
257.966166	0.652603145
258.016084	0.647010415
258.065045	0.659492435
258.113946	0.659383476
258.163864	0.644026431
258.21263	0.65769766
258.262274	0.645578336
258.311098	0.65672876
258.360821	0.645824915
258.409742	0.657364564
258.459583	0.646608032
258.508855	0.656209178
258.558442	0.653586121
258.607421	0.662677558
258.656675	0.658981781
258.705029	0.67068791
258.755241	0.644487147
258.804553	0.654688975
258.853944	0.651963644
258.902787	0.657936003
258.952784	0.641854193
259.00235	0.646558262
259.050489	0.66530445
259.100291	0.643484334
259.149759	0.648127669
259.199013	0.65094021
259.248247	0.650994832
259.297637	0.64809586
259.346969	0.648003232
259.396555	0.644279865
259.444831	0.661832249
259.494848	0.638707839
259.543651	0.654700577
259.593022	0.647246681
259.642119	0.651520089
259.691001	0.655711017
259.740627	0.647060925
259.789313	0.660457972
259.838352	0.655829127
259.888172	0.645096894
259.937387	0.652725056
259.98664	0.652484943
260.03476	0.668192445
260.084092	0.652470644
260.133736	0.649280605
260.182697	0.658687991
260.23152	0.661061618
260.281106	0.650817863
260.329587	0.665350156
260.378362	0.6606386
260.427997	0.648460123
260.476947	0.656657536
260.525976	0.655372099
260.575846	0.644343931
260.6237	0.671370209
260.673453	0.646023858
260.722148	0.660270795
260.77151	0.651299214
260.820519	0.656590441
260.870116	0.648823838
260.918869	0.659426087
260.968779	0.643466194
261.018082	0.650254087
261.067209	0.652191121
261.116217	0.653965123
261.165128	0.655865431
261.21492	0.645149047
261.26293	0.669980923
261.312233	0.652999403
261.361204	0.658531441
261.410428	0.656227145
261.459632	0.65693361
261.508543	0.661070153
261.558042	0.652392656
261.606855	0.6601122
261.656392	0.649604428
261.706106	0.646730663
261.754743	0.661121957
261.804045	0.652949954
261.852584	0.6641693
261.901867	0.655283815
261.950583	0.664599646
261.99965	0.66120328
262.049032	0.657455008
262.098099	0.6620486
262.147304	0.660239859
262.196881	0.654723506
262.245694	0.664411539
262.29527	0.654088489
262.344514	0.658837994
262.39368	0.660707187
262.442219	0.670666184
262.490837	0.670981847
262.540511	0.658508018
262.590048	0.661682865
262.639097	0.668694478
262.688223	0.667685691
262.736802	0.673649435
262.786221	0.660976685
262.835739	0.657907685
262.885121	0.658163538
262.934207	0.661689086
262.983549	0.658611647
263.032519	0.66432208
263.082428	0.652858885
263.130616	0.678128561
263.180133	0.66081277
263.228848	0.672340515
263.278307	0.662125332
263.327767	0.661189483
263.376678	0.667765059
263.425824	0.663599969
263.475655	0.653810562
263.524447	0.667497885
263.573445	0.664612702
263.622523	0.663915789
263.67258	0.65171727
263.721598	0.667192061
263.770754	0.666280682
263.81987	0.667039624
263.868889	0.668558249
263.917751	0.669942668
263.966965	0.664943826
264.016395	0.661763651
264.065767	0.662823242
264.115158	0.662892439
264.164842	0.659082675
264.214037	0.665842796
264.263349	0.664470385
264.312446	0.669412545
264.361602	0.669738597
264.410934	0.667937048
264.460306	0.667546429
264.509696	0.666865762
264.558773	0.67061385
264.608184	0.666041652
264.657085	0.672978197
264.707397	0.654343262
264.755612	0.683066379
264.805747	0.656651133
264.854962	0.6691442
264.903608	0.678526311
264.952725	0.673110541
265.002409	0.666015811
265.051585	0.673166511
265.100819	0.67180293
265.148877	0.687684909
265.198718	0.662829844
265.248266	0.666798999
265.297422	0.672151138
265.346617	0.671689658
265.39636	0.663898118
265.445712	0.668943139
265.49475	0.674317737
265.544239	0.668698875
265.593277	0.675223111
265.642687	0.67004195
265.691823	0.672748272
265.741214	0.668238463
265.791017	0.661901757
265.839996	0.672435218
265.889328	0.667520345
265.938582	0.668642741
265.987287	0.675879133
266.03752	0.655209451
266.086265	0.676205718
266.135832	0.665852648
266.184654	0.676806237
266.234711	0.660447998
266.284161	0.668381745
266.33316	0.673721774
266.382237	0.672190686
266.431863	0.664834324
266.480607	0.67695791
266.530488	0.66137202
266.57982	0.668316204
266.628956	0.670636785
266.678935	0.659657511
266.727649	0.677297827
266.776654	0.67387697
266.826601	0.661458191
266.875941	0.669122877
266.925024	0.671855929
266.974913	0.66051293
267.023978	0.67129573
267.073022	0.671904079
267.122381	0.667695769
267.171838	0.666028984
267.221392	0.664411551
267.270849	0.666355714
267.320365	0.666546029
267.370273	0.662253319
267.419474	0.672023943
267.468284	0.677155855
267.518428	0.658397452
267.567571	0.671108712
267.617263	0.663438143
267.666582	0.668276241
267.715843	0.66913735
267.765241	0.667035655
267.814442	0.669571341
267.864174	0.663634124
267.913376	0.671903581
267.96348	0.660671939
268.012799	0.671953138
268.062197	0.670537361
268.111222	0.675169209
268.161346	0.660299503
268.210626	0.671720041
268.259553	0.67694125
268.309599	0.662464623
268.358918	0.672868791
268.408375	0.671446454
268.457773	0.673827888
268.506935	0.677761325
268.556235	0.676081274
268.605869	0.671473367
268.655109	0.676621926
268.705017	0.666955152
268.754494	0.672558829
268.804206	0.669505671
268.853211	0.679573745
268.902688	0.673740737
268.951477	0.683719924
269.001503	0.66732958
269.050469	0.683024724
269.099926	0.676782586
269.149403	0.675771754
269.198526	0.680230562
269.247688	0.679325033
269.296674	0.68047573
269.345994	0.67570919
269.395706	0.670477633
269.444613	0.681826779
269.4946	0.667592665
269.543586	0.681540969
269.592807	0.678745076
269.642636	0.670811448
269.691642	0.683501417
269.740177	0.690447147
269.790026	0.671048612
269.839287	0.678001775
269.888253	0.67973023
269.936988	0.681950857
269.986239	0.67454168
270.034861	0.68365307
270.084681	0.66760246
270.13405	0.673867158
270.182928	0.680878691
270.23153	0.68473239
270.281311	0.670040916
270.330621	0.67716234
270.379714	0.680122884
270.42924	0.674158523
270.477804	0.685987001
270.527584	0.668035493
270.577149	0.670879378
270.626184	0.678982081
270.675023	0.682709329
270.724705	0.672093378
270.77374	0.681800337
270.822951	0.680119098
270.872104	0.682733922
270.921296	0.6822266
270.970291	0.684791584
271.020131	0.672554447
271.068871	0.687652479
271.118397	0.675671961
271.16698	0.688687869
271.216309	0.678480665
271.265619	0.67942101
271.315164	0.676820659
271.364729	0.677024889
271.414039	0.681010214
271.463839	0.674698111
271.512638	0.689988524
271.56185	0.684105595
271.611199	0.682126054
271.660273	0.685910795
271.709916	0.677557305
271.759245	0.681239046
271.80828	0.685580337
271.857393	0.68536404
271.90739	0.674334778
271.955954	0.695360995
272.005951	0.676411948
272.055555	0.682570046
272.104825	0.688078215
272.153683	0.695485572
272.203032	0.688842134
272.252263	0.69048927
272.302024	0.681897881
272.351648	0.683144978
272.400212	0.698244725
272.449561	0.687466496
272.499145	0.684827309
272.549103	0.679973223
272.598157	0.692936958
272.646996	0.69624406
272.696266	0.691617156
272.745831	0.687974469
272.795769	0.682286262
272.844705	0.695628427
272.893976	0.68940401
272.942952	0.69227321
272.992968	0.677610437
273.042219	0.68849225
273.09092	0.697347077
273.141349	0.67478106
273.190107	0.699006503
273.24015	0.682285053
273.289683	0.691694288
273.338685	0.699706134
273.387293	0.705525699
273.437042	0.689219199
273.486496	0.692736731
273.535694	0.696001593
273.5845	0.700124892
273.633718	0.692578057
273.683132	0.68879426
273.733019	0.681621829
273.781765	0.697057894
273.831848	0.679002628
273.881302	0.688542291
273.930618	0.691363765
273.979757	0.69520183
274.029368	0.688987596
274.078429	0.697917574
274.128217	0.687278379
274.176492	0.7078066
274.226299	0.68533973
274.275144	0.699284844
274.32505	0.685054949
274.374013	0.699005557
274.422995	0.699777933
274.472056	0.69947153
274.521745	0.691571575
274.570216	0.711242758
274.620221	0.689862605
274.66936	0.702004425
274.719089	0.693338348
274.768032	0.702387796
274.817407	0.695313003
274.866507	0.699519996
274.915568	0.700992595
274.964884	0.698532285
275.014751	0.691608542
275.064126	0.699154891
275.113285	0.703456456
275.162366	0.705644519
275.211859	0.699857005
275.261018	0.70371027
275.310531	0.697949161
275.360358	0.691908549
275.409792	0.696286279
275.458165	0.711469631
275.507265	0.701564062
275.557034	0.693023359
275.60635	0.700064842
275.655784	0.698906853
275.705022	0.702412032
275.754948	0.693671179
275.804087	0.704944369
275.853167	0.705295621
275.902484	0.701191918
275.952861	0.685541923
276.001667	0.706379013
276.050531	0.705535447
276.099788	0.700185207
276.149321	0.697006633
276.198775	0.698910742
276.248366	0.697592901
276.298017	0.697697657
276.347392	0.703039125
276.39634	0.710315028
276.446039	0.699556558
276.495619	0.700675905
276.545061	0.70178947
276.593756	0.711081967
276.644005	0.688538126
276.6927	0.710764359
276.742752	0.692402856
276.791664	0.709631583
276.841303	0.700274848
276.890411	0.708844189
276.940129	0.700924121
276.988942	0.715858573
277.038148	0.710753585
277.087866	0.703305964
277.137505	0.703070716
277.186849	0.705276869
277.236253	0.703306136
277.285282	0.707866077
277.334567	0.704166167
277.383695	0.707061609
277.433334	0.70072835
277.48256	0.707383016
277.532101	0.704763593
277.581661	0.705307616
277.630395	0.717714345
277.680153	0.702947036
277.728946	0.716523235
277.777896	0.713160925
277.827556	0.701612099
277.876841	0.705923801
277.925752	0.711121406
277.975037	0.70571698
278.023752	0.714711961
278.072879	0.7097074
278.122538	0.703666506
278.171902	0.709874835
278.220852	0.717162921
278.270295	0.710899879
278.319009	0.721333376
278.368176	0.713775592
278.41752	0.710509844
278.466963	0.708391021
278.515461	0.721857087
278.565081	0.705728308
278.613952	0.717416073
278.663611	0.706958502
278.712562	0.717868146
278.761847	0.714878213
278.810955	0.717662184
278.86024	0.714502845
278.909624	0.712723481
278.958377	0.719309115
279.007623	0.710709545
279.056613	0.713353606
279.105721	0.710549151
279.155223	0.704323012
279.203937	0.715447445
279.25399	0.696811834
279.303472	0.705794761
279.351517	0.728815315
279.401195	0.705156206
279.450461	0.710994213
279.499293	0.716995841
279.548579	0.708894375
279.597277	0.716884724
279.647062	0.700813955
279.696139	0.710917399
279.745727	0.703887075
279.794961	0.709195789
279.844175	0.710226349
279.893567	0.709525328
279.942703	0.714943543
279.991937	0.714194644
280.040993	0.716560017
280.090542	0.708973578
280.139776	0.712166528
280.188617	0.717357436
280.238087	0.707822004
280.287754	0.704385983
280.337087	0.708977072
280.386321	0.710524785
280.435732	0.708241724
280.485183	0.709083234
280.534023	0.718659724
280.58302	0.716911935
280.632687	0.707521411
280.681922	0.713898788
280.730939	0.716540134
280.781138	0.698868956
280.82988	0.719390548
280.87933	0.708641879
280.928132	0.718304671
280.977858	0.705197665
281.027485	0.707070885
281.076542	0.71588222
281.125953	0.712581943
281.175444	0.713416673
281.224343	0.722944929
281.273576	0.7187721
281.323185	0.713486281
281.373068	0.708543446
281.421988	0.722193005
281.470788	0.724091608
281.520515	0.710990417
281.569355	0.72366354
281.618648	0.716881477
281.668079	0.714725393
281.717648	0.712562975
281.767079	0.716404501
281.815683	0.729259096
281.865369	0.713789187
281.914032	0.728057111
281.963345	0.717206923
282.012933	0.712835813
282.062069	0.719479654
282.110929	0.723980157
282.160045	0.720754068
282.209791	0.712210529
282.259202	0.716992076
282.307885	0.728811672
282.356724	0.726974205
282.406471	0.714409
282.455803	0.7205852
282.504526	0.729351501
282.553897	0.718665125
282.603151	0.719896538
282.652385	0.720108656
282.701245	0.726092174
282.750596	0.719073345
282.799969	0.718879982
282.848756	0.727249901
282.898016	0.721130227
282.946725	0.729280476
282.996774	0.710087069
283.045857	0.724414396
283.095019	0.723284521
283.144338	0.721342641
283.193007	0.730852802
283.242503	0.717643391
283.290995	0.732558979
283.34059	0.716499785
283.38985	0.7217254
283.439209	0.72011874
283.488824	0.71623249
283.538459	0.716247241
283.587522	0.725991907
283.636211	0.732319368
283.685963	0.717378424
283.735402	0.722167492
283.784326	0.73004953
283.834138	0.716261096
283.883438	0.722715748
283.932402	0.726954312
283.981308	0.726933951
284.030549	0.721222475
284.079966	0.717979827
284.128891	0.724784457
284.178546	0.713700213
284.227925	0.71898203
284.277106	0.722550837
284.326702	0.71676464
284.375903	0.722761086
284.42463	0.729956511
284.474443	0.713195533
284.522973	0.731188065
284.572254	0.719438941
284.621888	0.713334564
284.671641	0.711268667
284.720664	0.721551387
284.77026	0.713099114
284.819599	0.717057915
284.869549	0.709146647
284.918002	0.731757861
284.967478	0.716616505
285.016345	0.725214962