90.5823	0.19155
90.6146	0.190553
90.6467	0.192186
90.6793	0.190279
90.7114	0.192485
90.7438	0.190857
90.7762	0.191093
90.8084	0.19336
90.8405	0.192229
90.8733	0.188472
90.906	0.190756
90.9384	0.19509
90.9719	0.189518
91.0046	0.195243
91.037	0.196014
91.0697	0.191867
91.1029	0.191318
91.1355	0.195744
91.1692	0.189705
91.2022	0.194888
91.2353	0.195318
91.2682	0.196579
91.3015	0.192612
91.3349	0.191385
91.3681	0.19312
91.4017	0.193307
91.4355	0.195222
91.4686	0.201517
91.5027	0.195582
91.5359	0.200866
91.5696	0.197744
91.6033	0.197942
91.637	0.197591
91.6709	0.198935
91.7054	0.194512
91.7388	0.198996
91.7729	0.194869
91.807	0.195524
91.8411	0.199593
91.8745	0.209196
91.9091	0.201575
91.9441	0.19837
91.9777	0.205954
92.0123	0.19917
92.0463	0.203525
92.081	0.199132
92.1158	0.199396
92.1495	0.206039
92.1851	0.194165
92.2194	0.201489
92.2538	0.200821
92.2888	0.201435
92.3234	0.207096
92.3587	0.203553
92.3933	0.207515
92.4279	0.206091
92.4632	0.201572
92.4979	0.205921
92.533	0.204159
92.5685	0.202029
92.6033	0.207859
92.6388	0.201841
92.6739	0.203189
92.7093	0.200845
92.7445	0.203153
92.7797	0.207142
92.8149	0.211062
92.8504	0.211222
92.886	0.210541
92.9221	0.205707
92.9576	0.208904
92.9926	0.211222
93.0287	0.206165
93.0637	0.212344
93.0999	0.205493
93.1359	0.205623
93.1717	0.205754
93.2078	0.203648
93.2438	0.205801
93.2792	0.211244
93.3157	0.207895
93.3516	0.213634
93.3876	0.2139
93.4241	0.210468
93.4606	0.208653
93.4969	0.20977
93.5329	0.211293
93.569	0.210952
93.6057	0.206228
93.6416	0.210999
93.6793	0.200364
93.7155	0.209732
93.7519	0.210381
93.7882	0.211079
93.8251	0.210422
93.8622	0.211822
93.8988	0.216229
93.9352	0.218003
93.972	0.21448
94.0086	0.214749
94.0457	0.211768
94.0825	0.213303
94.1195	0.212345
94.1567	0.210117
94.1932	0.215039
94.2303	0.212878
94.2673	0.216589
94.3042	0.217616
94.3417	0.215724
94.379	0.219144
94.4166	0.218395
94.4534	0.222876
94.4905	0.219372
94.5285	0.213924
94.5647	0.225385
94.6022	0.215651
94.6396	0.214685
94.6774	0.211687
94.7145	0.215954
94.752	0.217374
94.79	0.216616
94.8274	0.220936
94.8648	0.223092
94.9026	0.220757
94.9405	0.221574
94.9783	0.222941
95.0161	0.223948
95.0537	0.223014
95.0915	0.220752
95.1293	0.221144
95.1671	0.220453
95.2053	0.217457
95.2431	0.219638
95.2808	0.220948
95.3192	0.218915
95.3574	0.220699
95.3947	0.229098
95.4336	0.222388
95.471	0.23242
95.5096	0.223924
95.5477	0.225214
95.5857	0.224974
95.6241	0.222715
95.6625	0.222317
95.7011	0.220384
95.7387	0.224734
95.7778	0.216451
95.8163	0.221444
95.8542	0.226386
95.8931	0.223609
95.9316	0.229293
95.9702	0.228376
96.0088	0.227648
96.0468	0.231016
96.0858	0.223777
96.1244	0.226315
96.1629	0.22531
96.2019	0.222237
96.2405	0.224702
96.2802	0.218291
96.3181	0.230475
96.3572	0.223566
96.3961	0.226687
96.435	0.229061
96.4741	0.23057
96.5127	0.235642
96.5523	0.228104
96.591	0.231105
96.6298	0.22927
96.669	0.227237
96.7081	0.227263
96.7477	0.224346
96.7866	0.228225
96.826	0.224685
96.8654	0.225084
96.9048	0.224676
96.9441	0.227978
96.9829	0.23202
97.0228	0.227722
97.0615	0.237751
97.1015	0.231032
97.1412	0.231246
97.1803	0.234636
97.22	0.230621
97.2596	0.23076
97.2986	0.23323
97.3385	0.227101
97.3791	0.222339
97.4176	0.235238
97.4576	0.226441
97.4977	0.22769
97.5365	0.236825
97.5767	0.228712
97.6167	0.231936
97.6569	0.23368
97.6959	0.241889
97.7361	0.235675
97.7763	0.235053
97.8156	0.239332
97.8557	0.23401
97.8953	0.235522
97.9357	0.230613
97.9752	0.235223
98.0156	0.230227
98.0559	0.231579
98.0959	0.234193
98.1355	0.239099
98.1759	0.235791
98.2161	0.239226
98.2566	0.237607
98.2965	0.242959
98.3368	0.241051
98.3769	0.241139
98.4173	0.238938
98.4575	0.237733
98.4982	0.233764
98.5385	0.235843
98.5793	0.232516
98.6191	0.238759
98.6601	0.232291
98.6999	0.240197
98.7407	0.23578
98.7816	0.237641
98.8216	0.244213
98.8628	0.239008
98.9034	0.243652
98.9441	0.242695
98.984	0.248637
99.0248	0.241216
99.0659	0.236863
99.1063	0.240838
99.1473	0.235043
99.1883	0.234074
99.2292	0.2364
99.2696	0.241745
99.3104	0.242416
99.3516	0.240561
99.3922	0.247782
99.4336	0.244885
99.4746	0.24769
99.5154	0.249355
99.5565	0.245687
99.5984	0.237546
99.6392	0.24144
99.6802	0.238798
99.7217	0.239053
99.762	0.247329
99.8038	0.239048
99.8451	0.242962
99.8861	0.245362
99.9271	0.24555
99.9692	0.240104
100.01	0.252098
100.052	0.245046
100.093	0.250495
100.134	0.244047
100.175	0.243998
100.216	0.242511
100.258	0.240148
100.3	0.245022
100.341	0.245245
100.382	0.252455
100.423	0.246302
100.465	0.24485
100.506	0.251246
100.548	0.247897
100.589	0.252671
100.631	0.246066
100.673	0.250005
100.715	0.243089
100.756	0.245978
100.797	0.246796
100.839	0.246747
100.881	0.247591
100.923	0.248886
100.964	0.252165
101.006	0.248183
101.047	0.250939
101.089	0.248538
101.131	0.247844
101.173	0.249231
101.214	0.25191
101.256	0.246433
101.298	0.24886
101.339	0.251211
101.382	0.248818
101.423	0.250773
101.465	0.251737
101.507	0.248611
101.549	0.252025
101.591	0.252321
101.633	0.251706
101.675	0.253124
101.716	0.253051
101.759	0.245817
101.801	0.251834
101.843	0.249807
101.885	0.253709
101.927	0.256256
101.969	0.255844
102.011	0.258052
102.053	0.255159
102.095	0.254266
102.138	0.252582
102.18	0.254375
102.222	0.25259
102.265	0.251393
102.307	0.252676
102.349	0.253533
102.391	0.249641
102.434	0.253757
102.476	0.253986
102.518	0.260406
102.561	0.255072
102.604	0.25354
102.645	0.263779
102.688	0.256376
102.73	0.263639
102.773	0.258775
102.815	0.25834
102.858	0.255863
102.9	0.254802
102.943	0.251673
102.985	0.258378
103.028	0.253211
103.07	0.259708
103.113	0.252294
103.155	0.257554
103.198	0.257954
103.24	0.257702
103.283	0.256057
103.326	0.255818
103.368	0.264738
103.411	0.257835
103.454	0.256076
103.496	0.256327
103.539	0.257109
103.582	0.255122
103.625	0.255828
103.667	0.259185
103.711	0.25523
103.754	0.258979
103.796	0.257738
103.839	0.261722
103.882	0.256081
103.924	0.258098
103.967	0.256652
104.01	0.258565
104.053	0.262386
104.096	0.266208
104.139	0.25894
104.182	0.263001
104.225	0.259169
104.268	0.261191
104.311	0.261067
104.354	0.259582
104.397	0.261803
104.44	0.259277
104.483	0.25979
104.526	0.260413
104.569	0.260981
104.612	0.264158
104.655	0.267637
104.698	0.265864
104.742	0.264747
104.785	0.265802
104.828	0.26567
104.871	0.264596
104.914	0.266265
104.957	0.263804
105	0.266182
105.043	0.260449
105.087	0.259328
105.13	0.261273
105.174	0.26305
105.217	0.265366
105.26	0.268599
105.304	0.268808
105.347	0.268046
105.39	0.268733
105.434	0.263455
105.477	0.267826
105.52	0.262665
105.564	0.260487
105.607	0.263868
105.651	0.262236
105.694	0.265279
105.738	0.266623
105.781	0.267806
105.825	0.269858
105.868	0.271918
105.912	0.272843
105.956	0.269814
105.999	0.273968
106.043	0.265155
106.086	0.273903
106.13	0.266132
106.174	0.272353
106.217	0.272336
106.26	0.268892
106.304	0.267876
106.348	0.264432
106.392	0.272324
106.435	0.276081
106.478	0.278363
106.522	0.27247
106.566	0.272683
106.61	0.270103
106.653	0.273915
106.697	0.272239
106.74	0.272825
106.784	0.270833
106.828	0.271412
106.871	0.271964
106.915	0.270272
106.959	0.270586
107.002	0.273875
107.046	0.273804
107.09	0.278534
107.134	0.276442
107.178	0.278296
107.221	0.280367
107.265	0.277889
107.309	0.275295
107.353	0.275539
107.397	0.274497
107.441	0.275469
107.485	0.276573
107.529	0.271533
107.573	0.278576
107.617	0.275973
107.66	0.282025
107.703	0.285536
107.748	0.277539
107.792	0.283531
107.835	0.28362
107.88	0.278514
107.923	0.284682
107.967	0.278336
108.011	0.276864
108.056	0.274974
108.1	0.274203
108.143	0.278298
108.187	0.275823
108.232	0.277118
108.276	0.283344
108.32	0.283329
108.364	0.2833
108.408	0.281056
108.452	0.282662
108.496	0.28195
108.541	0.277155
108.585	0.280098
108.629	0.280238
108.673	0.28088
108.717	0.277653
108.761	0.280152
108.805	0.280321
108.849	0.281511
108.894	0.280625
108.938	0.285797
108.983	0.284819
109.027	0.282946
109.071	0.287183
109.116	0.282703
109.159	0.287833
109.204	0.281145
109.248	0.281431
109.293	0.28008
109.337	0.281982
109.381	0.280755
109.425	0.283356
109.47	0.280684
109.514	0.284958
109.559	0.283781
109.603	0.290434
109.647	0.288222
109.693	0.283774
109.736	0.295074
109.781	0.288288
109.826	0.286362
109.87	0.289019
109.914	0.286551
109.958	0.285153
110.003	0.283928
110.048	0.278401
110.092	0.286697
110.137	0.287636
110.181	0.289551
110.226	0.286315
110.27	0.29159
110.315	0.288273
110.359	0.293484
110.404	0.289224
110.449	0.285055
110.494	0.292915
110.538	0.293896
110.582	0.28826
110.626	0.295245
110.671	0.286428
110.716	0.288585
110.761	0.283223
110.805	0.292851
110.85	0.287686
110.895	0.291305
110.939	0.299543
110.984	0.297199
111.029	0.294603
111.073	0.292952
111.118	0.296718
111.163	0.289801
111.208	0.29377
111.253	0.290672
111.297	0.294079
111.342	0.291263
111.386	0.290897
111.431	0.293675
111.476	0.291701
111.521	0.296558
111.566	0.29689
111.611	0.298002
111.655	0.302907
111.7	0.298151
111.745	0.294468
111.79	0.295458
111.835	0.298132
111.88	0.294316
111.925	0.292776
111.969	0.294848
112.014	0.291319
112.06	0.28958
112.104	0.295499
112.148	0.301199
112.194	0.292361
112.239	0.300081
112.284	0.29645
112.329	0.29883
112.373	0.298621
112.418	0.300515
112.463	0.295347
112.509	0.297263
112.553	0.300956
112.598	0.299531
112.643	0.298395
112.687	0.302168
112.733	0.297729
112.778	0.301022
112.823	0.300757
112.868	0.304155
112.913	0.300193
112.958	0.301229
113.003	0.299011
113.048	0.296578
113.093	0.299225
113.138	0.298055
113.183	0.299872
113.229	0.296986
113.273	0.303676
113.319	0.297538
113.364	0.302137
113.409	0.299489
113.454	0.304182
113.499	0.305452
113.544	0.303504
113.589	0.302497
113.634	0.298086
113.679	0.304558
113.725	0.299067
113.77	0.303617
113.815	0.302767
113.86	0.30006
113.905	0.306514
113.949	0.305354
113.995	0.297685
114.04	0.299146
114.086	0.294072
114.131	0.304932
114.176	0.305134
114.222	0.304297
114.268	0.302592
114.312	0.307111
114.358	0.303898
114.403	0.299314
114.448	0.303419
114.494	0.302207
114.54	0.302442
114.584	0.308704
114.63	0.302833
114.676	0.302451
114.721	0.306247
114.766	0.305651
114.812	0.301165
114.857	0.311201
114.902	0.307653
114.948	0.305598
114.993	0.304454
115.038	0.308137
115.084	0.30612
115.129	0.307464
115.175	0.30456
115.22	0.311906
115.265	0.305553
115.31	0.307398
115.356	0.309173
115.401	0.310326
115.447	0.308363
115.492	0.310689
115.538	0.308561
115.584	0.306968
115.629	0.310322
115.675	0.304336
115.72	0.310305
115.765	0.30951
115.811	0.311508
115.857	0.307748
115.902	0.313191
115.948	0.30659
115.993	0.311508
116.038	0.310688
116.084	0.30897
116.129	0.312638
116.175	0.311165
116.22	0.310686
116.266	0.307717
116.311	0.314168
116.357	0.307147
116.403	0.306561
116.448	0.310862
116.493	0.309306
116.539	0.307785
116.585	0.30793
116.631	0.306565
116.676	0.31235
116.721	0.312989
116.767	0.309232
116.812	0.315531
116.858	0.309948
116.904	0.312279
116.95	0.309083
116.995	0.312429
117.041	0.308959
117.087	0.308463
117.132	0.31403
117.178	0.308777
117.224	0.308623
117.27	0.315824
117.316	0.309804
117.362	0.313765
117.407	0.318074
117.453	0.311322
117.499	0.317188
117.545	0.309599
117.591	0.319648
117.637	0.314103
117.682	0.31554
117.728	0.309333
117.774	0.313842
117.82	0.310148
117.865	0.311475
117.911	0.313384
117.957	0.317777
118.002	0.322182
118.049	0.313671
118.095	0.317996
118.141	0.313911
118.187	0.317554
118.232	0.317258
118.279	0.312639
118.325	0.312411
118.37	0.31775
118.417	0.312657
118.462	0.318173
118.508	0.314926
118.554	0.316852
118.6	0.315196
118.646	0.317648
118.692	0.315931
118.738	0.323388
118.784	0.317921
118.829	0.322474
118.875	0.315777
118.922	0.316692
118.968	0.316541
119.014	0.318117
119.059	0.317375
119.105	0.313862
119.152	0.310438
119.197	0.320756
119.244	0.312632
119.29	0.318333
119.336	0.323015
119.382	0.320853
119.428	0.319627
119.474	0.323177
119.52	0.316703
119.567	0.314453
119.612	0.322569
119.658	0.319642
119.704	0.31816
119.75	0.320511
119.796	0.313582
119.842	0.31738
119.889	0.317523
119.934	0.323311
119.981	0.317991
120.027	0.325507
120.073	0.320554
120.119	0.32227
120.165	0.323066
120.212	0.322827
120.258	0.322257
120.304	0.322391
120.35	0.326088
120.396	0.319001
120.443	0.319745
120.489	0.324265
120.535	0.319054
120.581	0.323936
120.627	0.32749
120.674	0.318667
120.72	0.327454
120.766	0.329219
120.812	0.33116
120.858	0.32762
120.904	0.329638
120.95	0.326409
120.997	0.322626
121.043	0.330752
121.089	0.326425
121.135	0.328845
121.181	0.327154
121.228	0.323098
121.274	0.324296
121.32	0.329261
121.367	0.326512
121.413	0.32893
121.459	0.329286
121.505	0.325983
121.552	0.323795
121.598	0.328586
121.644	0.330749
121.69	0.323749
121.736	0.328955
121.783	0.326956
121.829	0.326681
121.875	0.332773
121.921	0.329017
121.967	0.326171
122.014	0.32579
122.06	0.325789
122.106	0.330354
122.153	0.332439
122.199	0.330393
122.245	0.334049
122.29	0.334642
122.337	0.328377
122.384	0.327023
122.43	0.332378
122.476	0.331758
122.522	0.33277
122.568	0.330554
122.614	0.331136
122.661	0.326452
122.708	0.324519
122.754	0.329584
122.8	0.325223
122.846	0.330916
122.892	0.328448
122.938	0.330492
122.984	0.334038
123.03	0.333349
123.078	0.32634
123.124	0.33284
123.17	0.333077
123.216	0.336075
123.263	0.332692
123.309	0.336295
123.356	0.328763
123.402	0.329429
123.448	0.33514
123.495	0.327865
123.541	0.330723
123.587	0.33271
123.634	0.331311
123.68	0.331471
123.727	0.331653
123.774	0.328848
123.82	0.331143
123.867	0.332213
123.913	0.337099
123.959	0.331269
124.006	0.334493
124.052	0.332311
124.099	0.328401
124.145	0.336362
124.192	0.331953
124.238	0.336025
124.285	0.332761
124.331	0.335093
124.377	0.339246
124.424	0.330961
124.47	0.341033
124.517	0.337504
124.564	0.336174
124.61	0.341821
124.657	0.337495
124.703	0.34028
124.749	0.340737
124.796	0.333356
124.842	0.343378
124.889	0.331665
124.936	0.33827
124.982	0.337208
125.028	0.34389
125.076	0.332212
125.121	0.344098
125.169	0.334608
125.215	0.34457
125.262	0.337971
125.309	0.340798
125.354	0.348087
125.402	0.337337
125.448	0.340975
125.494	0.343038
125.541	0.336891
125.588	0.336078
125.634	0.341121
125.68	0.340812
125.728	0.333462
125.775	0.338104
125.821	0.343217
125.867	0.341998
125.914	0.345773
125.96	0.346854
126.007	0.345972
126.054	0.340614
126.101	0.338778
126.148	0.338585
126.195	0.339294
126.241	0.340303
126.288	0.339662
126.334	0.342135
126.382	0.334652
126.428	0.343329
126.475	0.345292
126.521	0.346371
126.569	0.341019
126.616	0.347277
126.662	0.347279
126.709	0.3498
126.756	0.34128
126.802	0.345846
126.849	0.343034
126.897	0.338741
126.943	0.343065
126.99	0.350647
127.036	0.347752
127.084	0.34152
127.13	0.350483
127.177	0.345146
127.224	0.350864
127.27	0.355642
127.317	0.34879
127.364	0.347449
127.411	0.346539
127.458	0.345692
127.505	0.346374
127.551	0.352732
127.599	0.346947
127.646	0.348924
127.692	0.350414
127.739	0.348293
127.786	0.351585
127.833	0.351658
127.88	0.353851
127.927	0.354048
127.974	0.342928
128.02	0.353845
128.067	0.34754
128.114	0.349542
128.161	0.345956
128.208	0.350101
128.256	0.346184
128.302	0.353627
128.349	0.348345
128.397	0.344525
128.443	0.358387
128.49	0.351026
128.537	0.350428
128.584	0.346231
128.63	0.355608
128.677	0.347767
128.724	0.348774
128.771	0.353183
128.818	0.344906
128.865	0.349939
128.912	0.354294
128.959	0.347479
129.006	0.350442
129.053	0.347087
129.1	0.351641
129.147	0.348701
129.194	0.345487
129.241	0.347826
129.288	0.351445
129.334	0.348568
129.382	0.343408
129.429	0.34568
129.476	0.346303
129.523	0.346331
129.57	0.349222
129.617	0.348432
129.664	0.347822
129.712	0.346186
129.758	0.352393
129.806	0.343827
129.853	0.345813
129.9	0.345759
129.946	0.355438
129.994	0.347847
130.041	0.352899
130.088	0.346228
130.135	0.34998
130.183	0.349474
130.23	0.351442
130.276	0.351425
130.324	0.348038
130.37	0.353492
130.418	0.344373
130.465	0.352798
130.512	0.346167
130.558	0.356086
130.606	0.34574
130.653	0.351392
130.7	0.353675
130.748	0.35006
130.795	0.352102
130.842	0.350559
130.888	0.351697
130.936	0.346323
130.983	0.352312
131.031	0.347979
131.077	0.356418
131.124	0.351487
131.172	0.34578
131.219	0.355719
131.265	0.358347
131.313	0.348938
131.36	0.350642
131.408	0.348107
131.455	0.352321
131.501	0.358705
131.549	0.350993
131.595	0.35764
131.643	0.349914
131.69	0.354499
131.737	0.355236
131.785	0.349021
131.832	0.360198
131.879	0.355214
131.926	0.359182
131.974	0.35664
132.02	0.364049
132.068	0.349922
132.115	0.359052
132.161	0.357812
132.209	0.352103
132.257	0.355593
132.303	0.360688
132.351	0.356194
132.398	0.355926
132.445	0.362943
132.492	0.358204
132.54	0.360203
132.586	0.363281
132.634	0.351463
132.681	0.360928
132.729	0.354954
132.776	0.358121
132.823	0.353502
132.87	0.362679
132.917	0.357347
132.964	0.361827
133.012	0.359584
133.059	0.363251
133.106	0.36881
133.153	0.361034
133.201	0.362207
133.248	0.367977
133.295	0.361712
133.343	0.357199
133.39	0.359319
133.436	0.369556
133.484	0.357364
133.531	0.360674
133.578	0.361001
133.625	0.360902
133.672	0.36365
133.72	0.360198
133.767	0.364446
133.814	0.369697
133.861	0.368271
133.908	0.367169
133.956	0.363177
134.002	0.369793
134.05	0.354934
134.098	0.36208
134.145	0.364862
134.192	0.359341
134.239	0.363912
134.287	0.362616
134.333	0.36849
134.381	0.359373
134.428	0.364603
134.475	0.369356
134.523	0.361792
134.57	0.370763
134.617	0.367586
134.665	0.365283
134.712	0.369655
134.759	0.368963
134.807	0.36497
134.853	0.368698
134.901	0.361152
134.949	0.365464
134.995	0.369543
135.043	0.364668
135.09	0.369994
135.138	0.362573
135.185	0.370767
135.232	0.371422
135.281	0.365232
135.327	0.378862
135.375	0.371346
135.422	0.372418
135.469	0.37107
135.517	0.372732
135.564	0.369609
135.611	0.371367
135.66	0.36022
135.707	0.37325
135.755	0.370261
135.802	0.370922
135.85	0.36951
135.897	0.375995
135.945	0.370855
135.992	0.374826
136.039	0.374077
136.087	0.367725
136.135	0.375125
136.182	0.373844
136.229	0.373711
136.276	0.37259
136.324	0.373818
136.371	0.371587
136.419	0.374585
136.466	0.371006
136.514	0.37888
136.561	0.374072
136.609	0.372711
136.656	0.383496
136.703	0.373673
136.751	0.373188
136.799	0.370492
136.846	0.379011
136.894	0.368817
136.941	0.375181
136.989	0.370525
137.036	0.379489
137.083	0.377531
137.131	0.372342
137.178	0.379373
137.226	0.374992
137.273	0.378858
137.321	0.376634
137.368	0.379262
137.416	0.376086
137.464	0.371541
137.51	0.382104
137.558	0.37238
137.605	0.379047
137.653	0.375331
137.701	0.375635
137.748	0.378564
137.796	0.383673
137.843	0.381648
137.89	0.381629
137.938	0.377589
137.986	0.374933
138.033	0.380814
138.08	0.376827
138.128	0.372602
138.176	0.374025
138.224	0.373504
138.271	0.379931
138.319	0.375792
138.366	0.382514
138.414	0.382254
138.461	0.382698
138.509	0.382612
138.557	0.378701
138.604	0.388493
138.652	0.375147
138.7	0.377506
138.747	0.38254
138.794	0.380507
138.842	0.379143
138.89	0.375891
138.938	0.380054
138.985	0.380358
139.033	0.382481
139.08	0.381064
139.128	0.382524
139.175	0.385466
139.223	0.379526
139.271	0.377863
139.319	0.382368
139.366	0.380345
139.414	0.379496
139.462	0.379661
139.509	0.385344
139.557	0.380248
139.605	0.384606
139.652	0.384341
139.699	0.38954
139.748	0.377574
139.796	0.384376
139.844	0.383573
139.891	0.388808
139.938	0.382443
139.986	0.381552
140.034	0.37923
140.082	0.385236
140.129	0.382537
140.177	0.38528
140.225	0.380825
140.272	0.382478
140.32	0.380811
140.368	0.383114
140.415	0.39385
140.463	0.38028
140.511	0.383355
140.558	0.388563
140.606	0.378122
140.654	0.380627
140.702	0.385025
140.75	0.383729
140.797	0.382894
140.845	0.384852
140.893	0.384932
140.94	0.384349
140.988	0.385694
141.036	0.388479
141.084	0.384254
141.131	0.391403
141.179	0.381885
141.226	0.389539
141.275	0.380678
141.322	0.389144
141.371	0.382993
141.418	0.391361
141.466	0.381404
141.514	0.389553
141.562	0.38457
141.61	0.387006
141.657	0.387636
141.706	0.383497
141.753	0.387962
141.801	0.388032
141.849	0.390982
141.896	0.386831
141.945	0.383459
141.992	0.388348
142.041	0.385401
142.088	0.390248
142.136	0.387071
142.184	0.392134
142.232	0.387387
142.28	0.388574
142.328	0.386847
142.375	0.390059
142.423	0.390013
142.471	0.388963
142.519	0.387928
142.566	0.392499
142.615	0.385161
142.662	0.395062
142.71	0.388923
142.758	0.391981
142.806	0.38908
142.854	0.390292
142.902	0.387802
142.949	0.394441
142.997	0.391297
143.045	0.394872
143.092	0.392883
143.141	0.389556
143.188	0.39929
143.236	0.392704
143.284	0.393477
143.332	0.389588
143.38	0.388518
143.428	0.399277
143.476	0.394033
143.524	0.391527
143.571	0.396874
143.619	0.391968
143.667	0.388512
143.715	0.395633
143.763	0.397202
143.811	0.395168
143.858	0.396332
143.906	0.3917
143.954	0.39573
144.002	0.395363
144.05	0.394727
144.098	0.390513
144.146	0.395058
144.193	0.396001
144.241	0.393903
144.289	0.39836
144.337	0.393536
144.384	0.400252
144.432	0.397226
144.481	0.394416
144.528	0.397129
144.576	0.396548
144.624	0.400554
144.672	0.39842
144.72	0.397577
144.768	0.393792
144.816	0.399595
144.864	0.399595
144.912	0.396406
144.959	0.407761
145.008	0.39672
145.056	0.403171
145.103	0.404722
145.152	0.400028
145.2	0.396053
145.248	0.403824
145.296	0.3978
145.343	0.403014
145.392	0.396
145.44	0.398716
145.487	0.401114
145.535	0.403098
145.583	0.396931
145.631	0.408345
145.679	0.397435
145.727	0.40427
145.775	0.401712
145.823	0.399414
145.871	0.402319
145.919	0.404777
145.967	0.397128
146.014	0.405706
146.063	0.398786
146.111	0.396519
146.159	0.402425
146.206	0.405983
146.255	0.4009
146.303	0.403617
146.351	0.399275
146.399	0.404511
146.447	0.399588
146.494	0.408563
146.543	0.39788
146.59	0.405323
146.638	0.402148
146.686	0.402912
146.735	0.399679
146.783	0.402598
146.831	0.405329
146.878	0.407712
146.927	0.403666
146.975	0.404959
147.022	0.409807
147.07	0.406392
147.119	0.40365
147.167	0.404024
147.214	0.408703
147.262	0.407308
147.31	0.40305
147.359	0.394486
147.407	0.407512
147.455	0.409893
147.503	0.405911
147.551	0.412046
147.599	0.407996
147.646	0.414202
147.694	0.409869
147.743	0.404218
147.79	0.410232
147.839	0.404244
147.887	0.401756
147.936	0.403519
147.984	0.407398
148.031	0.410499
148.079	0.406805
148.127	0.410173
148.176	0.404207
148.223	0.418368
148.272	0.407121
148.319	0.415759
148.368	0.409205
148.416	0.403506
148.464	0.417152
148.512	0.404892
148.56	0.410184
148.608	0.411962
148.656	0.405926
148.705	0.410036
148.752	0.415012
148.8	0.412354
148.848	0.411975
148.896	0.414604
148.945	0.41285
148.993	0.416086
149.04	0.415032
149.088	0.412776
149.137	0.410252
149.185	0.410535
149.232	0.415634
149.281	0.408506
149.329	0.414218
149.377	0.41471
149.425	0.411716
149.474	0.408645
149.521	0.421142
149.57	0.414313
149.618	0.41939
149.666	0.417596
149.714	0.412621
149.762	0.41967
149.81	0.412402
149.858	0.415792
149.906	0.41549
149.954	0.416201
150.002	0.418287
150.051	0.416139
150.098	0.421761
150.146	0.423511
150.194	0.417394
150.242	0.420731
150.29	0.420109
150.338	0.422204
150.386	0.414265
150.435	0.415268
150.483	0.416394
150.531	0.412752
150.58	0.413689
150.628	0.419052
150.676	0.420242
150.723	0.422752
150.772	0.417633
150.819	0.424307
150.868	0.415985
150.916	0.41643
150.964	0.419557
151.012	0.418574
151.061	0.415351
151.109	0.418689
151.157	0.418609
151.205	0.419692
151.253	0.416576
151.301	0.41642
151.349	0.421438
151.398	0.418056
151.446	0.418415
151.493	0.429441
151.542	0.416825
151.59	0.423008
151.638	0.419378
151.686	0.420221
151.734	0.418847
151.783	0.419283
151.831	0.421408
151.879	0.421723
151.927	0.416842
151.975	0.422571
152.023	0.425088
152.071	0.424223
152.12	0.423421
152.168	0.424324
152.216	0.423925
152.264	0.42225
152.312	0.421533
152.361	0.420101
152.408	0.428968
152.457	0.422813
152.505	0.42073
152.553	0.426959
152.601	0.421479
152.649	0.4285
152.697	0.424799
152.745	0.423827
152.794	0.418445
152.842	0.422361
152.89	0.423403
152.938	0.424365
152.987	0.417419
153.034	0.431061
153.082	0.419331
153.131	0.419294
153.179	0.427449
153.227	0.424985
153.275	0.423634
153.323	0.423906
153.372	0.421279
153.419	0.433981
153.467	0.42644
153.515	0.42626
153.564	0.421516
153.612	0.430738
153.66	0.432206
153.708	0.424912
153.757	0.425815
153.805	0.431913
153.853	0.426049
153.901	0.433552
153.95	0.422767
153.998	0.42917
154.046	0.425194
154.094	0.43261
154.143	0.423872
154.191	0.426739
154.239	0.431626
154.287	0.425964
154.335	0.428104
154.383	0.43069
154.432	0.430402
154.479	0.434665
154.528	0.42583
154.575	0.434623
154.624	0.424543
154.672	0.431696
154.72	0.429743
154.768	0.431214
154.817	0.429177
154.865	0.43063
154.912	0.433201
154.96	0.429958
155.009	0.425649
155.057	0.429465
155.106	0.430662
155.154	0.431619
155.201	0.435786
155.249	0.437696
155.298	0.423166
155.346	0.437045
155.394	0.438228
155.443	0.426426
155.49	0.438278
155.539	0.426584
155.587	0.439443
155.635	0.429461
155.683	0.442299
155.731	0.433246
155.779	0.431509
155.827	0.4346
155.875	0.435839
155.924	0.433011
155.972	0.438063
156.02	0.433052
156.068	0.43191
156.117	0.435841
156.164	0.444595
156.213	0.432116
156.261	0.437421
156.309	0.433662
156.357	0.437067
156.405	0.441944
156.453	0.435111
156.501	0.430592
156.549	0.440775
156.598	0.423365
156.646	0.439165
156.693	0.438348
156.742	0.430008
156.79	0.434203
156.838	0.438747
156.887	0.436186
156.934	0.443663
156.983	0.43778
157.031	0.441505
157.079	0.4388
157.127	0.43812
157.176	0.431898
157.224	0.442065
157.271	0.442103
157.32	0.436119
157.368	0.43829
157.416	0.441467
157.465	0.4326
157.513	0.446175
157.56	0.442563
157.609	0.441126
157.657	0.43197
157.705	0.439012
157.753	0.435547
157.801	0.440879
157.85	0.430602
157.898	0.440409
157.946	0.436093
157.994	0.442228
158.042	0.441237
158.09	0.436505
158.138	0.443015
158.187	0.439365
158.236	0.437073
158.283	0.44356
158.331	0.446567
158.379	0.435717
158.427	0.440868
158.476	0.437751
158.524	0.438817
158.571	0.441898
158.62	0.437799
158.668	0.439126
158.717	0.434885
158.765	0.443424
158.812	0.446553
158.861	0.439897
158.908	0.447048
158.957	0.442191
159.005	0.439025
159.053	0.440532
159.101	0.44641
159.149	0.44168
159.198	0.439497
159.246	0.442142
159.294	0.443857
159.343	0.435255
159.391	0.446013
159.439	0.445593
159.487	0.442091
159.535	0.443069
159.583	0.440631
159.632	0.435633
159.68	0.441142
159.728	0.44144
159.776	0.442732
159.825	0.439184
159.873	0.442394
159.921	0.446062
159.97	0.435352
160.018	0.450997
160.066	0.442206
160.115	0.439659
160.163	0.439685
160.211	0.447905
160.259	0.442155
160.308	0.444073
160.356	0.444967
160.404	0.443604
160.453	0.442164
160.501	0.44231
160.549	0.447494
160.598	0.443487
160.646	0.448054
160.694	0.443818
160.743	0.446138
160.791	0.467922
160.839	0.467304
160.887	0.474726
160.936	0.472873
160.984	0.468305
161.032	0.473343
161.08	0.471066
161.129	0.471241
161.177	0.465819
161.226	0.467823
161.274	0.470015
161.322	0.463905
161.371	0.467673
161.418	0.469629
161.467	0.463369
161.515	0.469517
161.563	0.460169
161.611	0.467603
161.66	0.461399
161.708	0.460012
161.757	0.45777
161.805	0.46379
161.853	0.46621
161.901	0.457748
161.95	0.459914
161.998	0.458041
162.046	0.460174
162.094	0.460801
162.143	0.456884
162.191	0.458775
162.24	0.460469
162.288	0.455232
162.336	0.461586
162.385	0.458244
162.432	0.462083
162.482	0.450146
162.53	0.460829
162.577	0.465784
162.625	0.458488
162.674	0.453064
162.722	0.46116
162.771	0.454434
162.819	0.457429
162.868	0.453175
162.916	0.459628
162.964	0.456373
163.012	0.456238
163.061	0.448998
163.108	0.471013
163.157	0.450257
163.205	0.458481
163.254	0.450738
163.302	0.458614
163.351	0.454795
163.399	0.454181
163.447	0.457836
163.496	0.453643
163.544	0.457498
163.593	0.454068
163.64	0.463199
163.688	0.460261
163.737	0.457
163.785	0.455602
163.833	0.457012
163.882	0.453077
163.93	0.456691
163.979	0.455396
164.026	0.459924
164.075	0.447116
164.124	0.456066
164.172	0.458851
164.22	0.458214
164.268	0.460851
164.317	0.451303
164.365	0.463895
164.413	0.46219
164.461	0.460112
164.509	0.460591
164.558	0.454491
164.606	0.45938
164.655	0.456492
164.703	0.459592
164.752	0.452158
164.8	0.456433
164.848	0.46131
164.896	0.466767
164.945	0.457932
164.993	0.460392
165.041	0.461307
165.09	0.458542
165.137	0.466388
165.186	0.457245
165.235	0.453084
165.283	0.462286
165.332	0.455227
165.38	0.45943
165.428	0.466471
165.476	0.462295
165.525	0.453834
165.573	0.46456
165.622	0.460963
165.67	0.46389
165.718	0.460312
165.767	0.46129
165.815	0.465257
165.864	0.460287
165.911	0.465703
165.96	0.460549
166.008	0.463185
166.057	0.462319
166.105	0.457486
166.154	0.461387
166.202	0.464621
166.251	0.46085
166.3	0.460492
166.348	0.466731
166.397	0.456277
166.445	0.469289
166.493	0.465552
166.541	0.461394
166.59	0.460875
166.638	0.46422
166.686	0.464165
166.735	0.466111
166.783	0.467019
166.831	0.461786
166.88	0.461707
166.929	0.463342
166.977	0.465445
167.025	0.463722
167.073	0.465984
167.122	0.459491
167.171	0.463297
167.219	0.464136
167.267	0.468577
167.316	0.467265
167.364	0.461382
167.412	0.473183
167.461	0.469464
167.51	0.460219
167.557	0.478176
167.606	0.464321
167.655	0.464043
167.703	0.466708
167.751	0.468651
167.8	0.465226
167.848	0.466334
167.897	0.464145
167.945	0.465617
167.993	0.471465
168.042	0.465181
168.09	0.470729
168.138	0.469694
168.187	0.469472
168.235	0.472534
168.283	0.465738
168.332	0.468853
168.38	0.466451
168.429	0.461642
168.477	0.471034
168.526	0.470569
168.574	0.467519
168.622	0.469182
168.671	0.466381
168.719	0.472568
168.768	0.468562
168.815	0.477934
168.864	0.464556
168.912	0.475142
168.961	0.462927
169.01	0.465344
169.058	0.475411
169.106	0.468549
169.155	0.462126
169.203	0.473876
169.252	0.469739
169.3	0.467119
169.349	0.468151
169.397	0.473357
169.446	0.465669
169.495	0.467356
169.542	0.476208
169.591	0.471537
169.64	0.465463
169.688	0.471766
169.737	0.469792
169.785	0.472048
169.833	0.474502
169.882	0.469596
169.93	0.473887
169.979	0.473837
170.027	0.47073
170.076	0.469322
170.125	0.473989
170.173	0.474445
170.222	0.467001
170.271	0.470376
170.319	0.475397
170.367	0.47716
170.415	0.477299
170.464	0.467938
170.513	0.473373
170.561	0.475682
170.609	0.47725
170.658	0.473198
170.706	0.475582
170.755	0.472012
170.803	0.48025
170.852	0.475813
170.9	0.476079
170.949	0.478026
170.997	0.472666
171.047	0.468347
171.094	0.486271
171.143	0.472764
171.192	0.479447
171.24	0.476012
171.289	0.477773
171.337	0.476188
171.386	0.479497
171.434	0.4764
171.483	0.476564
171.531	0.481054
171.58	0.478353
171.629	0.473239
171.677	0.485755
171.726	0.477423
171.775	0.471014
171.823	0.485573
171.871	0.480566
171.92	0.478105
171.968	0.481116
172.017	0.476222
172.066	0.479286
172.114	0.482362
172.163	0.474787
172.211	0.485133
172.26	0.474408
172.308	0.481869
172.357	0.476818
172.406	0.477151
172.454	0.483965
172.503	0.481535
172.552	0.475797
172.601	0.478792
172.649	0.478468
172.698	0.482603
172.747	0.480112
172.795	0.486441
172.844	0.475175
172.892	0.487813
172.941	0.48027
172.989	0.48294
173.038	0.477033
173.086	0.483517
173.136	0.475777
173.184	0.486957
173.232	0.483694
173.281	0.472927
173.33	0.483801
173.379	0.479794
173.426	0.495421
173.475	0.480647
173.524	0.483507
173.572	0.485848
173.621	0.482023
173.669	0.491095
173.718	0.479046
173.767	0.480916
173.816	0.48488
173.864	0.480144
173.913	0.488406
173.961	0.482747
174.01	0.478984
174.059	0.484165
174.107	0.48564
174.156	0.485315
174.204	0.486401
174.253	0.484341
174.302	0.487626
174.35	0.487852
174.399	0.483038
174.447	0.483889
174.496	0.489284
174.545	0.47802
174.594	0.483682
174.641	0.493394
174.691	0.480744
174.739	0.48979
174.788	0.486297
174.837	0.48668
174.885	0.491913
174.934	0.490936
174.982	0.487865
175.031	0.490475
175.079	0.493328
175.128	0.479553
175.177	0.48598
175.226	0.489203
175.274	0.492568
175.323	0.485691
175.371	0.489531
175.42	0.493507
175.468	0.491906
175.517	0.489261
175.566	0.489812
175.615	0.483964
175.664	0.491126
175.712	0.492145
175.761	0.488621
175.81	0.489157
175.858	0.486691
175.907	0.489858
175.955	0.492448
176.004	0.489429
176.053	0.490781
176.102	0.490343
176.15	0.498526
176.2	0.486352
176.248	0.501148
176.296	0.494094
176.345	0.492857
176.394	0.487528
176.442	0.493902
176.491	0.492741
176.54	0.490543
176.589	0.494123
176.637	0.49373
176.686	0.494542
176.735	0.492996
176.783	0.4944
176.832	0.494434
176.881	0.497408
176.93	0.491686
176.978	0.495533
177.027	0.491442
177.075	0.498013
177.124	0.490597
177.173	0.48538
177.222	0.499071
177.27	0.496009
177.319	0.493324
177.368	0.49582
177.416	0.498226
177.465	0.500897
177.514	0.490381
177.562	0.499021
177.611	0.493346
177.66	0.496667
177.709	0.491151
177.758	0.493796
177.806	0.501345
177.854	0.496963
177.903	0.496401
177.952	0.499322
178	0.499477
178.049	0.500485
178.098	0.492116
178.147	0.501248
178.195	0.497078
178.244	0.50157
178.293	0.491839
178.342	0.495937
178.391	0.497215
178.439	0.500706
178.488	0.498146
178.536	0.500703
178.585	0.496096
178.634	0.49893
178.683	0.498712
178.732	0.500055
178.781	0.491739
178.829	0.506412
178.878	0.498008
178.927	0.491847
178.976	0.501276
179.025	0.496002
179.074	0.49977
179.123	0.495986
179.171	0.500108
179.22	0.500802
179.269	0.494889
179.318	0.502123
179.367	0.496048
179.416	0.500794
179.465	0.495204
179.513	0.502277
179.562	0.499055
179.611	0.502931
179.66	0.502693
179.708	0.506559
179.757	0.500344
179.806	0.499669
179.855	0.503793
179.904	0.491771
179.953	0.505321
180.002	0.506459
180.05	0.504904
180.099	0.51147
180.148	0.496259
180.197	0.507052
180.246	0.511143
180.295	0.504353
180.344	0.504022
180.392	0.509783
180.441	0.504747
180.49	0.506844
180.539	0.503224
180.587	0.508929
180.636	0.506227
180.685	0.504433
180.734	0.50749
180.783	0.507049
180.832	0.508156
180.88	0.516094
180.93	0.503892
180.978	0.51149
181.028	0.498642
181.076	0.517134
181.125	0.504563
181.174	0.505476
181.222	0.514626
181.272	0.500857
181.32	0.509586
181.369	0.51216
181.418	0.512016
181.467	0.507425
181.516	0.511584
181.565	0.509383
181.614	0.508244
181.662	0.515411
181.711	0.510118
181.76	0.505074
181.809	0.511532
181.858	0.503884
181.907	0.516979
181.956	0.509604
182.005	0.50925
182.053	0.517047
182.103	0.50651
182.152	0.508166
182.201	0.513855
182.25	0.508446
182.299	0.508461
182.347	0.510728
182.397	0.507877
182.445	0.510766
182.494	0.5112
182.543	0.512909
182.592	0.50808
182.641	0.51313
182.69	0.514554
182.739	0.511529
182.788	0.515096
182.836	0.518218
182.885	0.510523
182.935	0.508059
182.983	0.513064
183.033	0.507608
183.081	0.519928
183.13	0.514841
183.179	0.508493
183.227	0.521126
183.277	0.505857
183.326	0.513718
183.374	0.517593
183.424	0.507729
183.473	0.512025
183.522	0.511399
183.57	0.516478
183.619	0.51428
183.668	0.505904
183.717	0.519822
183.766	0.510757
183.815	0.511877
183.864	0.51583
183.913	0.513071
183.962	0.512305
184.011	0.517513
184.06	0.514327
184.109	0.513802
184.157	0.514994
184.207	0.511178
184.255	0.517432
184.304	0.519404
184.352	0.518098
184.402	0.510576
184.451	0.511067
184.5	0.512029
184.549	0.516405
184.598	0.516919
184.647	0.515972
184.696	0.517475
184.745	0.516003
184.793	0.516587
184.843	0.508358
184.892	0.519315
184.94	0.525788
184.99	0.504635
185.039	0.515885
185.088	0.518173
185.137	0.516324
185.186	0.520437
185.235	0.513888
185.284	0.518156
185.333	0.508211
185.382	0.522805
185.431	0.51684
185.48	0.518002
185.529	0.518832
185.577	0.523871
185.627	0.515278
185.675	0.518871
185.724	0.516892
185.773	0.521515
185.823	0.510232
185.871	0.518596
185.921	0.514559
185.969	0.51818
186.019	0.511319
186.067	0.522089
186.116	0.515889
186.165	0.52261
186.214	0.515996
186.263	0.51798
186.312	0.518196
186.361	0.520234
186.41	0.521488
186.459	0.514994
186.508	0.520587
186.557	0.514037
186.606	0.523101
186.655	0.510778
186.704	0.517696
186.753	0.518845
186.802	0.519617
186.851	0.517299
186.9	0.520204
186.949	0.519819
186.998	0.522374
187.046	0.521354
187.096	0.516751
187.144	0.528757
187.193	0.518546
187.242	0.518333
187.291	0.520595
187.34	0.51708
187.389	0.522336
187.438	0.521981
187.487	0.52159
187.536	0.522959
187.585	0.524821
187.634	0.523021
187.683	0.523782
187.732	0.5201
187.781	0.529301
187.83	0.519505
187.879	0.523934
187.928	0.521318
187.977	0.524291
188.025	0.527771
188.075	0.519848
188.124	0.52058
188.173	0.527686
188.222	0.527161
188.27	0.533091
188.32	0.517006
188.369	0.528707
188.418	0.522955
188.467	0.529073
188.516	0.52549
188.564	0.528469
188.614	0.517417
188.662	0.529273
188.711	0.527667
188.76	0.525262
188.809	0.528796
188.858	0.52633
188.907	0.524469
188.956	0.529161
189.005	0.530111
189.054	0.535887
189.103	0.520958
189.153	0.522127
189.201	0.535269
189.25	0.5248
189.299	0.523438
189.348	0.524444
189.398	0.520657
189.447	0.5323
189.496	0.532824
189.544	0.535033
189.594	0.52845
189.642	0.538184
189.691	0.527927
189.74	0.536315
189.789	0.530134
189.838	0.529003
189.887	0.525097
189.935	0.539259
189.985	0.524799
190.034	0.526622
190.083	0.533106
190.132	0.537088
190.181	0.531223
190.229	0.540112
190.279	0.530688
190.327	0.537406
190.377	0.524678
190.426	0.533739
190.475	0.532055
190.524	0.531438
190.573	0.529288
190.622	0.536616
190.671	0.534263
190.72	0.531677
190.769	0.53868
190.819	0.526822
190.867	0.539381
190.917	0.528463
190.966	0.530607
191.015	0.538345
191.064	0.534978
191.113	0.529884
191.162	0.536421
191.211	0.53194
191.26	0.538382
191.309	0.533998
191.358	0.52993
191.408	0.532855
191.457	0.5356
191.506	0.540738
191.555	0.539557
191.604	0.533589
191.652	0.544083
191.702	0.531412
191.752	0.526106
191.8	0.53866
191.849	0.534216
191.898	0.541428
191.947	0.53634
191.996	0.532111
192.045	0.539003
192.094	0.546249
192.143	0.53068
192.192	0.540165
192.241	0.542164
192.29	0.533703
192.339	0.538321
192.388	0.536705
192.438	0.533923
192.487	0.537088
192.535	0.542654
192.584	0.543765
192.634	0.527128
192.683	0.544368
192.732	0.535434
192.781	0.53528
192.83	0.545835
192.879	0.536022
192.928	0.545227
192.977	0.536895
193.027	0.533416
193.075	0.542788
193.124	0.542989
193.173	0.537913
193.223	0.535037
193.272	0.538317
193.321	0.541897
193.37	0.543573
193.419	0.534797
193.468	0.538918
193.517	0.542293
193.566	0.539822
193.615	0.543507
193.664	0.541417
193.713	0.537834
193.762	0.543491
193.811	0.529647
193.861	0.536191
193.91	0.54075
193.958	0.545102
194.007	0.542533
194.057	0.534071
194.106	0.541641
194.155	0.538781
194.204	0.546668
194.253	0.539277
194.302	0.537905
194.351	0.538596
194.401	0.53672
194.45	0.541973
194.499	0.541342
194.548	0.538479
194.596	0.55041
194.646	0.533854
194.695	0.542142
194.744	0.538625
194.793	0.545373
194.842	0.546853
194.891	0.545537
194.94	0.542159
194.989	0.541694
195.038	0.541356
195.087	0.543851
195.136	0.549692
195.185	0.541185
195.234	0.541944
195.284	0.544264
195.332	0.552326
195.381	0.545749
195.43	0.542931
195.48	0.540444
195.529	0.54385
195.578	0.54544
195.627	0.545233
195.676	0.539866
195.724	0.55017
195.773	0.546649
195.823	0.542657
195.871	0.549288
195.921	0.537722
195.97	0.546042
196.019	0.547323
196.068	0.549695
196.117	0.549969
196.166	0.551008
196.215	0.542418
196.265	0.540957
196.313	0.552442
196.363	0.544429
196.412	0.545869
196.461	0.549946
196.51	0.544221
196.559	0.548951
196.608	0.549353
196.657	0.551629
196.706	0.54797
196.755	0.553059
196.805	0.540088
196.853	0.554861
196.903	0.543968
196.951	0.551109
197	0.549079
197.05	0.548278
197.099	0.548153
197.148	0.545316
197.197	0.552683
197.246	0.555659
197.296	0.541609
197.344	0.558621
197.394	0.545539
197.442	0.55193
197.492	0.5468
197.54	0.555162
197.59	0.544734
197.639	0.552088
197.688	0.549457
197.737	0.553846
197.786	0.546502
197.835	0.552965
197.885	0.549514
197.934	0.552796
197.983	0.548503
198.032	0.551282
198.081	0.557797
198.131	0.544857
198.18	0.545598
198.229	0.5594
198.278	0.546417
198.327	0.551604
198.376	0.550781
198.426	0.549404
198.475	0.554286
198.523	0.555914
198.573	0.548656
198.622	0.556607
198.671	0.551613
198.72	0.5478
198.769	0.56438
198.818	0.548224
198.867	0.560167
198.916	0.554872
198.965	0.552119
199.014	0.555146
199.063	0.551832
199.112	0.556226
199.161	0.55459
199.21	0.55974
199.26	0.55015
199.309	0.558323
199.358	0.557327
199.407	0.557622
199.456	0.557793
199.506	0.550399
199.554	0.560601
199.603	0.558604
199.652	0.556135
199.702	0.555713
199.75	0.558365
199.799	0.561871
199.849	0.552348
199.898	0.558925
199.947	0.553453
199.996	0.562888
200.045	0.55445
200.093	0.569489
200.143	0.551323
200.192	0.559952
200.241	0.558608
200.29	0.557268
200.339	0.556821
200.388	0.560346
200.437	0.560574
200.486	0.560023
200.535	0.557499
200.585	0.554933
200.634	0.563591
200.683	0.557879
200.732	0.552787
200.781	0.556406
200.83	0.556656
200.88	0.554539
200.928	0.565248
200.978	0.554225
201.027	0.558316
201.076	0.558749
201.125	0.560983
201.174	0.550673
201.223	0.56788
201.272	0.553105
201.321	0.559692
201.37	0.560175
201.42	0.550153
201.468	0.569707
201.518	0.550375
201.567	0.562382
201.616	0.562756
201.665	0.551596
201.715	0.560738
201.764	0.557614
201.813	0.56599
201.862	0.559249
201.911	0.558214
201.96	0.560268
202.01	0.557184
202.059	0.556255
202.108	0.56225
202.157	0.562148
202.206	0.555985
202.254	0.574598
202.304	0.555532
202.353	0.565682
202.403	0.554804
202.452	0.56679
202.501	0.562334
202.55	0.560412
202.599	0.558343
202.648	0.562433
202.697	0.556994
202.746	0.565356
202.795	0.557861
202.845	0.559462
202.894	0.55458
202.942	0.576507
202.993	0.549233
203.042	0.563696
203.09	0.567736
203.14	0.558097
203.189	0.556026
203.238	0.562916
203.288	0.550837
203.336	0.564692
203.386	0.551551
203.435	0.560393
203.484	0.560377
203.533	0.564054
203.582	0.567396
203.632	0.559717
203.681	0.56285
203.731	0.553457
203.78	0.560821
203.829	0.565505
203.878	0.555757
203.926	0.567171
203.976	0.557042
204.025	0.56287
204.074	0.558507
204.124	0.559432
204.173	0.554669
204.222	0.565426
204.272	0.560976
204.321	0.563168
204.37	0.570339
204.419	0.566454
204.468	0.568047
204.517	0.561434
204.566	0.56181
204.616	0.562352
204.665	0.564555
204.713	0.571205
204.764	0.555594
204.813	0.571335
204.862	0.571157
204.911	0.565504
204.961	0.567294
205.009	0.578005
205.059	0.56353
205.108	0.57393
205.157	0.568538
205.206	0.568736
205.255	0.5668
205.304	0.570311
205.353	0.564069
205.402	0.573197
205.452	0.566506
205.501	0.571122
205.549	0.579393
205.599	0.564131
205.649	0.569433
205.697	0.579035
205.746	0.567979
205.796	0.569602
205.845	0.571057
205.894	0.564545
205.943	0.568188
205.993	0.566818
206.042	0.569067
206.09	0.57754
206.139	0.578873
206.189	0.564814
206.238	0.572579
206.287	0.573344
206.335	0.578046
206.385	0.562549
206.434	0.570021
206.483	0.57301
206.533	0.566866
206.582	0.567437
206.631	0.569665
206.68	0.567388
206.73	0.569629
206.779	0.570082
206.828	0.573923
206.877	0.57822
206.926	0.567948
206.975	0.576498
207.024	0.570743
207.074	0.567536
207.123	0.573462
207.171	0.579549
207.221	0.561364
207.27	0.57822
207.319	0.569029
207.368	0.568608
207.417	0.577073
207.467	0.569582
207.516	0.575991
207.565	0.568774
207.613	0.588816
207.663	0.569211
207.712	0.579793
207.761	0.565637
207.81	0.572353
207.86	0.574837
207.908	0.578872
207.958	0.571301
208.007	0.573626
208.056	0.573183
208.106	0.575301
208.154	0.586393
208.204	0.57484
208.253	0.576173
208.302	0.568839
208.351	0.584193
208.4	0.575825
208.449	0.566649
208.499	0.566272
208.548	0.576424
208.597	0.572267
208.646	0.572731
208.696	0.571206
208.745	0.573833
208.794	0.571824
208.843	0.584774
208.892	0.567741
208.941	0.576046
208.991	0.569524
209.04	0.578674
209.089	0.564724
209.138	0.579272
209.187	0.574864
209.236	0.575612
209.285	0.579236
209.335	0.573411
209.384	0.577164
209.433	0.579573
209.482	0.577775
209.531	0.5726
209.581	0.577796
209.629	0.580693
209.679	0.56649
209.728	0.57723
209.777	0.573947
209.827	0.575368
209.875	0.582404
209.924	0.578901
209.974	0.572338
210.023	0.581944
210.072	0.57584
210.122	0.579269
210.171	0.581858
210.22	0.577287
210.27	0.571653
210.318	0.583481
210.368	0.572029
210.416	0.58333
210.466	0.576764
210.515	0.575402
210.564	0.582149
210.613	0.575852
210.663	0.580012
210.712	0.581981
210.76	0.58908
210.81	0.576242
210.859	0.588717
210.908	0.578551
210.957	0.586782
211.006	0.577104
211.056	0.582115
211.104	0.584625
211.154	0.577795
211.203	0.577529
211.252	0.590513
211.301	0.585392
211.35	0.587766
211.399	0.588169
211.448	0.582388
211.497	0.589893
211.547	0.575332
211.596	0.590546
211.645	0.578735
211.693	0.594221
211.743	0.583308
211.792	0.583523
211.842	0.575828
211.891	0.592526
211.94	0.584914
211.989	0.593984
212.038	0.587243
212.087	0.588043
212.136	0.590198
212.185	0.583624
212.235	0.585565
212.283	0.591702
212.333	0.585261
212.382	0.584697
212.431	0.592975
212.48	0.584804
212.53	0.588146
212.578	0.591572
212.628	0.589087
212.676	0.594675
212.726	0.588154
212.775	0.581395
212.824	0.588362
212.874	0.586377
212.923	0.582987
212.972	0.590188
213.021	0.586882
213.07	0.593921
213.119	0.587006
213.169	0.581134
213.218	0.589806
213.268	0.580369
213.316	0.593565
213.365	0.591446
213.415	0.583053
213.464	0.58962
213.513	0.581317
213.563	0.5846
213.611	0.592342
213.661	0.579445
213.71	0.594822
213.759	0.587925
213.808	0.582391
213.857	0.59112
213.907	0.582972
213.956	0.593181
214.006	0.583666
214.055	0.589088
214.104	0.58453
214.152	0.595771
214.201	0.588882
214.251	0.586457
214.3	0.579907
214.349	0.589758
214.399	0.579142
214.448	0.59735
214.497	0.586904
214.546	0.590789
214.596	0.584785
214.645	0.592277
214.694	0.584446
214.742	0.599027
214.792	0.582659
214.841	0.587477
214.89	0.58796
214.939	0.591275
214.989	0.590378
215.037	0.593972
215.087	0.586793
215.136	0.593814
215.186	0.577476
215.234	0.598625
215.283	0.595389
215.333	0.58167
215.382	0.58618
215.431	0.591684
215.48	0.590251
215.529	0.596918
215.578	0.584962
215.628	0.583377
215.677	0.59551
215.726	0.587409
215.775	0.592094
215.824	0.592212
215.873	0.583164
215.923	0.58721
215.972	0.593841
216.021	0.586431
216.07	0.58397
216.12	0.586087
216.169	0.593505
216.218	0.593031
216.267	0.589512
216.317	0.581175
216.366	0.593384
216.415	0.595389
216.464	0.590845
216.514	0.588342
216.563	0.589676
216.612	0.588307
216.661	0.595563
216.71	0.591577
216.76	0.577366
216.809	0.601125
216.857	0.600979
216.907	0.581222
216.956	0.600389
217.005	0.592947
217.055	0.593906
217.104	0.594309
217.153	0.590872
217.203	0.584343
217.251	0.596856
217.301	0.590689
217.349	0.601004
217.399	0.588696
217.449	0.587639
217.498	0.589911
217.547	0.596747
217.597	0.594797
217.646	0.598736
217.695	0.590322
217.744	0.603083
217.793	0.591809
217.842	0.591892
217.892	0.589299
217.941	0.591311
217.99	0.593365
218.039	0.596826
218.088	0.597657
218.138	0.590457
218.187	0.592578
218.236	0.597504
218.285	0.595941
218.335	0.596405
218.384	0.595942
218.433	0.599347
218.483	0.590505
218.532	0.593195
218.581	0.596823
218.63	0.597309
218.68	0.593981
218.728	0.600802
218.778	0.587935
218.827	0.604714
218.877	0.586083
218.925	0.605864
218.975	0.595841
219.024	0.58969
219.074	0.591576
219.123	0.60004
219.172	0.591778
219.221	0.60096
219.271	0.589734
219.32	0.600586
219.369	0.59696
219.418	0.594357
219.467	0.600088
219.517	0.598073
219.566	0.594159
219.615	0.603115
219.665	0.5932
219.714	0.597791
219.763	0.596912
219.812	0.606755
219.862	0.592177
219.911	0.607207
219.96	0.603138
220.009	0.601927
220.058	0.597865
220.107	0.609146
220.157	0.595822
220.206	0.605557
220.255	0.602628
220.304	0.608473
220.354	0.601048
220.403	0.604008
220.453	0.598066
220.501	0.616732
220.55	0.607294
220.6	0.599535
220.649	0.606434
220.698	0.606207
220.747	0.614998
220.796	0.609552
220.846	0.594619
220.895	0.615126
220.944	0.605114
220.993	0.609273
221.042	0.611314
221.092	0.602407
221.141	0.607808
221.19	0.608167
221.239	0.615154
221.288	0.607243
221.337	0.609939
221.387	0.606978
221.436	0.603861
221.486	0.604365
221.535	0.613315
221.584	0.602674
221.633	0.610297
221.682	0.610112
221.731	0.61133
221.78	0.614486
221.829	0.616023
221.879	0.608231
221.928	0.611929
221.977	0.616886
222.026	0.610195
222.075	0.61748
222.124	0.604777
222.173	0.619915
222.223	0.596657
222.272	0.61171
222.321	0.612502
222.371	0.610849
222.42	0.608412
222.469	0.615033
222.518	0.619434
222.567	0.613186
222.616	0.61457
222.666	0.611579
222.715	0.619423
222.764	0.608312
222.814	0.607693
222.862	0.621373
222.912	0.603498
222.961	0.609614
223.01	0.605924
223.06	0.60918
223.108	0.622785
223.158	0.60945
223.207	0.609657
223.256	0.618738
223.306	0.612598
223.355	0.614877
223.404	0.616705
223.453	0.614785
223.503	0.605261
223.551	0.620005
223.601	0.604133
223.65	0.615367
223.699	0.608545
223.748	0.607172
223.797	0.616622
223.847	0.610462
223.896	0.612632
223.945	0.609203
223.994	0.61988
224.044	0.608658
224.092	0.616566
224.142	0.605248
224.191	0.614735
224.24	0.603357
224.289	0.61069
224.338	0.61895
224.388	0.599009
224.437	0.616728
224.486	0.611071
224.536	0.606991
224.585	0.610116
224.634	0.619435
224.683	0.61108
224.732	0.61751
224.781	0.603373
224.83	0.613286
224.879	0.612806
224.929	0.605039
224.978	0.61882
225.027	0.61444
225.076	0.617626
225.125	0.61401
225.174	0.614984
225.223	0.618359
225.272	0.618279
225.322	0.609941
225.371	0.622686
225.42	0.607869
225.47	0.609816
225.519	0.618504
225.568	0.609385
225.617	0.611876
225.666	0.616296
225.715	0.615803
225.764	0.616499
225.813	0.618993
225.863	0.615332
225.912	0.617917
225.961	0.614373
226.011	0.613099
226.059	0.62884
226.108	0.61565
226.158	0.61214
226.207	0.613866
226.256	0.615418
226.306	0.61291
226.355	0.622668
226.404	0.610524
226.453	0.6305
226.502	0.617852
226.551	0.624925
226.6	0.62836
226.65	0.607515
226.699	0.623627
226.748	0.621163
226.797	0.617661
226.846	0.618038
226.895	0.614674
226.944	0.621531
226.993	0.619931
227.042	0.630838
227.091	0.614132
227.141	0.617881
227.19	0.624447
227.238	0.625935
227.288	0.615006
227.337	0.622006
227.386	0.620119
227.435	0.626724
227.484	0.6215
227.534	0.625728
227.582	0.628835
227.632	0.620774
227.681	0.627632
227.73	0.629946
227.779	0.630298
227.828	0.621914
227.877	0.627274
227.926	0.634488
227.976	0.620873
228.024	0.631104
228.073	0.626243
228.122	0.628084
228.172	0.618613
228.221	0.623782
228.27	0.625211
228.319	0.624083
228.369	0.62319
228.417	0.629435
228.467	0.623668
228.515	0.633478
228.564	0.621482
228.613	0.625226
228.663	0.614684
228.712	0.626784
228.761	0.623663
228.81	0.624316
228.86	0.620513
228.909	0.62739
228.958	0.6261
229.006	0.628348
229.056	0.621738
229.105	0.626988
229.154	0.629864
229.203	0.628302
229.252	0.619741
229.301	0.631276
229.35	0.626038
229.399	0.617399
229.448	0.623338
229.498	0.618428
229.547	0.62785
229.596	0.622856
229.645	0.624548
229.693	0.629671
229.743	0.616954
229.792	0.620319
229.841	0.626951
229.89	0.633865
229.939	0.617277
229.988	0.626855
230.038	0.618931
230.087	0.624877
230.136	0.625254
230.185	0.617662
230.234	0.633549
230.283	0.627486
230.332	0.631117
230.381	0.621831
230.431	0.620381
230.479	0.638087
230.528	0.626083
230.577	0.636093
230.626	0.622286
230.676	0.622152
230.725	0.626658
230.774	0.624057
230.823	0.628085
230.872	0.630145
230.921	0.624747
230.97	0.630577
231.019	0.629604
231.069	0.625357
231.117	0.637825
231.166	0.625569
231.216	0.629952
231.265	0.62833
231.314	0.630528
231.363	0.629048
231.412	0.626379
231.461	0.630226
231.51	0.627606
231.559	0.626181
231.607	0.645048
231.657	0.627371
231.706	0.629953
231.755	0.634237
231.804	0.63554
231.853	0.631027
231.901	0.642862
231.952	0.614445
232	0.641241
232.049	0.627696
232.098	0.634175
232.147	0.632013
232.196	0.638476
232.246	0.627578
232.295	0.638813
232.344	0.632644
232.392	0.645201
232.442	0.626004
232.491	0.643447
232.54	0.630944
232.589	0.63523
232.638	0.635017
232.687	0.627681
232.737	0.624785
232.785	0.634047
232.834	0.634815
232.883	0.633334
232.932	0.639599
232.981	0.637219
233.03	0.626304
233.079	0.633337
233.128	0.637525
233.177	0.636626
233.227	0.624322
233.275	0.635234
233.324	0.625054
233.373	0.632824
233.422	0.624863
233.471	0.633757
233.52	0.63241
233.569	0.629103
233.618	0.630945
233.668	0.627634
233.716	0.636801
233.765	0.6338
233.814	0.635975
233.864	0.621075
233.912	0.638554
233.962	0.625809
234.01	0.632637
234.059	0.6345
234.109	0.627078
234.157	0.635205
234.207	0.625521
234.256	0.633619
234.304	0.634971
234.354	0.629898
234.403	0.627211
234.452	0.639253
234.5	0.643456
234.55	0.625581
234.599	0.623531
234.648	0.631709
234.697	0.633416
234.746	0.627338
234.795	0.633609
234.844	0.625398
234.893	0.634019
234.941	0.632925
234.991	0.624974
235.04	0.636043
235.089	0.633731
235.138	0.633838
235.187	0.629694
235.236	0.635753
235.285	0.635279
235.333	0.641203
235.383	0.623913
235.432	0.633435
235.481	0.635262
235.53	0.649647
235.579	0.635906
235.628	0.637878
235.677	0.642202
235.725	0.643256
235.774	0.6405
235.824	0.634805
235.872	0.649282
235.922	0.636412
235.971	0.642658
236.019	0.646925
236.068	0.644225
236.117	0.641608
236.167	0.640902
236.216	0.644012
236.264	0.650831
236.313	0.647029
236.361	0.652552
236.41	0.648599
236.459	0.639891
236.509	0.644826
236.557	0.653814
236.606	0.641164
236.655	0.651375
236.704	0.640268
236.752	0.655904
236.801	0.643877
236.85	0.65284
236.899	0.643485
236.948	0.647716
236.996	0.647609
237.045	0.653976
237.094	0.647517
237.142	0.647742
237.191	0.644391
237.24	0.642217
237.289	0.643741
237.338	0.650225
237.387	0.637572
237.436	0.647091
237.484	0.654356
237.533	0.640278
237.582	0.650999
237.63	0.646247
237.68	0.638852
237.728	0.655293
237.777	0.649931
237.826	0.642466
237.875	0.646642
237.923	0.646023
237.971	0.656057
238.021	0.631491
238.069	0.652796
238.119	0.642228
238.167	0.649951
238.217	0.636747
238.265	0.65714
238.315	0.632274
238.363	0.649969
238.412	0.647921
238.46	0.652898
238.509	0.640118
238.559	0.635508
238.607	0.649616
238.656	0.649259
238.705	0.642213
238.754	0.646892
238.803	0.641121
238.852	0.645894
238.901	0.652597
238.949	0.656455
238.999	0.631933
239.048	0.651609
239.097	0.644103
239.145	0.656062
239.194	0.651084
239.243	0.644607
239.291	0.654645
239.341	0.638926
239.389	0.650608
239.438	0.648265
239.487	0.649565
239.535	0.655427
239.584	0.653323
239.633	0.647658
239.682	0.650212
239.73	0.656063
239.779	0.646943
239.828	0.653273
239.876	0.660754
239.925	0.648383
239.974	0.643832
240.022	0.660257
240.071	0.65174
240.12	0.652395
240.168	0.655556
240.218	0.639939
240.265	0.66614
240.314	0.651524
240.363	0.657591
240.411	0.655667
240.46	0.651735
240.508	0.659624
240.557	0.653932
240.606	0.657335
240.654	0.655723
240.702	0.657573
240.751	0.649873
240.799	0.6592
240.848	0.652444
240.897	0.652623
240.945	0.662423
240.993	0.661668
241.042	0.651881
241.09	0.662103
241.139	0.655998
241.187	0.655464
241.236	0.651078
241.284	0.663595
241.334	0.649331
241.382	0.654801
241.431	0.652287
241.479	0.667226
241.527	0.659266
241.576	0.651996
241.624	0.66212
241.673	0.650944
241.722	0.662227
241.77	0.658774
241.819	0.652091
241.868	0.657401
241.916	0.66135
241.965	0.649765
242.013	0.659672
242.062	0.65773
242.11	0.657101
242.159	0.657958
242.208	0.651766
242.256	0.661149
242.305	0.658662
242.354	0.653425
242.402	0.662433
242.451	0.657536
242.499	0.660309
242.548	0.657712
242.596	0.659725
242.645	0.658022
242.694	0.649923
242.742	0.664695
242.791	0.661519
242.84	0.653513
242.889	0.656751
242.937	0.655982
242.986	0.658763
243.035	0.657011
243.083	0.660433
243.132	0.661457
243.181	0.655226
243.229	0.665798
243.278	0.656206
243.326	0.659904
243.376	0.650291
243.424	0.667866
243.473	0.649257
243.521	0.668202
243.57	0.661167
243.618	0.662018
243.667	0.661356
243.715	0.667123
243.764	0.659497
243.813	0.66523
243.861	0.670196
243.91	0.655637
243.959	0.66259
244.007	0.66353
244.056	0.661184
244.104	0.674479
244.153	0.65771
244.201	0.667209
244.25	0.659152
244.299	0.671828
244.347	0.664933
244.395	0.66934
244.444	0.666408
244.492	0.673189
244.541	0.664945
244.589	0.673042
244.637	0.670173
244.685	0.670786
244.734	0.660488
244.783	0.663232
244.831	0.67439
244.879	0.666598
244.928	0.668282
244.977	0.660481
245.024	0.673245
245.073	0.666171
245.121	0.666442
245.169	0.674925
245.218	0.668217
245.267	0.661253
245.315	0.666544
245.363	0.66999
245.412	0.658439
245.46	0.673612
245.508	0.664156
245.556	0.671177
245.604	0.669934
245.653	0.664788
245.702	0.65763
245.749	0.672331
245.798	0.666995
245.845	0.679009
245.894	0.659237
245.942	0.667853
245.99	0.671368
246.039	0.65741
246.087	0.668438
246.135	0.668532
246.184	0.664893
246.232	0.666148
246.28	0.66691
246.328	0.673655
246.377	0.65489
246.426	0.659992
246.474	0.670742
246.522	0.664043
246.57	0.665556
246.619	0.661225
246.667	0.666755
246.715	0.668974
246.764	0.657768
246.812	0.669472
246.86	0.657604
246.909	0.665034
246.957	0.668445
247.006	0.655746
247.054	0.66072
247.102	0.667928
247.151	0.659664
247.199	0.661341
247.247	0.669421
247.295	0.668693
247.344	0.65447
247.393	0.661484
247.441	0.662344
247.49	0.663979
247.538	0.669447
247.587	0.659741
247.635	0.664848
247.684	0.65504
247.733	0.663435
247.782	0.656863
247.83	0.674099
247.878	0.660537
247.927	0.665499
247.975	0.667469
248.024	0.660998
248.072	0.667305
248.121	0.652509
248.17	0.663478
248.218	0.664577
248.267	0.660168
248.316	0.670083
248.364	0.664243
248.412	0.669789
248.461	0.666798
248.51	0.653706
248.559	0.666832
248.607	0.674358
248.656	0.663509
248.704	0.664078
248.753	0.667172
248.801	0.676561
248.85	0.658471
248.899	0.659646
248.948	0.661184
248.996	0.678754
249.044	0.665841
249.093	0.669012
249.141	0.671285
249.189	0.676477
249.238	0.668748
249.287	0.671999
249.336	0.661067
249.384	0.675538
249.432	0.66697
249.481	0.674418
249.528	0.681616
249.577	0.667502
249.626	0.673042
249.674	0.674975
249.722	0.681542
249.771	0.665633
249.819	0.682525
249.868	0.669687
249.916	0.681502
249.965	0.667675
250.014	0.671076
250.062	0.672992
250.11	0.677016
250.158	0.6761
250.208	0.663185
250.256	0.677107
250.304	0.681205
250.352	0.673786
250.401	0.670349
250.449	0.682175
250.498	0.671447
250.547	0.67069
250.595	0.680082
250.643	0.674399
250.692	0.659005
250.74	0.681334
250.789	0.666405
250.838	0.670116
250.886	0.679898
250.935	0.667491
250.984	0.664201
251.032	0.683469
251.08	0.673479
251.129	0.669467
251.177	0.68235
251.226	0.666033
251.274	0.674983
251.323	0.673716
251.372	0.663109
251.421	0.668838
251.469	0.669949
251.517	0.677585
251.566	0.665267
251.615	0.674768
251.663	0.677086
251.712	0.669967
251.761	0.668311
251.809	0.679708
251.858	0.674671
251.907	0.666536
251.956	0.668263
252.004	0.676193
252.053	0.665378
252.102	0.66807
252.15	0.675411
252.199	0.675752
252.248	0.672706
252.296	0.675965
252.345	0.674367
252.394	0.663518
252.443	0.67331
252.492	0.671526
252.54	0.672101
252.589	0.666381
252.638	0.674868
252.686	0.679353
252.735	0.668315
252.784	0.674391
252.832	0.673442
252.881	0.673014
252.93	0.669915
252.979	0.672317
253.027	0.678456
253.076	0.674012
253.124	0.687404
253.174	0.662353
253.222	0.676496
253.271	0.680807
253.319	0.67438
253.368	0.670404
253.416	0.683672
253.466	0.668483
253.515	0.670837
253.563	0.684997
253.611	0.678159
253.66	0.673228
253.709	0.678412
253.758	0.681358
253.807	0.673296
253.855	0.689318
253.903	0.680887
253.952	0.672756
254	0.686736
254.049	0.677012
254.098	0.670602
254.147	0.681261
254.196	0.681789
254.244	0.684868
254.293	0.678752
254.341	0.685443
254.39	0.681151
254.439	0.676663
254.488	0.680948
254.536	0.679549
254.585	0.679921
254.634	0.680382
254.682	0.683322
254.731	0.685167
254.78	0.676828
254.828	0.691518
254.876	0.684682
254.925	0.68767
254.974	0.672143
255.022	0.687903
255.071	0.677948
255.12	0.687209
255.169	0.680908
255.217	0.684803
255.265	0.693747
255.314	0.682223
255.363	0.681858
255.411	0.685331
255.46	0.682676
255.509	0.687224
255.557	0.685176
255.606	0.680903
255.655	0.683121
255.703	0.686418
255.752	0.67903
255.801	0.69085
255.85	0.673609
255.899	0.683542
255.948	0.675027
255.996	0.692324
256.044	0.684483
256.093	0.678015
256.142	0.68118
256.191	0.677716
256.24	0.684835
256.289	0.675003
256.337	0.690842
256.386	0.672112
256.435	0.676408
256.484	0.686463
256.532	0.683287
256.582	0.674698
256.63	0.685436
256.679	0.676304
256.728	0.682547
256.777	0.675295
256.825	0.688137
256.874	0.677428
256.923	0.676059
256.972	0.686902
257.021	0.678799
257.068	0.69553
257.117	0.680085
257.166	0.677283
257.216	0.672325
257.265	0.681689
257.314	0.677844
257.363	0.677716
257.411	0.690123
257.46	0.66834
257.509	0.688411
257.557	0.684946
257.607	0.676941
257.655	0.692239
257.704	0.672798
257.753	0.684397
257.802	0.680743
257.851	0.679598
257.9	0.675991
257.949	0.678626
257.998	0.679839
258.047	0.681776
258.096	0.687219
258.145	0.673201
258.194	0.690292
258.242	0.688077
258.291	0.680874
258.34	0.684775
258.389	0.691869
258.438	0.681996
258.487	0.680964
258.536	0.680843
258.584	0.689395
258.633	0.685175
258.682	0.683581
258.731	0.682977
258.78	0.694125
258.829	0.678511
258.878	0.683059
258.927	0.69003
258.976	0.693082
259.025	0.67764
259.074	0.696218
259.122	0.696562
259.172	0.676298
259.221	0.684937
259.269	0.692831
259.318	0.688076
259.367	0.682581
259.416	0.691028
259.465	0.682658
259.514	0.688313
259.563	0.69341
259.612	0.683359
259.66	0.696795
259.71	0.678033
259.758	0.689836
259.807	0.681759
259.856	0.683061
259.906	0.677278
259.955	0.686732
260.003	0.685253
260.052	0.682597
260.101	0.689133
260.15	0.679163
260.2	0.684041
260.248	0.685365
260.297	0.686076
260.346	0.687329
260.395	0.688229
260.444	0.679513
260.493	0.684936
260.542	0.685723
260.592	0.679639
260.641	0.678671
260.69	0.689436
260.739	0.690069
260.788	0.690208
260.837	0.680466
260.886	0.687038
260.936	0.684085
260.985	0.685411
261.034	0.692282
261.083	0.681688
261.132	0.693333
261.182	0.679346
261.231	0.685846
261.28	0.698238
261.33	0.674552
261.378	0.698652
261.427	0.692174
261.476	0.690294
261.526	0.684282
261.575	0.69655
261.624	0.689128
261.673	0.688229
261.722	0.69758
261.772	0.677188
261.821	0.695597
261.87	0.688348
261.919	0.692163
261.968	0.696002
262.018	0.683468
262.066	0.694784
262.116	0.688695
262.165	0.693636
262.214	0.686823
262.264	0.688821
262.312	0.69653
262.362	0.691644
262.411	0.687109
262.46	0.690755
262.509	0.702105
262.558	0.686748
262.608	0.687554
262.656	0.698903
262.706	0.681191
262.755	0.705323
262.803	0.699174
262.853	0.687904
262.902	0.692249
262.951	0.695183
263	0.700504
263.05	0.686265
263.099	0.695077
263.148	0.692399
263.198	0.693535
263.246	0.702799
263.296	0.690733
263.345	0.693447
263.394	0.697186
263.443	0.693362
263.493	0.694327
263.541	0.704739
263.591	0.695595
263.639	0.699343
263.689	0.689611
263.738	0.701958
263.787	0.698613
263.836	0.704976
263.885	0.692817
263.934	0.703429
263.983	0.704208
264.032	0.692644
264.081	0.698824
264.13	0.696074
264.18	0.695712
264.228	0.705635
264.278	0.689569
264.326	0.710962
264.375	0.698986
264.424	0.702128
264.473	0.698788
264.522	0.704256
264.57	0.708935
264.62	0.692508
264.669	0.702868
264.717	0.70233
264.767	0.696727
264.815	0.70335
264.864	0.698459
264.914	0.689609
264.963	0.700699
265.011	0.715107
265.061	0.689857
265.109	0.712672
265.158	0.70838
265.207	0.698868
265.256	0.692129
265.305	0.701119
265.354	0.702608
265.403	0.702866
265.451	0.705536
265.5	0.703425
265.549	0.697809
265.598	0.704308
265.646	0.709231
265.696	0.699801
265.744	0.703552
265.793	0.702027
265.843	0.698397
265.892	0.701349
265.941	0.698294
265.989	0.703525
266.038	0.697104
266.087	0.702483
266.136	0.70037
266.185	0.696825
266.233	0.713524
266.284	0.679291
266.331	0.720806
266.381	0.695747
266.43	0.703344
266.479	0.690345
266.528	0.701339
266.577	0.703438
266.626	0.704974
266.675	0.695025
266.723	0.709348
266.773	0.688932
266.822	0.697886
266.871	0.704428
266.92	0.704236
266.969	0.694224
267.019	0.693057
267.068	0.697776
267.116	0.714137
267.165	0.699188
267.215	0.692732
267.263	0.70633
267.312	0.709121
267.361	0.695311
267.41	0.697152
267.46	0.69742
267.508	0.704807
267.558	0.692804
267.607	0.703712
267.656	0.697475
267.705	0.709853
267.754	0.694614
267.804	0.699761
267.851	0.718664
267.901	0.692651
267.949	0.714241
267.999	0.695309
268.048	0.704962
268.097	0.702551
268.146	0.706252
268.194	0.712592
268.243	0.696946
268.293	0.701686
268.341	0.717479
268.39	0.709351
268.439	0.701246
268.488	0.707161
268.537	0.708508
268.586	0.709543
268.635	0.701154
268.683	0.713376
268.732	0.709631
268.78	0.718916
268.829	0.703252
268.879	0.705242
268.927	0.708195
268.976	0.718138
269.025	0.703425
269.073	0.71693
269.122	0.712546
269.171	0.709645
269.219	0.723308
269.269	0.694589
269.317	0.715748
269.366	0.706644
269.415	0.711437
269.464	0.716521
269.513	0.698928
269.561	0.721144
269.611	0.700724
269.66	0.708225
269.709	0.713197
269.757	0.722948
269.806	0.704473
269.855	0.717015
269.903	0.711433
269.952	0.71836
270.001	0.704232
270.05	0.707784
270.098	0.726732
270.148	0.69717
270.196	0.711781
270.244	0.728966
270.294	0.70295
270.342	0.720761
270.391	0.706548
270.44	0.710224
270.489	0.708497
270.538	0.714208
270.587	0.713359
270.636	0.700668
270.685	0.711286
270.734	0.713974
270.782	0.716067
270.831	0.709017
270.88	0.707197
270.929	0.719205
270.978	0.702609
271.027	0.717919
271.077	0.700221
271.125	0.713415
271.174	0.716657
271.222	0.717404
271.272	0.706052
271.321	0.706859
271.37	0.703834
271.419	0.710803
271.468	0.706614
271.517	0.713767
271.565	0.718916
271.615	0.702207
271.664	0.70904
271.712	0.719983
271.762	0.701617
271.81	0.721879
271.859	0.712087
271.908	0.703782
271.957	0.717791
272.007	0.701414
272.056	0.702875
272.104	0.726152
272.153	0.703325
272.203	0.70774
272.251	0.715165
272.3	0.714548
272.349	0.708452
272.398	0.714537
272.447	0.712077
272.497	0.70955
272.546	0.711705
272.595	0.714733
272.644	0.704631
272.692	0.723682
272.742	0.698161
272.791	0.722046
272.839	0.719416
272.889	0.700958
272.938	0.715021
272.986	0.724431
273.035	0.712611
273.084	0.714241
273.133	0.71289
273.182	0.717967
273.232	0.702967
273.28	0.729032
273.329	0.707346
273.378	0.716962
273.427	0.714212
273.476	0.71109
273.525	0.716652
273.573	0.722665
273.623	0.703712
273.672	0.717553
273.721	0.715549
273.77	0.720849
273.819	0.709186
273.868	0.721011
273.917	0.720452
273.965	0.718016
274.015	0.708839
274.064	0.715637
274.113	0.716665
274.161	0.722609
274.211	0.713013
274.26	0.717233
274.309	0.721321
274.358	0.720301
274.407	0.721633
274.455	0.724113
274.505	0.713327
274.554	0.716712
274.603	0.707111
274.652	0.722038
274.701	0.723176
274.75	0.710728
274.799	0.726814
274.848	0.719123
274.897	0.71655
274.946	0.723033
274.995	0.722645
275.044	0.716511
275.093	0.719145
275.142	0.71112
275.191	0.725256
275.241	0.708893
275.29	0.707603
275.338	0.739624
275.388	0.710721
275.437	0.718787
275.485	0.724545
275.535	0.713773
275.583	0.728745
275.632	0.723038
275.682	0.710243
275.731	0.726255
275.779	0.721718
275.829	0.713219
275.878	0.718499
275.927	0.72409
275.976	0.713138
276.026	0.711743
276.074	0.734448
276.123	0.71266
276.172	0.72071
276.221	0.722627
276.27	0.727136
276.319	0.71971
276.369	0.714019
276.418	0.723813
276.467	0.718619
276.516	0.721177
276.565	0.721754
276.614	0.718837
276.663	0.722395
276.713	0.708473
276.761	0.730741
276.81	0.723177
276.858	0.731291
276.908	0.71376
276.957	0.725912
277.006	0.722442
277.055	0.720845
277.104	0.727235
277.153	0.720726
277.202	0.721138
277.251	0.720876
277.301	0.71518
277.35	0.716285
277.399	0.726077
277.448	0.722097
277.497	0.723693
277.546	0.728609
277.595	0.727263
277.644	0.730373
277.693	0.725507
277.742	0.727729
277.791	0.719657
277.84	0.718868
277.889	0.731399
277.937	0.730197
277.987	0.716749
278.036	0.723019
278.085	0.720707
278.134	0.737027
278.183	0.721862
278.232	0.727249
278.281	0.730694
278.331	0.714652
278.379	0.734821
278.428	0.721212
278.477	0.723814
278.526	0.728072
278.576	0.715749
278.625	0.723439
278.673	0.73749
278.722	0.720886
278.772	0.720803
278.82	0.741
278.869	0.718628
278.918	0.732776
278.967	0.725669
279.016	0.724997
279.065	0.724881
279.115	0.721333
279.164	0.720349
279.213	0.728236
279.262	0.725481
279.311	0.731959
279.36	0.726416
279.409	0.722441
279.458	0.731697
279.507	0.723366
279.556	0.730554
279.606	0.725919
279.654	0.731625
279.704	0.721081
279.753	0.733037
279.802	0.72435
279.852	0.718287
279.901	0.73207
279.95	0.727762
279.999	0.724087
280.048	0.732534
280.097	0.724673
280.146	0.735957
280.196	0.721822
280.245	0.726997
280.294	0.72953
280.343	0.727081
280.392	0.726008
280.441	0.728018
280.491	0.72784
280.539	0.733104
280.589	0.724101
280.639	0.712334
280.688	0.729944
280.737	0.734697
280.787	0.714258
280.835	0.739305
280.886	0.714814
280.934	0.731643
280.983	0.731975
281.033	0.725779
281.082	0.731533
281.131	0.727403
281.181	0.717139
281.229	0.732563
281.279	0.727297
281.328	0.722364
281.378	0.72196
281.426	0.736764
281.476	0.724529
281.525	0.731545
281.574	0.727373
281.624	0.724922
281.673	0.731468
281.722	0.727391
281.771	0.732066
281.82	0.724791
281.87	0.723623
281.919	0.724726
281.967	0.742365
282.017	0.724959
282.066	0.725505
282.115	0.729689
282.163	0.746671
282.213	0.717916
282.262	0.734372
282.311	0.735058
282.361	0.725596
282.41	0.732376
282.459	0.736347
282.508	0.721977
282.557	0.737686
282.607	0.72093
282.656	0.734129
282.704	0.740899
282.753	0.734876
282.803	0.723012
282.852	0.743444
282.901	0.733568
282.95	0.728559
283	0.72749
283.049	0.733799
283.097	0.7386
283.147	0.727744
283.196	0.728765
283.245	0.734143
283.294	0.736604
283.344	0.724077
283.392	0.746802
283.441	0.737619
283.491	0.733079
283.54	0.738731
283.59	0.721818
283.639	0.737198
283.688	0.738775
283.737	0.737291
283.786	0.734547
283.835	0.731337
283.885	0.7325
283.934	0.733087
283.983	0.737735
284.032	0.742026
284.082	0.728413
284.131	0.739891
284.18	0.735944
284.23	0.73214
284.278	0.744082
284.327	0.74143
284.377	0.727724
284.426	0.740111
284.475	0.734769
284.524	0.744298
284.573	0.733408
284.623	0.73477
284.672	0.739016
284.721	0.744937
284.77	0.742163
284.819	0.736008
284.869	0.736537
284.917	0.748192
284.966	0.741742
285.016	0.726872