90.0079	0.158969
90.0442	0.157237
90.0795	0.161622
90.1158	0.155706
90.1515	0.153863
90.1874	0.148116
90.2237	0.146456
90.2599	0.149672
90.2961	0.152917
90.332	0.155802
90.3682	0.156531
90.4038	0.159908
90.4404	0.156792
90.4768	0.158791
90.5136	0.158262
90.5494	0.163383
90.5861	0.160582
90.6231	0.158545
90.6597	0.159944
90.6962	0.158414
90.7333	0.155077
90.7696	0.158689
90.806	0.158586
90.8422	0.15954
90.879	0.156327
90.9162	0.151805
90.9528	0.152784
90.9896	0.153796
91.0265	0.157435
91.0634	0.161557
91.1006	0.160543
91.1375	0.161401
91.1745	0.159519
91.2114	0.158853
91.2487	0.157307
91.286	0.157835
91.3231	0.158554
91.3605	0.157639
91.3975	0.159346
91.4347	0.158624
91.4724	0.157645
91.5094	0.165379
91.5472	0.163494
91.5841	0.167779
91.6215	0.1626
91.659	0.157759
91.6962	0.154574
91.7343	0.150873
91.7714	0.156708
91.8096	0.154372
91.8471	0.158445
91.8844	0.16045
91.9222	0.159271
91.9599	0.159809
91.9976	0.160453
92.0352	0.161828
92.0733	0.16254
92.1116	0.162295
92.149	0.165666
92.1871	0.160619
92.2255	0.15858
92.2638	0.159769
92.3013	0.1626
92.3392	0.160796
92.3779	0.157279
92.4152	0.160434
92.4531	0.156614
92.4913	0.156072
92.5294	0.158017
92.5684	0.155552
92.6066	0.162697
92.6446	0.164696
92.6836	0.161464
92.7215	0.164188
92.7599	0.161249
92.7984	0.160386
92.8367	0.160813
92.8751	0.160467
92.9134	0.161404
92.9522	0.159338
92.991	0.160693
93.0302	0.158938
93.068	0.163372
93.1066	0.157999
93.1456	0.156977
93.184	0.162743
93.223	0.162542
93.262	0.1638
93.3012	0.161619
93.3394	0.165188
93.3789	0.159038
93.4181	0.161185
93.4567	0.163825
93.496	0.162017
93.5346	0.165563
93.5734	0.164989
93.613	0.162114
93.6526	0.16274
93.6913	0.166295
93.7304	0.164009
93.7697	0.162472
93.8088	0.163552
93.8482	0.162289
93.8873	0.164151
93.9263	0.165275
93.9665	0.160385
94.0054	0.166284
94.0445	0.165507
94.0837	0.165496
94.1235	0.162706
94.1636	0.162004
94.2026	0.167006
94.2418	0.167296
94.2816	0.165671
94.3216	0.164158
94.3604	0.167654
94.4006	0.160694
94.4399	0.164276
94.4788	0.166475
94.5188	0.164146
94.5581	0.167955
94.598	0.165934
94.6379	0.166536
94.6777	0.166961
94.7177	0.166497
94.7567	0.171241
94.797	0.168262
94.8372	0.170787
94.8768	0.172974
94.9164	0.170521
94.9566	0.16386
94.9967	0.163057
95.037	0.163579
95.0768	0.167099
95.1166	0.167962
95.1568	0.166814
95.1967	0.168762
95.2365	0.16958
95.2772	0.165694
95.3172	0.169823
95.3563	0.176509
95.3966	0.172512
95.4371	0.169762
95.477	0.170745
95.5178	0.164097
95.5573	0.166849
95.5986	0.159418
95.6386	0.16621
95.6789	0.166745
95.7193	0.168152
95.7592	0.172246
95.7999	0.169417
95.8403	0.171644
95.8802	0.175128
95.9214	0.171533
95.9614	0.17827
96.0017	0.174437
96.0423	0.171262
96.0828	0.170019
96.1237	0.16759
96.1644	0.166337
96.2043	0.168047
96.2451	0.165994
96.2859	0.16768
96.3268	0.168518
96.3677	0.16969
96.4082	0.171787
96.4487	0.173212
96.4897	0.172891
96.5306	0.175599
96.5713	0.176727
96.6124	0.173297
96.653	0.174801
96.6944	0.17026
96.7351	0.172792
96.7761	0.171596
96.817	0.170733
96.8574	0.171404
96.8988	0.166957
96.9397	0.171067
96.9811	0.170038
97.0221	0.17339
97.0623	0.17727
97.1035	0.173599
97.1449	0.174966
97.1859	0.178475
97.2269	0.178581
97.2684	0.175232
97.3095	0.175859
97.3507	0.174805
97.3922	0.173527
97.4332	0.174895
97.4744	0.171808
97.5156	0.171097
97.5565	0.171882
97.5978	0.171755
97.6391	0.173984
97.6802	0.175859
97.7215	0.176258
97.7631	0.175785
97.8043	0.178704
97.8459	0.177475
97.887	0.179133
97.9284	0.177142
97.97	0.174681
98.0114	0.175091
98.053	0.173358
98.0942	0.172525
98.1361	0.168938
98.1771	0.173972
98.2187	0.173895
98.2606	0.174075
98.3021	0.177143
98.3436	0.178418
98.3854	0.178639
98.4267	0.182087
98.4683	0.181096
98.5099	0.18089
98.5516	0.178034
98.5936	0.176373
98.6348	0.17889
98.6768	0.172286
98.718	0.173167
98.7604	0.167981
98.8016	0.174307
98.843	0.176182
98.8853	0.174325
98.9269	0.180271
98.969	0.180144
99.0106	0.184834
99.0524	0.184713
99.0943	0.183064
99.1365	0.180209
99.1778	0.183433
99.2197	0.180559
99.2615	0.180668
99.3036	0.179561
99.3463	0.17723
99.387	0.186124
99.4298	0.175125
99.4714	0.178899
99.5137	0.175382
99.5557	0.180036
99.5983	0.180104
99.6401	0.185076
99.682	0.183774
99.7244	0.181556
99.767	0.181828
99.8081	0.188303
99.8504	0.182925
99.8924	0.18498
99.9349	0.182489
99.9773	0.182995
100.019	0.187111
100.061	0.184515
100.103	0.18807
100.145	0.185131
100.187	0.189114
100.23	0.186577
100.272	0.185449
100.314	0.180934
100.356	0.180588
100.398	0.183142
100.441	0.180503
100.483	0.184793
100.526	0.181382
100.568	0.186004
100.61	0.184399
100.652	0.185706
100.695	0.185893
100.737	0.186087
100.779	0.190421
100.822	0.186914
100.864	0.190348
100.907	0.188205
100.949	0.188756
100.991	0.187016
101.034	0.182912
101.076	0.182484
101.119	0.180834
101.162	0.182504
101.204	0.185599
101.247	0.185272
101.289	0.188365
101.331	0.189703
101.374	0.187174
101.417	0.187192
101.459	0.188882
101.502	0.19031
101.544	0.194896
101.587	0.191436
101.63	0.191616
101.672	0.188345
101.715	0.187197
101.758	0.187507
101.8	0.186368
101.843	0.182924
101.886	0.18563
101.928	0.188206
101.971	0.188376
102.013	0.191354
102.057	0.187089
102.1	0.1872
102.143	0.190287
102.185	0.193113
102.229	0.191337
102.272	0.191671
102.315	0.194239
102.357	0.195397
102.4	0.192287
102.444	0.187703
102.487	0.18805
102.53	0.186174
102.573	0.184121
102.616	0.188332
102.659	0.188471
102.702	0.191488
102.745	0.187125
102.788	0.193901
102.831	0.191444
102.874	0.190773
102.917	0.19416
102.961	0.193827
103.004	0.196597
103.047	0.193652
103.09	0.192188
103.133	0.19045
103.176	0.185861
103.22	0.18624
103.263	0.190031
103.306	0.187961
103.35	0.190058
103.392	0.194677
103.437	0.187825
103.479	0.194885
103.523	0.192466
103.565	0.196772
103.609	0.192898
103.653	0.19658
103.696	0.193965
103.739	0.191243
103.783	0.186271
103.826	0.188639
103.87	0.190285
103.913	0.193378
103.956	0.191089
103.999	0.195396
104.043	0.190802
104.087	0.192987
104.13	0.195484
104.173	0.195661
104.217	0.195449
104.26	0.200328
104.303	0.198553
104.347	0.193854
104.39	0.193508
104.433	0.191705
104.478	0.188121
104.521	0.193006
104.565	0.194966
104.608	0.195428
104.651	0.197576
104.695	0.195247
104.739	0.196291
104.782	0.19841
104.826	0.196638
104.869	0.200993
104.913	0.201044
104.956	0.198353
105	0.199423
105.044	0.194831
105.088	0.191941
105.131	0.191442
105.175	0.191866
105.219	0.190317
105.263	0.195255
105.306	0.199738
105.35	0.198491
105.394	0.197839
105.437	0.202648
105.481	0.204381
105.525	0.202258
105.569	0.20206
105.613	0.198865
105.657	0.199601
105.7	0.20008
105.744	0.199915
105.787	0.198707
105.832	0.195663
105.875	0.195482
105.919	0.195401
105.962	0.195674
106.006	0.197308
106.051	0.19759
106.094	0.205629
106.138	0.20135
106.182	0.20259
106.226	0.198099
106.27	0.202495
106.314	0.200108
106.357	0.203429
106.401	0.200274
106.445	0.198944
106.488	0.202504
106.532	0.200079
106.576	0.202517
106.62	0.202206
106.664	0.199855
106.708	0.205481
106.752	0.201582
106.796	0.200066
106.839	0.20162
106.883	0.201177
106.927	0.201691
106.972	0.199098
107.015	0.206777
107.06	0.202309
107.103	0.206041
107.147	0.204829
107.191	0.20404
107.235	0.204449
107.28	0.204501
107.323	0.212603
107.367	0.210751
107.411	0.211412
107.456	0.201364
107.5	0.20777
107.544	0.204957
107.588	0.200857
107.632	0.200292
107.676	0.201415
107.72	0.204921
107.764	0.204194
107.808	0.20574
107.852	0.207394
107.896	0.210227
107.94	0.212072
107.985	0.207184
108.029	0.208216
108.073	0.209109
108.118	0.204966
108.162	0.207846
108.206	0.20825
108.25	0.20668
108.294	0.20649
108.339	0.206236
108.383	0.20151
108.427	0.205577
108.472	0.203661
108.517	0.204457
108.561	0.211744
108.605	0.210168
108.65	0.210676
108.694	0.211338
108.738	0.210093
108.783	0.2078
108.827	0.210636
108.871	0.208393
108.916	0.207212
108.961	0.207341
109.005	0.208065
109.05	0.207397
109.094	0.207952
109.138	0.20626
109.183	0.208832
109.227	0.209293
109.272	0.20979
109.317	0.212682
109.361	0.212037
109.405	0.213831
109.45	0.20925
109.495	0.210448
109.539	0.210595
109.584	0.20878
109.628	0.213647
109.673	0.210348
109.717	0.212848
109.762	0.20827
109.806	0.206743
109.851	0.209741
109.896	0.209681
109.94	0.214724
109.985	0.213643
110.03	0.211613
110.074	0.212502
110.119	0.212951
110.163	0.213391
110.208	0.21141
110.253	0.214591
110.298	0.210391
110.342	0.215539
110.387	0.21285
110.432	0.210668
110.476	0.21123
110.521	0.21184
110.566	0.215413
110.61	0.217343
110.655	0.219325
110.7	0.214846
110.744	0.21569
110.789	0.215387
110.834	0.213728
110.879	0.213816
110.923	0.218129
110.968	0.215047
111.014	0.208534
111.058	0.215339
111.103	0.210485
111.148	0.214369
111.193	0.218269
111.237	0.22019
111.283	0.217672
111.328	0.216566
111.373	0.218264
111.418	0.214954
111.462	0.215057
111.508	0.211831
111.553	0.214418
111.598	0.211787
111.643	0.212281
111.687	0.21594
111.732	0.21283
111.778	0.213379
111.823	0.217535
111.867	0.22275
111.913	0.21748
111.958	0.218393
112.003	0.216373
112.047	0.218833
112.092	0.215495
112.138	0.214888
112.182	0.217756
112.228	0.215313
112.273	0.217009
112.318	0.216321
112.363	0.216974
112.407	0.220295
112.453	0.217703
112.498	0.218311
112.543	0.220761
112.588	0.219635
112.633	0.216141
112.678	0.219042
112.723	0.218014
112.768	0.218619
112.814	0.216719
112.858	0.219894
112.903	0.217014
112.949	0.217985
112.994	0.217661
113.039	0.218262
113.084	0.21584
113.129	0.219989
113.174	0.222452
113.22	0.217151
113.265	0.222555
113.31	0.218928
113.355	0.221444
113.4	0.223611
113.445	0.220835
113.49	0.220499
113.536	0.220274
113.581	0.223317
113.625	0.225494
113.671	0.218324
113.716	0.223022
113.762	0.21969
113.806	0.225903
113.851	0.22446
113.897	0.222299
113.942	0.225044
113.988	0.220238
114.032	0.226292
114.078	0.222621
114.123	0.22404
114.168	0.222777
114.214	0.220255
114.259	0.222566
114.304	0.223062
114.349	0.224941
114.394	0.225499
114.44	0.221786
114.485	0.220325
114.531	0.222794
114.576	0.222867
114.621	0.219803
114.667	0.221495
114.712	0.22589
114.758	0.220574
114.802	0.227113
114.848	0.221406
114.893	0.224593
114.939	0.222029
114.984	0.226173
115.029	0.222573
115.075	0.222197
115.12	0.223655
115.165	0.226271
115.211	0.21886
115.256	0.226131
115.302	0.221633
115.347	0.225051
115.393	0.223313
115.438	0.22744
115.484	0.224138
115.529	0.226087
115.575	0.225906
115.62	0.228293
115.665	0.224485
115.711	0.223464
115.757	0.222241
115.801	0.229988
115.847	0.222023
115.893	0.224117
115.938	0.224144
115.983	0.227476
116.029	0.226242
116.075	0.224144
116.12	0.227651
116.165	0.229416
116.211	0.226574
116.256	0.233104
116.302	0.230813
116.348	0.229492
116.393	0.227102
116.438	0.22578
116.484	0.222822
116.529	0.225333
116.575	0.225957
116.62	0.227562
116.666	0.229336
116.712	0.227531
116.757	0.229322
116.802	0.231016
116.848	0.233753
116.893	0.234751
116.939	0.235904
116.985	0.230228
117.03	0.231619
117.076	0.231726
117.121	0.231609
117.167	0.229891
117.212	0.228706
117.258	0.22613
117.304	0.229554
117.349	0.229102
117.395	0.22816
117.441	0.231777
117.486	0.23446
117.532	0.233872
117.578	0.238715
117.623	0.238293
117.669	0.239365
117.714	0.237088
117.76	0.234413
117.806	0.235711
117.851	0.236468
117.897	0.231545
117.942	0.236379
117.988	0.231507
118.034	0.231947
118.08	0.228524
118.125	0.232491
118.171	0.231337
118.216	0.23324
118.262	0.231738
118.308	0.236253
118.353	0.238329
118.399	0.233958
118.444	0.238405
118.49	0.237385
118.536	0.233233
118.582	0.236033
118.627	0.237356
118.673	0.237399
118.719	0.231549
118.765	0.239187
118.81	0.237345
118.856	0.233107
118.901	0.236574
118.947	0.23335
118.993	0.235876
119.038	0.240267
119.085	0.23452
119.131	0.235226
119.176	0.239164
119.222	0.235144
119.268	0.235379
119.313	0.237715
119.359	0.237414
119.405	0.237283
119.45	0.238237
119.496	0.235885
119.543	0.234716
119.588	0.237905
119.635	0.235115
119.68	0.238961
119.727	0.232569
119.772	0.241129
119.818	0.24033
119.863	0.238626
119.909	0.236945
119.955	0.239924
120.001	0.237139
120.046	0.2424
120.092	0.237709
120.138	0.238828
120.185	0.236547
120.231	0.242685
120.276	0.242025
120.322	0.241736
120.368	0.240769
120.414	0.24052
120.46	0.24048
120.507	0.240108
120.553	0.240112
120.598	0.243772
120.645	0.241177
120.691	0.243542
120.737	0.241427
120.783	0.244006
120.829	0.244108
120.875	0.244623
120.921	0.245537
120.967	0.245121
121.013	0.241986
121.059	0.242625
121.106	0.238999
121.152	0.243925
121.197	0.244722
121.244	0.244647
121.29	0.245001
121.336	0.243285
121.381	0.249418
121.427	0.246829
121.474	0.244886
121.52	0.244239
121.567	0.244772
121.612	0.249191
121.658	0.24363
121.704	0.242508
121.751	0.242752
121.796	0.246848
121.843	0.244111
121.889	0.244957
121.935	0.248335
121.981	0.250121
122.028	0.244345
122.074	0.253472
122.12	0.248714
122.167	0.247488
122.213	0.248407
122.259	0.2496
122.305	0.244189
122.351	0.244065
122.397	0.248391
122.443	0.247494
122.49	0.245562
122.537	0.246963
122.582	0.252407
122.628	0.250808
122.675	0.249539
122.721	0.250674
122.767	0.25317
122.813	0.25349
122.86	0.252759
122.906	0.252505
122.952	0.247533
122.998	0.249721
123.045	0.246213
123.091	0.252509
123.138	0.246926
123.184	0.251025
123.231	0.249695
123.277	0.252777
123.323	0.253822
123.369	0.25357
123.415	0.254002
123.462	0.252499
123.508	0.252567
123.555	0.251437
123.602	0.252017
123.648	0.249566
123.694	0.253023
123.741	0.250845
123.787	0.253582
123.834	0.25453
123.88	0.255778
123.927	0.255407
123.973	0.258101
124.019	0.259575
124.065	0.258463
124.112	0.255327
124.159	0.256217
124.205	0.263112
124.251	0.259765
124.298	0.260922
124.344	0.256801
124.39	0.25688
124.437	0.253516
124.483	0.257698
124.528	0.258803
124.576	0.252505
124.622	0.263391
124.668	0.262016
124.715	0.259306
124.761	0.261155
124.807	0.263047
124.853	0.264948
124.9	0.262085
124.946	0.267118
124.993	0.262559
125.039	0.263149
125.086	0.264311
125.132	0.265165
125.179	0.25677
125.225	0.260183
125.27	0.262022
125.317	0.256318
125.364	0.258131
125.409	0.264325
125.455	0.265721
125.502	0.262703
125.549	0.263454
125.595	0.268405
125.642	0.263288
125.688	0.266377
125.734	0.263729
125.78	0.265021
125.827	0.260471
125.873	0.266614
125.92	0.263405
125.965	0.266835
126.012	0.260242
126.059	0.260727
126.105	0.262679
126.152	0.264218
126.198	0.268622
126.244	0.268668
126.291	0.265462
126.337	0.27283
126.384	0.263299
126.43	0.267099
126.477	0.265406
126.523	0.266805
126.57	0.265357
126.616	0.267553
126.662	0.271118
126.709	0.266898
126.756	0.269346
126.802	0.26961
126.848	0.266571
126.895	0.269406
126.941	0.269007
126.988	0.268752
127.035	0.268542
127.081	0.269842
127.128	0.269779
127.174	0.270674
127.221	0.271097
127.267	0.269098
127.314	0.26647
127.361	0.274279
127.407	0.271064
127.454	0.27169
127.5	0.272004
127.547	0.265813
127.593	0.270134
127.641	0.265729
127.687	0.269449
127.733	0.269782
127.78	0.26868
127.828	0.264795
127.874	0.27298
127.92	0.271153
127.967	0.267015
128.014	0.272241
128.06	0.27146
128.107	0.271342
128.153	0.269844
128.2	0.270726
128.247	0.264141
128.293	0.27221
128.34	0.269999
128.387	0.266189
128.433	0.272247
128.48	0.263843
128.527	0.271222
128.574	0.265064
128.62	0.268755
128.668	0.265414
128.714	0.267937
128.761	0.267535
128.808	0.267246
128.854	0.269554
128.901	0.269136
128.948	0.266786
128.994	0.271236
129.041	0.268309
129.088	0.269409
129.135	0.269865
129.181	0.269477
129.229	0.267326
129.275	0.271424
129.323	0.265929
129.369	0.274165
129.416	0.265602
129.463	0.2679
129.51	0.266217
129.556	0.271718
129.604	0.265778
129.651	0.267347
129.698	0.266528
129.745	0.268574
129.792	0.266029
129.839	0.271132
129.885	0.269568
129.933	0.267739
129.979	0.273085
130.026	0.267064
130.073	0.272179
130.12	0.272442
130.167	0.273353
130.214	0.269727
130.26	0.271589
130.308	0.265611
130.354	0.268309
130.401	0.270207
130.448	0.270592
130.495	0.270558
130.541	0.272896
130.588	0.271019
130.636	0.267847
130.682	0.273756
130.729	0.271991
130.776	0.272715
130.823	0.277241
130.869	0.276378
130.916	0.273729
130.963	0.277775
131.01	0.269033
131.057	0.268126
131.104	0.266999
131.151	0.27142
131.198	0.270229
131.244	0.271943
131.292	0.269671
131.338	0.274647
131.385	0.272527
131.432	0.274782
131.478	0.280147
131.525	0.276769
131.572	0.275358
131.62	0.271002
131.666	0.28048
131.713	0.274213
131.76	0.275822
131.807	0.27122
131.854	0.271078
131.9	0.276505
131.947	0.273756
131.994	0.277309
132.04	0.277886
132.087	0.280708
132.134	0.275328
132.182	0.274568
132.229	0.275123
132.275	0.278953
132.322	0.279526
132.369	0.274393
132.416	0.276307
132.463	0.277405
132.509	0.281962
132.557	0.270466
132.604	0.279303
132.651	0.276312
132.698	0.280066
132.745	0.28072
132.792	0.280408
132.839	0.274717
132.886	0.281783
132.933	0.279808
132.98	0.276344
133.028	0.27573
133.074	0.280347
133.121	0.277163
133.168	0.277753
133.215	0.278378
133.262	0.280864
133.309	0.275298
133.356	0.280935
133.403	0.278303
133.451	0.278736
133.498	0.278923
133.544	0.281468
133.592	0.275776
133.639	0.278724
133.686	0.275854
133.733	0.279583
133.78	0.278129
133.827	0.277159
133.874	0.278291
133.922	0.274016
133.969	0.276749
134.016	0.275479
134.063	0.280429
134.11	0.282519
134.158	0.276945
134.205	0.281318
134.252	0.282054
134.299	0.284565
134.346	0.283896
134.393	0.281621
134.441	0.283915
134.487	0.284545
134.535	0.280713
134.582	0.281336
134.63	0.279329
134.677	0.283239
134.723	0.286678
134.771	0.286141
134.818	0.288912
134.865	0.289954
134.913	0.28327
134.959	0.29162
135.006	0.28853
135.054	0.288042
135.101	0.289142
135.148	0.28581
135.196	0.285704
135.242	0.289084
135.29	0.284692
135.337	0.283791
135.384	0.285099
135.432	0.287862
135.479	0.28667
135.527	0.286822
135.573	0.292023
135.621	0.285163
135.669	0.282374
135.716	0.289772
135.763	0.289443
135.811	0.288415
135.857	0.291909
135.905	0.285643
135.952	0.289703
136	0.282705
136.047	0.290459
136.094	0.28632
136.142	0.28626
136.189	0.28951
136.237	0.284991
136.284	0.290041
136.331	0.28755
136.379	0.287433
136.426	0.289231
136.474	0.285481
136.521	0.288504
136.568	0.29251
136.616	0.288077
136.663	0.291699
136.71	0.291629
136.757	0.292265
136.805	0.288006
136.852	0.289514
136.9	0.288109
136.947	0.296507
136.994	0.2922
137.042	0.291751
137.089	0.295441
137.136	0.293603
137.184	0.293819
137.231	0.293106
137.278	0.296556
137.326	0.296009
137.373	0.2949
137.42	0.296288
137.467	0.292699
137.515	0.293355
137.562	0.291397
137.609	0.293775
137.656	0.29473
137.704	0.293559
137.751	0.296835
137.798	0.295115
137.845	0.297811
137.892	0.301216
137.94	0.294364
137.987	0.299543
138.034	0.297959
138.082	0.296295
138.129	0.299672
138.176	0.292354
138.224	0.290886
138.271	0.291723
138.319	0.291424
138.366	0.296892
138.413	0.29256
138.461	0.292234
138.508	0.294641
138.556	0.296891
138.603	0.298124
138.651	0.293222
138.698	0.299351
138.746	0.297101
138.793	0.295888
138.841	0.291757
138.888	0.29649
138.935	0.293425
138.982	0.293865
139.03	0.293257
139.078	0.294198
139.125	0.2949
139.173	0.297139
139.22	0.299334
139.267	0.300441
139.315	0.293971
139.362	0.298724
139.41	0.298583
139.457	0.292793
139.505	0.292783
139.552	0.293342
139.6	0.288581
139.647	0.296783
139.695	0.292356
139.743	0.291763
139.79	0.298517
139.837	0.296487
139.885	0.297106
139.933	0.295045
139.98	0.302528
140.027	0.30049
140.075	0.298556
140.122	0.296206
140.17	0.293249
140.217	0.293372
140.265	0.291926
140.312	0.297479
140.36	0.29602
140.408	0.294721
140.456	0.296488
140.503	0.300862
140.55	0.299622
140.598	0.297624
140.646	0.29779
140.693	0.300486
140.741	0.297065
140.788	0.301447
140.836	0.294789
140.883	0.300539
140.931	0.29335
140.979	0.295112
141.026	0.29777
141.073	0.299453
141.121	0.299542
141.169	0.300803
141.216	0.301005
141.264	0.306382
141.311	0.30511
141.359	0.303027
141.407	0.302611
141.454	0.306616
141.502	0.30208
141.549	0.304814
141.597	0.305092
141.644	0.302916
141.692	0.301454
141.739	0.302032
141.787	0.301168
141.834	0.310839
141.882	0.308112
141.929	0.307855
141.977	0.309809
142.025	0.3057
142.072	0.310571
142.12	0.306443
142.167	0.309855
142.215	0.305941
142.262	0.309282
142.31	0.309789
142.357	0.306743
142.405	0.307328
142.453	0.303519
142.5	0.307934
142.547	0.312393
142.594	0.309893
142.642	0.307531
142.69	0.309795
142.737	0.30884
142.785	0.310413
142.832	0.309976
142.88	0.308945
142.927	0.309923
142.974	0.310569
143.023	0.304576
143.069	0.312013
143.117	0.303144
143.164	0.310174
143.212	0.304373
143.26	0.306577
143.308	0.305923
143.355	0.313256
143.403	0.302037
143.45	0.310963
143.497	0.309743
143.545	0.306507
143.593	0.309888
143.64	0.312205
143.688	0.307928
143.736	0.308397
143.784	0.306643
143.831	0.311419
143.879	0.30976
143.927	0.309895
143.974	0.314584
144.022	0.311021
144.07	0.310116
144.116	0.317267
144.165	0.309018
144.212	0.316364
144.26	0.309926
144.307	0.315475
144.355	0.314991
144.403	0.310194
144.45	0.316097
144.498	0.310214
144.546	0.310275
144.594	0.313787
144.641	0.318166
144.689	0.315551
144.737	0.311874
144.784	0.317431
144.832	0.309237
144.88	0.31106
144.929	0.310088
144.976	0.318905
145.023	0.31193
145.071	0.313671
145.119	0.311055
145.167	0.31293
145.214	0.315621
145.262	0.313095
145.31	0.313815
145.358	0.316074
145.406	0.312933
145.453	0.316352
145.501	0.312478
145.55	0.311306
145.596	0.321639
145.644	0.316194
145.693	0.312893
145.74	0.320131
145.788	0.314129
145.835	0.314484
145.883	0.312679
145.932	0.311233
145.98	0.316051
146.026	0.324057
146.075	0.311029
146.122	0.321342
146.17	0.319448
146.218	0.319041
146.265	0.320029
146.313	0.321576
146.361	0.32003
146.409	0.320408
146.457	0.319146
146.505	0.321946
146.553	0.314819
146.6	0.322317
146.648	0.321463
146.696	0.317198
146.743	0.321453
146.791	0.321195
146.839	0.320476
146.887	0.323218
146.935	0.328203
146.982	0.327968
147.03	0.323705
147.078	0.326123
147.126	0.324034
147.174	0.319496
147.222	0.32197
147.269	0.32701
147.317	0.320073
147.365	0.321848
147.412	0.324166
147.46	0.323419
147.508	0.321204
147.556	0.321165
147.605	0.32214
147.652	0.325631
147.7	0.326012
147.748	0.328299
147.796	0.322317
147.843	0.33044
147.892	0.313633
147.94	0.326818
147.988	0.320854
148.035	0.32668
148.083	0.326101
148.131	0.326869
148.179	0.328318
148.227	0.327976
148.275	0.327701
148.323	0.32721
148.371	0.329046
148.418	0.334322
148.466	0.327387
148.515	0.32578
148.562	0.329444
148.61	0.32647
148.658	0.323863
148.706	0.329491
148.755	0.320648
148.802	0.333286
148.85	0.329354
148.898	0.325284
148.946	0.325395
148.994	0.331482
149.041	0.33297
149.089	0.334078
149.137	0.329772
149.185	0.330176
149.233	0.329778
149.281	0.326373
149.33	0.328642
149.377	0.334267
149.425	0.330522
149.473	0.33658
149.521	0.328617
149.569	0.338552
149.617	0.337274
149.665	0.333449
149.713	0.33727
149.76	0.339528
149.809	0.329965
149.855	0.342751
149.904	0.326683
149.952	0.33162
150	0.331975
150.048	0.330183
150.095	0.334733
150.143	0.333306
150.192	0.328087
150.239	0.339483
150.287	0.332185
150.335	0.339647
150.382	0.339671
150.43	0.333949
150.478	0.335181
150.526	0.332587
150.573	0.338398
150.621	0.336325
150.67	0.329499
150.717	0.337607
150.765	0.337164
150.813	0.332896
150.861	0.334567
150.909	0.334959
150.956	0.338289
151.004	0.340966
151.052	0.338286
151.1	0.339472
151.147	0.340434
151.195	0.34033
151.243	0.338335
151.291	0.342052
151.338	0.34317
151.386	0.345897
151.434	0.337693
151.482	0.338186
151.529	0.346046
151.577	0.340311
151.625	0.339652
151.673	0.34177
151.721	0.343454
151.768	0.346027
151.816	0.339584
151.864	0.345496
151.911	0.343887
151.959	0.339587
152.007	0.344781
152.055	0.336439
152.103	0.339104
152.15	0.343728
152.198	0.340813
152.246	0.338393
152.294	0.336978
152.342	0.339149
152.389	0.340789
152.437	0.335959
152.485	0.333642
152.533	0.335772
152.581	0.337065
152.629	0.340611
152.676	0.340687
152.724	0.341317
152.772	0.340124
152.819	0.345737
152.868	0.332909
152.915	0.34711
152.963	0.341546
153.011	0.343675
153.059	0.338476
153.107	0.345574
153.155	0.340023
153.203	0.343345
153.251	0.342109
153.298	0.344056
153.347	0.340129
153.394	0.342054
153.442	0.348137
153.49	0.339645
153.538	0.33877
153.585	0.347524
153.634	0.33322
153.681	0.344369
153.729	0.340772
153.777	0.337694
153.825	0.340493
153.873	0.341808
153.921	0.343732
153.969	0.339221
154.017	0.338552
154.065	0.341242
154.113	0.343294
154.16	0.346373
154.209	0.334722
154.257	0.346623
154.305	0.338794
154.353	0.339537
154.401	0.338457
154.449	0.343103
154.496	0.344841
154.545	0.336028
154.593	0.34527
154.641	0.345591
154.689	0.338726
154.737	0.344545
154.785	0.343305
154.833	0.348245
154.881	0.342
154.928	0.348034
154.977	0.336978
155.025	0.343406
155.073	0.338283
155.121	0.344868
155.17	0.339596
155.217	0.348005
155.266	0.337979
155.313	0.345384
155.361	0.344079
155.409	0.344715
155.458	0.336229
155.506	0.341631
155.554	0.340165
155.602	0.346711
155.65	0.342242
155.698	0.341071
155.746	0.343227
155.794	0.346377
155.843	0.338341
155.89	0.343076
155.939	0.342983
155.986	0.34555
156.035	0.340361
156.083	0.340022
156.131	0.3438
156.179	0.344199
156.227	0.343276
156.275	0.347382
156.323	0.345803
156.371	0.345112
156.419	0.34921
156.467	0.345886
156.515	0.349391
156.563	0.344573
156.612	0.345789
156.659	0.349391
156.708	0.34913
156.756	0.347116
156.804	0.348956
156.852	0.352489
156.9	0.346517
156.948	0.349319
156.996	0.352958
157.044	0.3496
157.093	0.340722
157.14	0.346761
157.188	0.346198
157.236	0.34307
157.284	0.343701
157.332	0.344036
157.38	0.349204
157.428	0.345797
157.476	0.347727
157.524	0.34381
157.572	0.355834
157.62	0.347451
157.668	0.35249
157.716	0.350707
157.764	0.351381
157.812	0.347476
157.86	0.345436
157.908	0.349244
157.956	0.349262
158.003	0.349464
158.052	0.340809
158.1	0.348736
158.148	0.349545
158.195	0.35295
158.243	0.350563
158.291	0.354649
158.338	0.35798
158.387	0.352272
158.435	0.355805
158.483	0.355781
158.53	0.35901
158.578	0.359362
158.626	0.35365
158.674	0.358036
158.722	0.354093
158.77	0.354747
158.818	0.352249
158.866	0.35406
158.915	0.348831
158.962	0.35888
159.01	0.349838
159.058	0.353574
159.106	0.355519
159.154	0.353188
159.201	0.361197
159.249	0.352648
159.297	0.351948
159.345	0.354536
159.394	0.347953
159.441	0.356239
159.489	0.353004
159.537	0.356448
159.586	0.350649
159.633	0.357883
159.681	0.357173
159.73	0.357482
159.778	0.360065
159.826	0.359206
159.874	0.358561
159.922	0.360031
159.97	0.351852
160.017	0.362733
160.066	0.352472
160.114	0.353893
160.163	0.350628
160.211	0.35171
160.259	0.356175
160.307	0.355534
160.355	0.352683
160.403	0.358271
160.452	0.353751
160.5	0.357012
160.548	0.356166
160.595	0.360414
160.644	0.355652
160.692	0.355661
160.74	0.356085
160.789	0.353939
160.837	0.358018
160.885	0.356376
160.933	0.360051
160.981	0.362928
161.03	0.352626
161.077	0.364622
161.126	0.348574
161.174	0.363401
161.222	0.358367
161.27	0.364658
161.318	0.354534
161.367	0.359436
161.415	0.358203
161.463	0.361053
161.511	0.354569
161.56	0.355036
161.607	0.364734
161.656	0.357499
161.704	0.358112
161.752	0.362094
161.801	0.360047
161.848	0.367376
161.896	0.36436
161.945	0.359137
161.993	0.361285
162.041	0.365022
162.09	0.357955
162.138	0.363384
162.186	0.361788
162.235	0.359251
162.283	0.365161
162.331	0.364429
162.38	0.362529
162.428	0.366886
162.477	0.35942
162.524	0.369483
162.573	0.364811
162.62	0.368944
162.668	0.369271
162.717	0.358342
162.765	0.370137
162.814	0.364832
162.862	0.367108
162.91	0.367866
162.958	0.370199
163.007	0.366826
163.055	0.368896
163.104	0.369214
163.152	0.372037
163.2	0.368692
163.249	0.36588
163.297	0.373614
163.345	0.371271
163.393	0.368169
163.442	0.369142
163.49	0.374281
163.538	0.367251
163.586	0.376634
163.634	0.374668
163.683	0.370242
163.732	0.371642
163.779	0.373954
163.828	0.372592
163.876	0.369833
163.924	0.376109
163.972	0.372536
164.021	0.368191
164.069	0.380407
164.117	0.374843
164.166	0.371753
164.214	0.375405
164.262	0.377716
164.31	0.378614
164.359	0.376067
164.407	0.374498
164.455	0.374997
164.504	0.374757
164.552	0.376426
164.6	0.376719
164.648	0.383238
164.697	0.374961
164.745	0.378278
164.794	0.374315
164.842	0.382398
164.89	0.379299
164.939	0.377917
164.987	0.381852
165.035	0.380696
165.083	0.378221
165.131	0.378897
165.18	0.374485
165.228	0.376521
165.276	0.382117
165.324	0.381911
165.374	0.372769
165.422	0.383379
165.47	0.378912
165.519	0.3802
165.567	0.380165
165.615	0.386122
165.664	0.37621
165.712	0.379801
165.76	0.380761
165.809	0.378172
165.858	0.372842
165.906	0.377008
165.954	0.380143
166.003	0.377554
166.051	0.382411
166.1	0.378027
166.148	0.382401
166.197	0.382565
166.246	0.380791
166.294	0.380496
166.343	0.380008
166.391	0.380428
166.44	0.377409
166.488	0.382884
166.536	0.379608
166.585	0.383946
166.633	0.377501
166.681	0.385034
166.73	0.381526
166.779	0.380947
166.828	0.38218
166.876	0.384084
166.925	0.381573
166.974	0.381159
167.022	0.382404
167.07	0.382485
167.119	0.379103
167.167	0.381962
167.216	0.381979
167.264	0.383485
167.313	0.383035
167.361	0.385324
167.41	0.381579
167.458	0.384349
167.507	0.383739
167.556	0.385353
167.604	0.389424
167.652	0.385355
167.701	0.383317
167.749	0.387976
167.798	0.383512
167.846	0.389499
167.895	0.378189
167.943	0.385369
167.991	0.388848
168.04	0.382792
168.089	0.38717
168.137	0.390042
168.185	0.387732
168.234	0.384139
168.283	0.389176
168.331	0.393045
168.38	0.382497
168.428	0.394245
168.477	0.381149
168.524	0.398809
168.574	0.382678
168.621	0.396223
168.669	0.3895
168.719	0.380637
168.767	0.386795
168.814	0.401707
168.864	0.3819
168.912	0.391229
168.96	0.393647
169.008	0.391529
169.057	0.390873
169.105	0.396039
169.154	0.39098
169.202	0.391873
169.25	0.39127
169.299	0.387584
169.348	0.395106
169.396	0.392965
169.444	0.390091
169.493	0.391151
169.541	0.399603
169.589	0.393423
169.638	0.395338
169.686	0.397822
169.735	0.393093
169.783	0.398361
169.832	0.39286
169.88	0.393351
169.929	0.394886
169.977	0.396573
170.025	0.399213
170.073	0.395694
170.122	0.397895
170.17	0.398614
170.219	0.388887
170.267	0.399347
170.316	0.393341
170.363	0.402247
170.412	0.388844
170.461	0.38729
170.51	0.394563
170.558	0.39197
170.606	0.395773
170.654	0.393934
170.704	0.387668
170.751	0.399454
170.8	0.397817
170.849	0.389451
170.897	0.397826
170.945	0.392495
170.994	0.392844
171.043	0.387258
171.091	0.395049
171.139	0.397818
171.187	0.395409
171.236	0.392023
171.285	0.392556
171.333	0.392405
171.382	0.391219
171.431	0.395932
171.479	0.395623
171.528	0.396281
171.576	0.396238
171.625	0.390637
171.673	0.391751
171.722	0.395218
171.771	0.391182
171.819	0.392411
171.868	0.39557
171.915	0.40297
171.965	0.387023
172.014	0.397357
172.062	0.395904
172.111	0.394202
172.16	0.396195
172.208	0.398564
172.257	0.394052
172.306	0.392808
172.354	0.400053
172.403	0.394593
172.452	0.390439
172.5	0.399577
172.549	0.392827
172.598	0.399618
172.646	0.399038
172.694	0.399799
172.744	0.393966
172.792	0.399179
172.841	0.398228
172.889	0.399992
172.939	0.391697
172.987	0.398949
173.036	0.399903
173.084	0.396862
173.133	0.396202
173.182	0.399264
173.231	0.399149
173.279	0.401711
173.328	0.39449
173.377	0.400655
173.425	0.399226
173.474	0.402118
173.523	0.39941
173.571	0.39902
173.62	0.399396
173.669	0.397373
173.718	0.394204
173.766	0.403602
173.815	0.394963
173.864	0.403272
173.913	0.39901
173.961	0.401475
174.01	0.402483
174.058	0.404633
174.107	0.402407
174.156	0.403873
174.205	0.398484
174.253	0.411299
174.302	0.405832
174.35	0.404609
174.399	0.403189
174.448	0.398948
174.496	0.408586
174.545	0.403786
174.594	0.402077
174.643	0.406487
174.691	0.406561
174.74	0.406707
174.788	0.407076
174.837	0.411616
174.886	0.403946
174.934	0.409107
174.983	0.409647
175.031	0.413163
175.08	0.409848
175.128	0.412068
175.177	0.405612
175.225	0.406406
175.274	0.405289
175.322	0.412304
175.372	0.40272
175.42	0.412939
175.469	0.406378
175.517	0.412252
175.565	0.414844
175.614	0.411579
175.663	0.408179
175.712	0.410213
175.761	0.410932
175.809	0.415601
175.857	0.415008
175.906	0.404458
175.955	0.413398
176.003	0.412217
176.052	0.406778
176.1	0.415204
176.149	0.408678
176.197	0.415775
176.246	0.416935
176.295	0.410792
176.343	0.417547
176.392	0.40677
176.44	0.418216
176.489	0.4095
176.538	0.411369
176.586	0.418673
176.635	0.40782
176.684	0.411244
176.732	0.414392
176.781	0.405303
176.829	0.420495
176.878	0.412348
176.927	0.413882
176.975	0.420289
177.024	0.413801
177.073	0.411407
177.121	0.418017
177.17	0.415195
177.219	0.406895
177.267	0.425308
177.316	0.406341
177.365	0.408415
177.414	0.416801
177.463	0.411546
177.511	0.415828
177.56	0.410826
177.609	0.413395
177.657	0.415633
177.706	0.413631
177.755	0.415374
177.804	0.411127
177.852	0.419673
177.901	0.413702
177.95	0.41201
177.999	0.414943
178.048	0.417797
178.097	0.41416
178.145	0.417981
178.194	0.414733
178.243	0.416291
178.291	0.416341
178.34	0.415829
178.389	0.413486
178.438	0.417185
178.486	0.418779
178.535	0.415585
178.584	0.415595
178.633	0.413917
178.682	0.415397
178.731	0.417334
178.78	0.41339
178.828	0.424297
178.878	0.411253
178.926	0.420103
178.975	0.422531
179.024	0.410064
179.073	0.417822
179.122	0.422506
179.171	0.413471
179.219	0.42612
179.269	0.413882
179.317	0.419884
179.366	0.422131
179.415	0.420838
179.463	0.423601
179.513	0.415961
179.562	0.419761
179.61	0.425847
179.659	0.419904
179.708	0.421939
179.756	0.426449
179.806	0.413652
179.854	0.430917
179.903	0.419994
179.952	0.424842
180	0.423168
180.05	0.417253
180.098	0.429112
180.147	0.425639
180.196	0.422389
180.244	0.425207
180.294	0.417757
180.342	0.425664
180.392	0.417341
180.44	0.427666
180.489	0.425098
180.538	0.423555
180.586	0.428696
180.635	0.428224
180.683	0.424878
180.732	0.428054
180.781	0.426695
180.83	0.420829
180.878	0.438322
180.928	0.425835
180.977	0.423426
181.025	0.437984
181.074	0.426679
181.122	0.426645
181.171	0.431142
181.22	0.424762
181.268	0.433052
181.317	0.428705
181.366	0.429316
181.414	0.430086
181.464	0.426076
181.512	0.435803
181.561	0.430076
181.61	0.431415
181.658	0.43122
181.707	0.431301
181.755	0.438019
181.804	0.425221
181.853	0.429538
181.902	0.42944
181.951	0.431267
182	0.426768
182.049	0.427409
182.097	0.44103
182.145	0.437846
182.194	0.435084
182.243	0.42967
182.291	0.438731
182.341	0.428219
182.389	0.434419
182.438	0.429401
182.486	0.437304
182.535	0.434371
182.584	0.430794
182.633	0.432127
182.682	0.428967
182.73	0.434287
182.779	0.430845
182.827	0.438063
182.877	0.4279
182.926	0.432472
182.975	0.43189
183.023	0.430604
183.072	0.437289
183.12	0.439663
183.169	0.431112
183.218	0.428822
183.267	0.432336
183.315	0.437011
183.364	0.436589
183.413	0.432625
183.462	0.431946
183.511	0.431325
183.559	0.438235
183.608	0.43041
183.657	0.434853
183.705	0.436338
183.754	0.431552
183.803	0.432275
183.851	0.43976
183.9	0.433987
183.949	0.429459
183.998	0.436966
184.046	0.43569
184.095	0.434491
184.144	0.438692
184.193	0.433276
184.241	0.433331
184.29	0.440953
184.339	0.430072
184.388	0.432506
184.437	0.43398
184.485	0.438099
184.534	0.430908
184.583	0.435421
184.632	0.435165
184.681	0.431776
184.73	0.432083
184.779	0.438639
184.828	0.431213
184.877	0.435943
184.926	0.433207
184.975	0.43116
185.024	0.435631
185.073	0.433707
185.122	0.435145
185.17	0.436994
185.219	0.430571
185.268	0.438198
185.317	0.424881
185.366	0.434243
185.415	0.431961
185.464	0.431009
185.512	0.434673
185.562	0.429101
185.611	0.429207
185.66	0.434962
185.709	0.430237
185.758	0.429409
185.806	0.438188
185.855	0.434199
185.904	0.431646
185.953	0.434751
186.002	0.425657
186.051	0.431509
186.1	0.430224
186.149	0.42885
186.199	0.423033
186.248	0.430786
186.296	0.437593
186.345	0.427931
186.394	0.433588
186.443	0.431993
186.492	0.429371
186.542	0.429531
186.591	0.434168
186.64	0.434269
186.689	0.434925
186.738	0.434632
186.787	0.433386
186.836	0.436945
186.884	0.436085
186.934	0.426997
186.982	0.44243
187.031	0.436255
187.081	0.434311
187.13	0.433537
187.179	0.43659
187.227	0.445067
187.277	0.435855
187.325	0.44264
187.374	0.43795
187.423	0.445041
187.472	0.442862
187.521	0.436072
187.57	0.441248
187.618	0.449045
187.667	0.439591
187.716	0.442097
187.765	0.436603
187.814	0.443676
187.863	0.442426
187.911	0.444567
187.96	0.443725
188.009	0.444465
188.058	0.438386
188.108	0.438912
188.156	0.449745
188.205	0.44057
188.254	0.449156
188.303	0.440742
188.352	0.449776
188.401	0.444715
188.45	0.443018
188.498	0.451917
188.547	0.44588
188.596	0.442052
188.645	0.446293
188.693	0.4514
188.743	0.440705
188.791	0.451266
188.84	0.446854
188.889	0.444903
188.938	0.452697
188.987	0.445602
189.036	0.451668
189.084	0.452634
189.134	0.442833
189.182	0.451889
189.231	0.447394
189.28	0.442111
189.329	0.444712
189.378	0.450516
189.426	0.452947
189.475	0.445515
189.525	0.440704
189.574	0.450846
189.622	0.453853
189.672	0.443064
189.72	0.451608
189.77	0.44377
189.818	0.450008
189.867	0.450032
189.916	0.445572
189.965	0.448343
190.014	0.451107
190.062	0.447632
190.112	0.441554
190.161	0.445349
190.21	0.454648
190.259	0.448282
190.308	0.448477
190.356	0.454943
190.405	0.44629
190.455	0.444448
190.503	0.456072
190.552	0.448533
190.601	0.446082
190.65	0.447105
190.699	0.445558
190.749	0.445379
190.797	0.447737
190.847	0.445844
190.895	0.451539
190.944	0.45204
190.994	0.444564
191.042	0.452798
191.091	0.450396
191.141	0.443624
191.189	0.452132
191.239	0.446816
191.288	0.447323
191.337	0.444917
191.385	0.456476
191.435	0.439028
191.484	0.45278
191.533	0.449524
191.582	0.454159
191.632	0.444329
191.681	0.45436
191.73	0.447762
191.778	0.45916
191.828	0.449531
191.877	0.447301
191.926	0.455546
191.975	0.447613
192.024	0.447731
192.073	0.450169
192.122	0.44763
192.171	0.449851
192.22	0.452613
192.269	0.450028
192.319	0.451989
192.368	0.4534
192.417	0.446076
192.466	0.456608
192.515	0.458991
192.563	0.457748
192.613	0.451988
192.662	0.45546
192.711	0.454819
192.759	0.460178
192.809	0.443301
192.858	0.456226
192.907	0.449719
192.956	0.454649
193.005	0.456824
193.054	0.453757
193.104	0.452712
193.152	0.46042
193.202	0.451936
193.25	0.458658
193.3	0.453412
193.349	0.458902
193.398	0.457358
193.446	0.459636
193.495	0.457633
193.545	0.454554
193.594	0.456991
193.642	0.46021
193.692	0.4527
193.74	0.466153
193.789	0.457364
193.838	0.455069
193.887	0.459421
193.936	0.460527
193.985	0.45856
194.034	0.462618
194.083	0.458472
194.132	0.463821
194.181	0.45663
194.23	0.464223
194.279	0.465263
194.328	0.45876
194.377	0.463053
194.426	0.464644
194.475	0.460085
194.524	0.462351
194.573	0.463425
194.621	0.468561
194.67	0.466623
194.719	0.458968
194.769	0.460538
194.817	0.468546
194.866	0.462692
194.916	0.460867
194.965	0.466111
195.013	0.468701
195.062	0.467926
195.111	0.46512
195.16	0.464783
195.209	0.468213
195.257	0.46418
195.306	0.467889
195.355	0.460733
195.404	0.462986
195.453	0.465549
195.502	0.466929
195.552	0.461519
195.6	0.471392
195.649	0.466749
195.698	0.473491
195.747	0.462198
195.795	0.476998
195.845	0.465101
195.893	0.471134
195.942	0.47027
195.991	0.472084
196.04	0.463022
196.089	0.47332
196.138	0.471702
196.187	0.476473
196.236	0.471535
196.285	0.480578
196.334	0.479987
196.383	0.49338
196.432	0.493678
196.481	0.49697
196.53	0.490504
196.579	0.496286
196.628	0.486019
196.677	0.484964
196.726	0.483736
196.775	0.489389
196.824	0.484039
196.873	0.481071
196.922	0.48587
196.971	0.479658
197.021	0.478661
197.07	0.480341
197.118	0.482241
197.167	0.47994
197.217	0.474713
197.266	0.476948
197.315	0.475876
197.364	0.472626
197.413	0.478459
197.462	0.474405
197.511	0.466853
197.56	0.475811
197.61	0.473624
197.659	0.473613
197.707	0.478368
197.757	0.466893
197.806	0.471159
197.855	0.479061
197.904	0.467843
197.953	0.468055
198.002	0.469451
198.051	0.473161
198.101	0.460195
198.149	0.478789
198.199	0.465162
198.248	0.476019
198.298	0.463078
198.346	0.477089
198.396	0.469093
198.445	0.471471
198.494	0.471883
198.544	0.463513
198.592	0.477466
198.641	0.471175
198.691	0.46708
198.74	0.470158
198.789	0.470865
198.838	0.470416
198.887	0.470542
198.936	0.470953
198.985	0.471902
199.035	0.467753
199.084	0.470635
199.133	0.472854
199.182	0.46606
199.231	0.477192
199.28	0.466165
199.329	0.478004
199.378	0.470152
199.427	0.472238
199.476	0.472858
199.526	0.467511
199.576	0.465509
199.624	0.478638
199.673	0.472255
199.722	0.478473
199.771	0.475546
199.82	0.474067
199.869	0.474297
199.918	0.477064
199.968	0.471827
200.016	0.484297
200.065	0.472187
200.115	0.474908
200.164	0.473037
200.213	0.476508
200.262	0.476167
200.311	0.471701
200.36	0.476083
200.409	0.478971
200.458	0.477613
200.507	0.476291
200.556	0.476127
200.606	0.474882
200.655	0.474436
200.704	0.479979
200.753	0.473564
200.802	0.483413
200.852	0.473807
200.9	0.483042
200.95	0.476216
200.998	0.482482
201.047	0.475748
201.096	0.481115
201.146	0.471535
201.194	0.482043
201.244	0.471171
201.292	0.484269
201.342	0.469304
201.39	0.487694
201.44	0.471485
201.489	0.478931
201.538	0.476231
201.586	0.483829
201.636	0.475807
201.685	0.473708
201.734	0.47409
201.784	0.471734
201.833	0.476134
201.882	0.479502
201.931	0.472457
201.98	0.47825
202.029	0.475228
202.078	0.478601
202.128	0.476824
202.177	0.475636
202.225	0.482611
202.275	0.473881
202.324	0.47578
202.373	0.477969
202.422	0.475233
202.472	0.475416
202.52	0.478258
202.569	0.47528
202.619	0.472967
202.668	0.471998
202.717	0.476675
202.766	0.477346
202.815	0.478993
202.865	0.471219
202.914	0.47621
202.962	0.480771
203.012	0.472708
203.061	0.474548
203.11	0.469759
203.159	0.480147
203.208	0.470134
203.257	0.482896
203.307	0.463329
203.356	0.474959
203.405	0.479093
203.455	0.473475
203.504	0.471416
203.553	0.481706
203.602	0.474347
203.651	0.479927
203.7	0.475058
203.75	0.468833
203.8	0.469739
203.849	0.477859
203.898	0.473848
203.947	0.477677
203.996	0.48103
204.045	0.475541
204.095	0.47106
204.144	0.478318
204.194	0.481807
204.242	0.486512
204.292	0.477507
204.341	0.483392
204.39	0.482508
204.439	0.477321
204.488	0.478741
204.538	0.475457
204.587	0.478345
204.636	0.479971
204.685	0.475763
204.734	0.485124
204.783	0.477744
204.833	0.481113
204.882	0.478339
204.932	0.478339
204.98	0.490331
205.029	0.483002
205.079	0.477948
205.128	0.479514
205.177	0.479786
205.226	0.485149
205.275	0.479815
205.324	0.481493
205.373	0.482538
205.422	0.482878
205.472	0.474752
205.52	0.496321
205.569	0.477669
205.618	0.488286
205.668	0.477489
205.717	0.483147
205.766	0.48557
205.816	0.479067
205.865	0.479378
205.914	0.489069
205.963	0.484179
206.012	0.481604
206.061	0.48467
206.11	0.480757
206.159	0.479503
206.208	0.486392
206.257	0.484079
206.306	0.492443
206.355	0.4849
206.404	0.480925
206.454	0.480673
206.503	0.487156
206.552	0.488218
206.6	0.489857
206.65	0.477276
206.699	0.488808
206.748	0.484162
206.797	0.484633
206.847	0.479968
206.896	0.482478
206.946	0.481743
206.994	0.492665
207.044	0.486315
207.092	0.496628
207.141	0.485793
207.191	0.480249
207.24	0.49164
207.289	0.486801
207.338	0.488262
207.387	0.485621
207.437	0.481975
207.486	0.4933
207.535	0.488014
207.584	0.488846
207.634	0.481366
207.682	0.499701
207.732	0.483146
207.781	0.491838
207.83	0.489719
207.88	0.486214
207.929	0.48796
207.978	0.488377
208.027	0.486067
208.076	0.492891
208.126	0.484736
208.175	0.487803
208.224	0.490274
208.273	0.491001
208.323	0.481977
208.372	0.490764
208.422	0.482556
208.471	0.494436
208.519	0.497506
208.568	0.488011
208.618	0.484794
208.667	0.487622
208.716	0.492165
208.766	0.484248
208.815	0.490436
208.865	0.48069
208.914	0.489495
208.963	0.488205
209.012	0.490458
209.061	0.488094
209.111	0.484551
209.16	0.487689
209.209	0.490127
209.259	0.486138
209.307	0.49809
209.356	0.495374
209.406	0.486039
209.454	0.501112
209.504	0.482762
209.553	0.49839
209.602	0.491624
209.652	0.483125
209.701	0.488876
209.75	0.490172
209.8	0.49044
209.848	0.496364
209.898	0.490006
209.946	0.496564
209.996	0.485387
210.045	0.496177
210.095	0.483931
210.145	0.495649
210.194	0.485517
210.243	0.501751
210.292	0.488293
210.342	0.491496
210.391	0.493168
210.44	0.494936
210.489	0.490779
210.538	0.496445
210.588	0.489122
210.637	0.495993
210.686	0.493718
210.735	0.496049
210.784	0.495316
210.833	0.494163
210.882	0.497594
210.932	0.490868
210.981	0.497417
211.031	0.490736
211.079	0.50624
211.129	0.48611
211.178	0.504739
211.227	0.496641
211.277	0.4918
211.326	0.499097
211.375	0.495311
211.424	0.499226
211.473	0.505694
211.522	0.499485
211.572	0.492566
211.621	0.499571
211.67	0.499969
211.719	0.509643
211.768	0.505475
211.818	0.504792
211.867	0.50194
211.916	0.511768
211.965	0.505949
212.014	0.50691
212.064	0.501166
212.113	0.507178
212.162	0.506937
212.211	0.506264
212.261	0.502918
212.31	0.505589
212.359	0.503211
212.408	0.507371
212.457	0.503842
212.507	0.502656
212.556	0.499817
212.605	0.513067
212.654	0.504755
212.703	0.502628
212.752	0.505239
212.802	0.502884
212.851	0.505359
212.9	0.500511
212.95	0.499559
212.999	0.511474
213.047	0.508212
213.097	0.501988
213.147	0.493492
213.196	0.50285
213.245	0.501831
213.294	0.501924
213.343	0.507658
213.392	0.502043
213.441	0.509332
213.49	0.502191
213.539	0.505558
213.589	0.502877
213.638	0.504374
213.687	0.508612
213.737	0.499615
213.786	0.509672
213.835	0.502887
213.883	0.512518
213.933	0.500758
213.982	0.50282
214.031	0.508015
214.08	0.511326
214.129	0.502668
214.178	0.510615
214.227	0.51549
214.276	0.507617
214.325	0.507642
214.374	0.509502
214.424	0.508741
214.473	0.505166
214.522	0.508475
214.571	0.512809
214.62	0.506561
214.669	0.508829
214.718	0.505311
214.767	0.514941
214.816	0.506484
214.865	0.511585
214.914	0.512647
214.963	0.508108
215.012	0.511232
215.061	0.509029
215.11	0.503364
215.159	0.508773
215.209	0.503048
215.257	0.511102
215.307	0.506596
215.355	0.511957
215.405	0.502418
215.453	0.509046
215.502	0.512902
215.551	0.509814
215.601	0.502757
215.65	0.51357
215.699	0.502337
215.748	0.517677
215.797	0.509377
215.846	0.509508
215.895	0.510293
215.944	0.507877
215.993	0.505719
216.042	0.51668
216.091	0.502441
216.14	0.507798
216.189	0.510212
216.239	0.502377
216.288	0.510913
216.337	0.509407
216.387	0.499423
216.436	0.505946
216.484	0.511734
216.533	0.508646
216.582	0.508688
216.632	0.503467
216.681	0.500744
216.73	0.508013
216.78	0.50296
216.829	0.509149
216.878	0.502056
216.927	0.506925
216.976	0.507414
217.026	0.502869
217.075	0.503402
217.124	0.512543
217.173	0.504104
217.222	0.510547
217.272	0.499618
217.321	0.506222
217.37	0.507452
217.42	0.494555
217.469	0.505062
217.517	0.505281
217.567	0.500965
217.616	0.50676
217.665	0.501109
217.715	0.505984
217.764	0.507627
217.813	0.511222
217.862	0.507195
217.911	0.504944
217.96	0.511288
218.01	0.497306
218.059	0.506211
218.108	0.5124
218.157	0.502015
218.206	0.507005
218.255	0.507431
218.305	0.503006
218.354	0.504217
218.403	0.502442
218.452	0.506471
218.502	0.506218
218.551	0.506792
218.6	0.508905
218.649	0.50899
218.699	0.501243
218.748	0.508099
218.797	0.511761
218.845	0.513924
218.895	0.502375
218.944	0.511316
218.993	0.502742
219.042	0.512565
219.092	0.502992
219.141	0.509171
219.189	0.517237
219.239	0.513321
219.288	0.507964
219.336	0.523829
219.386	0.508089
219.435	0.513225
219.485	0.513416
219.534	0.515935
219.583	0.516052
219.632	0.516222
219.681	0.522778
219.73	0.515202
219.779	0.515154
219.828	0.517758
219.877	0.523604
219.926	0.516432
219.975	0.52136
220.024	0.518409
220.073	0.523556
220.123	0.51597
220.172	0.525817
220.221	0.519878
220.27	0.527706
220.318	0.526747
220.368	0.51909
220.417	0.525129
220.466	0.526601
220.515	0.525686
220.564	0.523976
220.613	0.522489
220.662	0.527491
220.711	0.520034
220.76	0.527564
220.809	0.5278
220.858	0.521418
220.907	0.525962
220.955	0.532313
221.005	0.519053
221.054	0.531548
221.102	0.528405
221.151	0.529986
221.2	0.528838
221.25	0.523801
221.298	0.530037
221.347	0.528833
221.396	0.524257
221.446	0.519525
221.494	0.534205
221.544	0.517746
221.593	0.524919
221.641	0.527976
221.69	0.524013
221.739	0.533372
221.788	0.528323
221.837	0.52605
221.886	0.528952
221.935	0.525173
221.984	0.524887
222.033	0.530627
222.082	0.529455
222.131	0.520268
222.18	0.525336
222.23	0.520014
222.279	0.521985
222.328	0.525074
222.377	0.520739
222.426	0.522414
222.475	0.525506
222.524	0.525196
222.573	0.527114
222.622	0.525401
222.671	0.524144
222.721	0.514006
222.77	0.527909
222.819	0.522403
222.868	0.527819
222.917	0.519696
222.966	0.522067
223.015	0.527104
223.064	0.518678
223.113	0.531193
223.163	0.5163
223.211	0.527114
223.26	0.52876
223.31	0.520847
223.359	0.523842
223.408	0.526235
223.457	0.52717
223.506	0.524155
223.555	0.522668
223.604	0.521288
223.654	0.519074
223.703	0.523918
223.752	0.512364
223.802	0.519295
223.85	0.522885
223.9	0.516985
223.949	0.525125
223.998	0.515882
224.047	0.528909
224.096	0.519183
224.145	0.516011
224.194	0.522841
224.244	0.514433
224.293	0.520855
224.342	0.527082
224.391	0.516801
224.44	0.520362
224.49	0.514639
224.538	0.526165
224.588	0.516878
224.637	0.516938
224.687	0.518431
224.735	0.530543
224.784	0.522571
224.833	0.517309
224.883	0.513886
224.932	0.526905
224.981	0.516858
225.031	0.518782
225.08	0.520083
225.129	0.521367
225.178	0.525159
225.227	0.522032
225.276	0.520226
225.326	0.516707
225.375	0.520964
225.424	0.524267
225.473	0.519936
225.522	0.517655
225.571	0.520909
225.621	0.516668
225.67	0.523145
225.718	0.526955
225.767	0.52286
225.817	0.514856
225.867	0.519317
225.916	0.52905
225.966	0.51732
226.014	0.530011
226.064	0.520373
226.113	0.523995
226.162	0.522431
226.211	0.524101
226.26	0.517505
226.31	0.518239
226.359	0.528806
226.408	0.521021
226.458	0.521629
226.507	0.526426
226.556	0.528461
226.605	0.524891
226.654	0.529464
226.703	0.535276
226.752	0.528366
226.802	0.520396
226.85	0.542824
226.899	0.529026
226.948	0.52802
226.998	0.530637
227.046	0.535571
227.096	0.528265
227.145	0.53831
227.194	0.534844
227.243	0.531321
227.292	0.539385
227.341	0.537623
227.39	0.531341
227.439	0.540546
227.488	0.53355
227.537	0.536056
227.587	0.521934
227.635	0.543098
227.684	0.532235
227.734	0.526375
227.783	0.530773
227.832	0.534972
227.881	0.530781
227.93	0.532101
227.979	0.53226
228.028	0.53279
228.077	0.534566
228.127	0.527064
228.176	0.535285
228.225	0.532409
228.274	0.530775
228.323	0.532787
228.372	0.533498
228.421	0.536683
228.47	0.527365
228.52	0.531215
228.569	0.532277
228.618	0.533679
228.667	0.528615
228.717	0.53363
228.766	0.529386
228.815	0.538278
228.864	0.533608
228.913	0.529008
228.962	0.532771
229.011	0.539278
229.06	0.529647
229.11	0.527218
229.159	0.540053
229.208	0.529517
229.258	0.532606
229.307	0.533476
229.356	0.534974
229.405	0.544267
229.455	0.525427
229.503	0.546929
229.553	0.529554
229.602	0.537888
229.651	0.540205
229.7	0.532526
229.749	0.539664
229.798	0.539812
229.848	0.529039
229.896	0.544815
229.946	0.527719
229.996	0.537586
230.045	0.537204
230.094	0.533518
230.143	0.537333
230.192	0.537159
230.241	0.536922
230.291	0.535343
230.34	0.534926
230.389	0.537457
230.438	0.545603
230.488	0.529589
230.537	0.544701
230.586	0.538628
230.635	0.537878
230.684	0.539736
230.733	0.541046
230.782	0.533813
230.832	0.535644
230.881	0.534017
230.931	0.536893
230.979	0.541277
231.029	0.535343
231.078	0.546192
231.127	0.539914
231.176	0.536023
231.225	0.546527
231.275	0.536033
231.324	0.546935
231.373	0.542941
231.422	0.535509
231.471	0.547088
231.52	0.538782
231.57	0.531339
231.619	0.543125
231.669	0.540618
231.718	0.542514
231.766	0.546146
231.816	0.541548
231.865	0.541317
231.914	0.546133
231.963	0.538978
232.012	0.540411
232.062	0.540424
232.111	0.539484
232.16	0.545264
232.209	0.535295
232.258	0.545511
232.307	0.538822
232.357	0.536481
232.406	0.541119
232.455	0.539482
232.504	0.5438
232.553	0.538296
232.602	0.540453
232.651	0.542448
232.701	0.537278
232.75	0.538567
232.799	0.544922
232.848	0.53685
232.896	0.54591
232.946	0.533987
232.995	0.543123
233.044	0.535138
233.093	0.544942
233.142	0.542125
233.191	0.53886
233.24	0.53604
233.29	0.532512
233.339	0.544239
233.387	0.544086
233.437	0.537305
233.486	0.540698
233.535	0.540833
233.584	0.538067
233.632	0.5478
233.682	0.534832
233.731	0.539382
233.78	0.542081
233.829	0.537952
233.879	0.535427
233.928	0.540871
233.976	0.541082
234.025	0.539928
234.075	0.537691
234.124	0.539246
234.173	0.535592
234.222	0.539602
234.271	0.53549
234.32	0.543407
234.37	0.533584
234.419	0.537669
234.467	0.550095
234.517	0.536093
234.566	0.536852
234.615	0.546346
234.664	0.544749
234.713	0.536502
234.762	0.546295
234.811	0.538269
234.861	0.538331
234.909	0.547615
234.959	0.538482
235.008	0.541188
235.057	0.542909
235.107	0.541525
235.156	0.540747
235.205	0.545492
235.254	0.543745
235.304	0.540627
235.353	0.545786
235.402	0.540109
235.452	0.539825
235.501	0.542727
235.55	0.544883
235.6	0.541752
235.649	0.54314
235.698	0.543261
235.748	0.538069
235.797	0.547481
235.847	0.544803
235.896	0.550181
235.945	0.550393
235.994	0.549655
236.043	0.550454
236.092	0.545705
236.142	0.545047
236.191	0.547669
236.24	0.545569
236.289	0.55098
236.339	0.536784
236.389	0.544569
236.438	0.544482
236.487	0.551642
236.536	0.545596
236.585	0.553229
236.635	0.539933
236.684	0.552887
236.733	0.54645
236.782	0.550764
236.831	0.547328
236.881	0.542675
236.93	0.547688
236.98	0.541626
237.029	0.549825
237.078	0.548192
237.127	0.548256
237.176	0.546401
237.226	0.545862
237.275	0.551945
237.325	0.543578
237.373	0.553134
237.422	0.549217
237.472	0.548003
237.521	0.545317
237.57	0.555714
237.619	0.547868
237.668	0.549182
237.718	0.546029
237.767	0.552813
237.816	0.554599
237.865	0.5462
237.914	0.549362
237.963	0.550613
238.013	0.548227
238.062	0.550969
238.111	0.550707
238.16	0.553443
238.209	0.548808
238.259	0.553262
238.308	0.552249
238.357	0.552278
238.406	0.558062
238.455	0.554555
238.505	0.553794
238.553	0.563911
238.603	0.55313
238.652	0.557787
238.701	0.561144
238.75	0.562242
238.8	0.549996
238.849	0.559537
238.898	0.559719
238.947	0.556558
238.996	0.557559
239.045	0.555707
239.095	0.553839
239.143	0.563275
239.193	0.558503
239.241	0.560638
239.291	0.55635
239.341	0.549291
239.389	0.559774
239.439	0.550008
239.488	0.557304
239.537	0.55683
239.586	0.551599
239.635	0.553318
239.684	0.551931
239.734	0.551772
239.783	0.550689
239.831	0.562893
239.881	0.547364
239.93	0.555068
239.979	0.552187
240.029	0.549703
240.078	0.554485
240.127	0.551846
240.177	0.544433
240.225	0.556451
240.275	0.539094
240.324	0.551104
240.373	0.548896
240.423	0.542621
240.471	0.55436
240.521	0.548769
240.57	0.542509
240.619	0.554657
240.668	0.554351
240.717	0.551147
240.767	0.547305
240.817	0.543907
240.865	0.558416
240.915	0.547252
240.963	0.561075
241.013	0.546106
241.062	0.544206
241.112	0.550763
241.16	0.5523
241.21	0.548543
241.259	0.551567
241.309	0.544162
241.358	0.548409
241.407	0.552841
241.457	0.549323
241.505	0.554953
241.555	0.547549
241.605	0.545875
241.653	0.55822
241.703	0.54998
241.753	0.546546
241.801	0.560769
241.851	0.543481
241.901	0.547436
241.95	0.561904
241.999	0.553298
242.048	0.555086
242.098	0.557518
242.147	0.556405
242.196	0.554853
242.246	0.552631
242.295	0.555347
242.344	0.55937
242.393	0.560286
242.443	0.552488
242.492	0.553195
242.541	0.558032
242.591	0.554213
242.64	0.557616
242.69	0.547652
242.739	0.558775
242.788	0.561808
242.838	0.546508
242.887	0.559727
242.936	0.568725
242.985	0.553647
243.034	0.558165
243.084	0.552021
243.133	0.557352
243.183	0.553708
243.232	0.562431
243.281	0.562551
243.33	0.55524
243.38	0.554073
243.429	0.552594
243.478	0.566057
243.527	0.558115
243.576	0.555479
243.626	0.555025
243.674	0.562698
243.724	0.55546
243.773	0.556723
243.823	0.558758
243.872	0.555342
243.921	0.564534
243.97	0.564824
244.019	0.563457
244.069	0.55507
244.118	0.561995
244.167	0.564201
244.217	0.555358
244.266	0.562624
244.315	0.569789
244.364	0.555222
244.413	0.562577
244.463	0.556874
244.512	0.565953
244.561	0.559184
244.611	0.561427
244.66	0.555509
244.709	0.561762
244.759	0.557071
244.809	0.554273
244.857	0.564948
244.907	0.557992
244.956	0.554477
245.006	0.547384
245.055	0.565243
245.104	0.557973
245.153	0.559408
245.203	0.554946
245.252	0.560736
245.301	0.556192
245.351	0.554329
245.4	0.563901
245.449	0.561199
245.498	0.557657
245.547	0.557681
245.597	0.555064
245.646	0.555679
245.695	0.559525
245.745	0.552578
245.794	0.560569
245.843	0.551938
245.892	0.560526
245.941	0.559619
245.991	0.55807
246.04	0.555545
246.09	0.553351
246.139	0.556829
246.188	0.557007
246.238	0.558185
246.287	0.560007
246.336	0.553322
246.385	0.559659
246.435	0.555675
246.484	0.553412
246.534	0.551285
246.583	0.554172
246.633	0.554685
246.682	0.562624
246.731	0.558065
246.781	0.555911
246.83	0.56032
246.88	0.557887
246.929	0.562287
246.978	0.560945
247.027	0.560963
247.077	0.553677
247.126	0.563335
247.176	0.551012
247.225	0.557644
247.274	0.558874
247.324	0.556984
247.373	0.559242
247.423	0.55948
247.472	0.563201
247.521	0.558618
247.57	0.564184
247.62	0.559875
247.669	0.563579
247.718	0.558229
247.768	0.553599
247.817	0.567731
247.867	0.547994
247.917	0.561554
247.966	0.55891
248.015	0.568507
248.064	0.556751
248.114	0.557887
248.163	0.565405
248.213	0.556891
248.263	0.559049
248.312	0.556755
248.361	0.568359
248.411	0.559977
248.46	0.558187
248.51	0.562
248.559	0.563966
248.608	0.564165
248.658	0.555913
248.707	0.570333
248.756	0.565635
248.805	0.566536
248.855	0.563102
248.905	0.560908
248.954	0.563259
249.003	0.568423
249.052	0.572098
249.102	0.556631
249.153	0.556833
249.2	0.583587
249.251	0.558524
249.3	0.569874
249.35	0.563403
249.399	0.569717
249.448	0.566685
249.497	0.568037
249.546	0.565945
249.596	0.569602
249.645	0.561882
249.695	0.560318
249.745	0.565111
249.793	0.570882
249.842	0.569718
249.892	0.562451
249.941	0.569138
249.991	0.563946
250.041	0.558853
250.09	0.566529
250.139	0.563597
250.189	0.561919
250.238	0.568916
250.287	0.562128
250.337	0.559233
250.386	0.567652
250.436	0.565123
250.485	0.562761
250.535	0.56158
250.584	0.568111
250.634	0.557521
250.683	0.566691
250.732	0.569998
250.781	0.563003
250.831	0.554275
250.881	0.563625
250.93	0.563752
250.979	0.566015
251.029	0.554298
251.078	0.57384
251.128	0.549607
251.177	0.566861
251.227	0.561284
251.277	0.56102
251.326	0.567555
251.376	0.557239
251.424	0.575287
251.474	0.564458
251.524	0.56033
251.573	0.565999
251.623	0.559405
251.672	0.564621
251.722	0.557967
251.772	0.56282
251.821	0.570795
251.871	0.557294
251.919	0.580641
251.968	0.566165
252.018	0.564761
252.067	0.567672
252.117	0.56531
252.166	0.56785
252.215	0.567505
252.265	0.559953
252.314	0.572163
252.363	0.561482
252.413	0.561684
252.463	0.565186
252.512	0.570268
252.561	0.567996
252.61	0.569863
252.66	0.570035
252.709	0.570563
252.759	0.569068
252.807	0.581792
252.857	0.562796
252.906	0.574911
252.955	0.568802
253.004	0.575903
253.054	0.561357
253.103	0.576291
253.152	0.571777
253.201	0.576153
253.251	0.56799
253.3	0.575782
253.349	0.569166
253.398	0.579426
253.447	0.570478
253.497	0.568105
253.546	0.58144
253.595	0.573993
253.645	0.569325
253.693	0.582283
253.742	0.576915
253.792	0.564621
253.841	0.580325
253.89	0.58042
253.94	0.568968
253.989	0.573116
254.038	0.580706
254.087	0.570781
254.136	0.57828
254.186	0.5724
254.234	0.584205
254.284	0.568169
254.333	0.580972
254.382	0.575923
254.431	0.582279
254.48	0.574842
254.53	0.570242
254.58	0.574133
254.628	0.580371
254.678	0.573867
254.727	0.575731
254.777	0.568461
254.825	0.583792
254.874	0.575515
254.924	0.568313
254.973	0.57853
255.022	0.586538
255.071	0.573558
255.12	0.580468
255.17	0.579082
255.219	0.569238
255.269	0.573853
255.318	0.576973
255.368	0.569413
255.417	0.575189
255.465	0.581164
255.515	0.572758
255.564	0.574216
255.613	0.582903
255.663	0.568082
255.712	0.579504
255.761	0.575314
255.81	0.575615
255.859	0.581745
255.909	0.575137
255.958	0.576558
256.008	0.568488
256.057	0.581968
256.106	0.578642
256.155	0.571467
256.204	0.576611
256.254	0.57334
256.303	0.576588
256.352	0.57853
256.401	0.576419
256.451	0.574764
256.5	0.57307
256.549	0.581317
256.599	0.572318
256.648	0.577576
256.698	0.568621
256.747	0.584966
256.797	0.569684
256.847	0.569671
256.896	0.578086
256.945	0.57713
256.994	0.573693
257.043	0.573809
257.093	0.572632
257.142	0.581973
257.191	0.572463
257.241	0.57473
257.29	0.574015
257.339	0.578601
257.389	0.570897
257.438	0.581396
257.487	0.57234
257.536	0.57766
257.586	0.572981
257.635	0.572443
257.686	0.558668
257.735	0.577954
257.785	0.576031
257.833	0.587802
257.883	0.568493
257.932	0.583148
257.982	0.576149
258.031	0.578832
258.08	0.582002
258.129	0.582574
258.179	0.573431
258.228	0.581511
258.278	0.572619
258.327	0.587282
258.376	0.578534
258.426	0.575263
258.475	0.586622
258.525	0.576202
258.574	0.583352
258.623	0.590288
258.673	0.569183
258.722	0.586159
258.771	0.58057
258.821	0.576687
258.871	0.582603
258.92	0.586622
258.968	0.591695
259.018	0.573815
259.068	0.584992
259.116	0.591499
259.166	0.582882
259.215	0.579598
259.264	0.58845
259.313	0.588897
259.363	0.575885
259.411	0.598779
259.461	0.576366
259.509	0.591955
259.559	0.576472
259.609	0.578179
259.658	0.589937
259.707	0.584953
259.756	0.586124
259.805	0.582442
259.855	0.584909
259.904	0.583874
259.953	0.582955
260.002	0.584734
260.051	0.592812
260.1	0.58324
260.149	0.582899
260.199	0.581765
260.248	0.590002
260.297	0.590375
260.346	0.584542
260.396	0.585585
260.445	0.585359
260.494	0.586966
260.543	0.589205
260.593	0.580839
260.642	0.589917
260.691	0.58436
260.741	0.58229
260.789	0.597593
260.839	0.579772
260.888	0.589525
260.937	0.587267
260.987	0.580652
261.035	0.595723
261.085	0.581623
261.134	0.593733
261.183	0.589797
261.232	0.586404
261.281	0.591932
261.331	0.578956
261.38	0.59397
261.43	0.575421
261.479	0.588451
261.527	0.59264
261.577	0.584121
261.625	0.593968
261.675	0.582138
261.724	0.587445
261.774	0.581817
261.823	0.593057
261.873	0.575726
261.921	0.601248
261.971	0.572677
262.02	0.591149
262.07	0.579675
262.119	0.586015
262.168	0.583368
262.217	0.597161
262.266	0.58433
262.316	0.580159
262.365	0.581626
262.414	0.601607
262.463	0.581611
262.512	0.592531
262.562	0.579224
262.611	0.590723
262.661	0.587662
262.71	0.588238
262.759	0.588419
262.808	0.587958
262.858	0.586969
262.907	0.58918
262.957	0.582934
263.006	0.589558
263.055	0.598988
263.104	0.581046
263.154	0.582407
263.203	0.597199
263.252	0.594873
263.301	0.586421
263.351	0.585139
263.401	0.581583
263.449	0.598667
263.499	0.593013
263.548	0.593374
263.597	0.586678
263.647	0.581452
263.697	0.587029
263.746	0.594582
263.795	0.589322
263.845	0.585604
263.894	0.595239
263.943	0.592
263.992	0.588226
264.041	0.598801
264.091	0.587617
264.14	0.590621
264.19	0.587641
264.239	0.590416
264.288	0.589547
264.337	0.599819
264.387	0.58524
264.437	0.582968
264.486	0.589952
264.535	0.591847
264.585	0.587333
264.634	0.590415
264.683	0.586511
264.732	0.597462
264.781	0.597014
264.831	0.584638
264.88	0.590741
264.93	0.593631
264.979	0.589051
265.028	0.596724
265.078	0.581633
265.127	0.598155
265.176	0.587828
265.226	0.586221
265.275	0.592462
265.325	0.589044
265.374	0.593073
265.423	0.597204
265.473	0.58636
265.522	0.598639
265.571	0.594573
265.62	0.597207
265.669	0.588961
265.719	0.591529
265.768	0.590313
265.817	0.592723
265.867	0.58578
265.916	0.597524
265.966	0.587825
266.016	0.584592
266.064	0.609501
266.113	0.593084
266.163	0.583563
266.212	0.599788
266.261	0.59038
266.311	0.589886
266.36	0.590564
266.409	0.587766
266.459	0.58978
266.508	0.588496
266.558	0.578843
266.607	0.59545
266.656	0.583659
266.706	0.588189
266.755	0.592386
266.804	0.587339
266.854	0.584871
266.903	0.58578
266.952	0.595042
267.001	0.590502
267.051	0.583569
267.1	0.588061
267.149	0.593765
267.199	0.588795
267.249	0.576673
267.298	0.588716
267.348	0.584109
267.397	0.58429
267.446	0.593965
267.496	0.586711
267.545	0.594182
267.594	0.594446
267.643	0.587445
267.693	0.58754
267.743	0.586132
267.792	0.598236
267.841	0.594583
267.891	0.579389
267.939	0.601569
267.99	0.58159
268.038	0.601517
268.088	0.591181
268.137	0.589964
268.186	0.59541
268.236	0.590267
268.285	0.601228
268.334	0.59815
268.383	0.600355
268.433	0.586545
268.482	0.603005
268.531	0.592328
268.58	0.602866
268.629	0.593915
268.678	0.605931
268.728	0.588804
268.777	0.594113
268.826	0.594854
268.875	0.602856
268.924	0.595304
268.975	0.5864
269.023	0.602536
269.072	0.600318
269.121	0.599507
269.17	0.599218
269.219	0.602686
269.268	0.599792
269.318	0.59209
269.367	0.602785
269.416	0.596975
269.465	0.604741
269.515	0.59459
269.564	0.600599
269.613	0.6011
269.662	0.599731
269.712	0.595263
269.76	0.606481
269.81	0.593889
269.859	0.601668
269.908	0.597819
269.957	0.601341
270.006	0.60412
270.054	0.611864
270.104	0.592977
270.153	0.600382
270.203	0.601522
270.251	0.606231
270.301	0.595883
270.35	0.604918
270.399	0.597224
270.448	0.602591
270.498	0.594044
270.546	0.606396
270.595	0.607659
270.645	0.597097
270.694	0.599179
270.743	0.607112
270.792	0.602663
270.841	0.601273
270.891	0.600501
270.94	0.599602
270.989	0.599968
271.039	0.598112
271.088	0.602413
271.137	0.600623
271.186	0.604431
271.235	0.593597
271.284	0.606833
271.333	0.598003
271.383	0.601447
271.432	0.59858
271.48	0.61307
271.53	0.598185
271.579	0.606914
271.628	0.602082
271.678	0.596429
271.727	0.601318
271.776	0.606328
271.825	0.602675
271.875	0.599385
271.924	0.601927
271.973	0.59726
272.022	0.601343
272.071	0.60755
272.121	0.599775
272.17	0.600534
272.219	0.606982
272.268	0.600575
272.318	0.597796
272.367	0.604607
272.417	0.59784
272.466	0.606564
272.515	0.599896
272.564	0.602517
272.614	0.596609
272.663	0.598954
272.713	0.600245
272.762	0.603505
272.811	0.600535
272.86	0.60249
272.91	0.596215
272.959	0.612042
273.008	0.596903
273.058	0.597875
273.107	0.603753
273.156	0.61114
273.205	0.604015
273.254	0.601654
273.304	0.602984
273.354	0.594769
273.403	0.606814
273.452	0.60296
273.501	0.6111
273.55	0.603028
273.599	0.608668
273.649	0.60186
273.698	0.606412
273.748	0.599578
273.797	0.608364
273.846	0.607545
273.895	0.613937
273.944	0.609139
273.993	0.614499
274.042	0.603136
274.092	0.606539
274.14	0.621265
274.19	0.6034
274.24	0.603589
274.289	0.610457
274.337	0.611822
274.386	0.610407
274.436	0.604253
274.485	0.608712
274.534	0.608886
274.583	0.614833
274.633	0.601903
274.682	0.61179
274.73	0.616373
274.78	0.607729
274.828	0.616082
274.877	0.612765
274.927	0.605091
274.975	0.620397
275.025	0.604169
275.073	0.616042
275.123	0.607955
275.171	0.620354
275.22	0.604715
275.27	0.607132
275.318	0.61776
275.368	0.604338
275.417	0.614637
275.466	0.605017
275.515	0.612803
275.564	0.614981
275.613	0.608231
275.662	0.611206
275.711	0.619839
275.76	0.605405
275.809	0.613389
275.858	0.611617
275.907	0.614619
275.957	0.609733
276.006	0.61341
276.054	0.614755
276.105	0.598025
276.153	0.622577
276.202	0.606454
276.251	0.613125
276.3	0.60873
276.349	0.608371
276.398	0.615684
276.446	0.620615
276.496	0.601886
276.545	0.617701
276.594	0.613228
276.643	0.613613
276.693	0.604943
276.742	0.613824
276.791	0.614149
276.84	0.61155
276.89	0.604339
276.938	0.61275
276.987	0.618515
277.037	0.604171
277.086	0.609907
277.134	0.61685
277.184	0.601797
277.233	0.612883
277.282	0.615757
277.331	0.611353
277.38	0.609695
277.429	0.616046
277.479	0.606691
277.528	0.611637
277.577	0.609842
277.626	0.61589
277.676	0.603001
277.724	0.616067
277.774	0.602058
277.823	0.611637
277.872	0.609526
277.922	0.606603
277.971	0.618074
278.02	0.612097
278.069	0.611019
278.118	0.610131
278.168	0.609256
278.216	0.61874
278.266	0.607414
278.315	0.61323
278.365	0.60358
278.413	0.621233
278.463	0.610653
278.511	0.618209
278.561	0.604803
278.61	0.617111
278.66	0.605475
278.709	0.615447
278.759	0.602985
278.807	0.621478
278.857	0.609841
278.906	0.613582
278.955	0.618813
279.005	0.606753
279.053	0.621313
279.103	0.610487
279.152	0.612775
279.201	0.617955
279.251	0.611743
279.3	0.612949
279.35	0.607925
279.398	0.621473
279.448	0.604295
279.497	0.623368
279.546	0.609198
279.596	0.617092
279.645	0.616769
279.694	0.611479
279.743	0.620594
279.793	0.616747
279.842	0.612811
279.892	0.614297
279.941	0.612122
279.99	0.619946
280.039	0.62129
280.089	0.613695
280.138	0.615752
280.187	0.609177
280.236	0.617561
280.286	0.616113
280.335	0.609917
280.384	0.623735
280.434	0.616493
280.483	0.614111
280.532	0.626839
280.581	0.617962
280.631	0.615594
280.68	0.619787
280.729	0.618166
280.778	0.621092
280.827	0.621641
280.877	0.618081
280.926	0.616166
280.975	0.623972
281.024	0.622823
281.073	0.612118
281.123	0.618678
281.172	0.620798
281.221	0.620135
281.27	0.625691
281.319	0.61942
281.369	0.618598
281.417	0.633083
281.466	0.621359
281.515	0.621025
281.564	0.624614
281.613	0.622931
281.662	0.623363
281.711	0.623564
281.761	0.62029
281.81	0.614577
281.859	0.62498
281.908	0.626321
281.957	0.61995
282.006	0.625944
282.055	0.621928
282.104	0.622578
282.153	0.623504
282.202	0.630449
282.251	0.618922
282.301	0.622592
282.35	0.624361
282.399	0.618587
282.447	0.633691
282.496	0.6278
282.546	0.618538
282.595	0.622174
282.645	0.620029
282.693	0.632548
282.742	0.625198
282.792	0.620818
282.84	0.63178
282.89	0.615297
282.939	0.626655
282.987	0.628141
283.037	0.617429
283.086	0.629724
283.135	0.629669
283.184	0.625484
283.233	0.626427
283.282	0.623516
283.331	0.625829
283.38	0.631608
283.43	0.617844
283.479	0.621181
283.529	0.620215
283.577	0.628844
283.627	0.620421
283.676	0.627459
283.725	0.624908
283.775	0.615784
283.823	0.632752
283.873	0.615943
283.922	0.630897
283.971	0.623089
284.021	0.621323
284.069	0.63703
284.119	0.619516
284.169	0.611454
284.218	0.628426
284.267	0.631773
284.316	0.627877
284.365	0.624367
284.414	0.625992
284.464	0.623934
284.513	0.630332
284.562	0.623349
284.612	0.615874
284.66	0.637532
284.71	0.623263
284.758	0.637245
284.808	0.623187
284.857	0.629716
284.907	0.62148
284.956	0.633096
285.004	0.636452