95.0163	0.232463
95.0536	0.233371
95.0912	0.231178
95.129	0.229867
95.1675	0.226085
95.2051	0.231453
95.2428	0.232156
95.2807	0.230799
95.3187	0.229856
95.3564	0.231769
95.3949	0.228771
95.4325	0.234155
95.4703	0.233999
95.5088	0.230556
95.5472	0.229733
95.5852	0.233547
95.6233	0.232579
95.6619	0.229973
95.6999	0.234422
95.7383	0.232631
95.7768	0.23299
95.8151	0.233478
95.8536	0.232888
95.8924	0.230975
95.9306	0.23544
95.9697	0.229866
96.0076	0.237196
96.0455	0.237144
96.0846	0.231124
96.1236	0.232251
96.1623	0.233316
96.201	0.233751
96.2397	0.234208
96.2785	0.235165
96.3173	0.236278
96.3561	0.235961
96.3941	0.241076
96.4335	0.233021
96.4728	0.233538
96.512	0.23505
96.5511	0.235689
96.5896	0.23889
96.6289	0.234791
96.6683	0.234232
96.7078	0.234654
96.747	0.236518
96.7861	0.238444
96.8257	0.235339
96.8645	0.240131
96.9037	0.237169
96.9429	0.237093
96.9826	0.234837
97.0221	0.23652
97.0611	0.241749
97.1009	0.238518
97.1402	0.242008
97.1796	0.240433
97.2192	0.238963
97.259	0.23754
97.2983	0.241041
97.3379	0.239992
97.3781	0.237022
97.4174	0.241808
97.4569	0.240433
97.497	0.236668
97.5368	0.238768
97.5756	0.245508
97.6163	0.236294
97.6561	0.243074
97.6954	0.247427
97.7358	0.240458
97.7758	0.243289
97.8149	0.248594
97.855	0.242835
97.8953	0.24101
97.935	0.244732
97.9752	0.241543
98.0151	0.243018
98.0551	0.243031
98.095	0.24414
98.1354	0.241656
98.1753	0.246015
98.2153	0.246278
98.2555	0.245342
98.2955	0.247116
98.336	0.244656
98.376	0.247361
98.4165	0.244698
98.4566	0.24553
98.4968	0.244328
98.5372	0.242187
98.5775	0.244577
98.6182	0.242529
98.6587	0.244711
98.6998	0.241587
98.7393	0.25257
98.7801	0.244407
98.8203	0.249987
98.8612	0.246106
98.9018	0.249266
98.9419	0.251621
98.9826	0.247934
99.0233	0.246072
99.064	0.245895
99.1043	0.248784
99.1452	0.245923
99.1861	0.246714
99.227	0.24675
99.2673	0.251602
99.3085	0.246559
99.3494	0.248947
99.3901	0.251486
99.4309	0.251566
99.4718	0.251189
99.5123	0.25373
99.5534	0.248909
99.595	0.245078
99.6352	0.252693
99.6767	0.245458
99.7175	0.250888
99.7582	0.252357
99.7997	0.247647
99.8406	0.251593
99.8819	0.249369
99.9231	0.250573
99.9645	0.249831
100.005	0.258486
100.047	0.248828
100.088	0.252452
100.129	0.250516
100.17	0.2511
100.211	0.252411
100.252	0.251804
100.293	0.252564
100.335	0.250104
100.376	0.254695
100.418	0.251978
100.459	0.252901
100.5	0.254318
100.542	0.251991
100.583	0.256422
100.624	0.254554
100.666	0.25024
100.708	0.254045
100.749	0.250015
100.791	0.25574
100.832	0.252994
100.873	0.25596
100.915	0.254881
100.957	0.254493
100.998	0.255543
101.04	0.254171
101.082	0.252792
101.123	0.256996
101.165	0.254116
101.207	0.255001
101.248	0.258292
101.29	0.252457
101.332	0.255954
101.373	0.255214
101.416	0.251487
101.457	0.258164
101.498	0.262063
101.54	0.253261
101.582	0.255342
101.624	0.255243
101.666	0.256287
101.708	0.258505
101.75	0.257273
101.791	0.261106
101.834	0.254736
101.876	0.256414
101.918	0.256407
101.959	0.264459
102.002	0.257039
102.044	0.256742
102.086	0.260742
102.128	0.258484
102.17	0.263828
102.212	0.260386
102.255	0.254551
102.297	0.260759
102.339	0.259568
102.381	0.257873
102.423	0.26202
102.466	0.25654
102.508	0.260331
102.55	0.260836
102.593	0.259582
102.635	0.263146
102.677	0.26302
102.719	0.266954
102.762	0.259192
102.804	0.264477
102.847	0.260731
102.889	0.26122
102.932	0.259981
102.974	0.262401
103.016	0.258042
103.059	0.259384
103.101	0.265853
103.144	0.256299
103.186	0.265028
103.229	0.261993
103.271	0.264253
103.314	0.264755
103.357	0.264908
103.399	0.269062
103.442	0.264696
103.484	0.266496
103.526	0.265533
103.57	0.256453
103.612	0.263865
103.655	0.264528
103.698	0.260001
103.74	0.26687
103.783	0.266301
103.825	0.264655
103.869	0.261901
103.911	0.26505
103.954	0.269147
103.997	0.266969
104.039	0.269718
104.083	0.263683
104.125	0.269354
104.168	0.268233
104.211	0.26291
104.254	0.267601
104.297	0.266868
104.34	0.266937
104.383	0.265814
104.426	0.269306
104.469	0.26833
104.512	0.269614
104.554	0.269179
104.598	0.266127
104.64	0.274254
104.683	0.271952
104.726	0.27012
104.769	0.270997
104.812	0.269839
104.855	0.266695
104.898	0.271006
104.941	0.268591
104.984	0.271343
105.027	0.272165
105.07	0.270194
105.114	0.267734
105.157	0.271343
105.2	0.272029
105.243	0.274539
105.286	0.273492
105.329	0.273732
105.373	0.27076
105.416	0.268874
105.459	0.270233
105.503	0.269973
105.546	0.268838
105.59	0.271258
105.633	0.274755
105.677	0.268407
105.719	0.278025
105.763	0.270917
105.807	0.27465
105.85	0.276942
105.894	0.275399
105.937	0.277784
105.981	0.27098
106.024	0.271228
106.068	0.272947
106.111	0.273993
106.155	0.271737
106.198	0.2744
106.241	0.276625
106.284	0.277385
106.329	0.269903
106.372	0.273727
106.416	0.274809
106.459	0.281723
106.503	0.273702
106.547	0.27333
106.59	0.27356
106.633	0.276189
106.677	0.273304
106.721	0.275622
106.764	0.279109
106.808	0.273774
106.851	0.2816
106.895	0.280012
106.939	0.273743
106.982	0.280451
107.027	0.274649
107.07	0.280875
107.114	0.275923
107.158	0.280275
107.202	0.277191
107.245	0.280426
107.289	0.277489
107.333	0.281966
107.377	0.27848
107.421	0.280662
107.464	0.280287
107.508	0.280801
107.553	0.27701
107.596	0.286273
107.64	0.279122
107.684	0.281335
107.728	0.284596
107.772	0.277716
107.816	0.283737
107.859	0.284203
107.903	0.281504
107.947	0.283161
107.991	0.286387
108.035	0.278039
108.079	0.28263
108.123	0.284029
108.167	0.281822
108.211	0.282305
108.256	0.282034
108.3	0.281976
108.344	0.285184
108.389	0.282191
108.432	0.287167
108.477	0.282729
108.521	0.281502
108.565	0.283676
108.609	0.286847
108.654	0.280102
108.698	0.290334
108.742	0.28482
108.786	0.281431
108.83	0.287493
108.875	0.282053
108.919	0.286016
108.963	0.286984
109.008	0.285143
109.052	0.286737
109.096	0.285048
109.14	0.287886
109.185	0.287622
109.229	0.289654
109.274	0.282048
109.318	0.291365
109.362	0.283436
109.407	0.282398
109.45	0.292782
109.495	0.283907
109.539	0.289159
109.584	0.285786
109.628	0.292704
109.673	0.285613
109.717	0.292132
109.762	0.288307
109.806	0.292161
109.851	0.287699
109.895	0.291552
109.94	0.291221
109.984	0.29213
110.029	0.287392
110.072	0.293939
110.117	0.286464
110.162	0.29333
110.206	0.294539
110.25	0.291428
110.295	0.290638
110.34	0.293773
110.384	0.293648
110.429	0.288805
110.473	0.293551
110.518	0.291102
110.562	0.294726
110.607	0.290197
110.652	0.291599
110.696	0.295926
110.74	0.290717
110.785	0.295202
110.83	0.293843
110.874	0.297454
110.919	0.297479
110.963	0.297367
111.008	0.295464
111.052	0.298318
111.097	0.294226
111.142	0.296388
111.186	0.296408
111.232	0.290141
111.276	0.294612
111.322	0.291163
111.366	0.298316
111.41	0.300705
111.455	0.293745
111.5	0.299802
111.545	0.294503
111.59	0.297964
111.635	0.298732
111.68	0.295063
111.724	0.297458
111.769	0.299177
111.814	0.293699
111.859	0.294788
111.903	0.298973
111.949	0.290938
111.993	0.300006
112.038	0.296463
112.083	0.298712
112.127	0.300582
112.172	0.298025
112.218	0.298619
112.262	0.30595
112.307	0.299089
112.353	0.293878
112.397	0.305572
112.442	0.296003
112.487	0.296689
112.532	0.300599
112.577	0.293386
112.621	0.308251
112.667	0.293124
112.711	0.306196
112.756	0.2997
112.802	0.300218
112.846	0.303404
112.891	0.302183
112.936	0.302398
112.981	0.299757
113.027	0.298135
113.071	0.302156
113.117	0.298058
113.162	0.301406
113.207	0.300874
113.252	0.301041
113.297	0.302697
113.342	0.299795
113.387	0.304504
113.432	0.306177
113.477	0.30768
113.522	0.304505
113.567	0.305184
113.613	0.300212
113.658	0.301435
113.703	0.305928
113.748	0.304273
113.794	0.299762
113.839	0.308545
113.884	0.305754
113.929	0.306392
113.974	0.305211
114.02	0.302719
114.066	0.304366
114.11	0.310457
114.156	0.307213
114.201	0.309268
114.247	0.302194
114.291	0.310382
114.336	0.304518
114.383	0.300265
114.428	0.306918
114.473	0.305185
114.519	0.304666
114.564	0.307342
114.609	0.309839
114.655	0.302562
114.7	0.307544
114.745	0.308648
114.791	0.310639
114.836	0.303345
114.882	0.305356
114.927	0.309187
114.973	0.302527
115.019	0.305112
115.064	0.310524
115.11	0.307393
115.155	0.312012
115.2	0.307311
115.246	0.308888
115.291	0.310008
115.337	0.31041
115.382	0.313103
115.427	0.312324
115.473	0.310181
115.519	0.305986
115.565	0.311662
115.61	0.311949
115.655	0.315784
115.701	0.311114
115.746	0.312069
115.792	0.311354
115.838	0.307747
115.883	0.316028
115.928	0.312004
115.974	0.312819
116.019	0.312941
116.065	0.311447
116.111	0.312332
116.156	0.311617
116.202	0.314997
116.247	0.312069
116.294	0.308855
116.338	0.319612
116.385	0.306006
116.429	0.321474
116.475	0.311109
116.521	0.314504
116.567	0.309906
116.612	0.319133
116.657	0.314532
116.703	0.313224
116.749	0.313862
116.795	0.310653
116.84	0.318157
116.886	0.30871
116.931	0.321879
116.977	0.308922
117.023	0.316009
117.069	0.312231
117.115	0.314346
117.16	0.315741
117.206	0.314582
117.252	0.314632
117.298	0.318659
117.344	0.314629
117.389	0.316656
117.435	0.315706
117.48	0.320812
117.527	0.311915
117.573	0.316821
117.618	0.317347
117.664	0.316507
117.71	0.317588
117.755	0.318385
117.801	0.316703
117.847	0.317125
117.893	0.319238
117.938	0.318258
117.984	0.317852
118.03	0.31843
118.076	0.318828
118.122	0.318322
118.168	0.317273
118.214	0.319336
118.259	0.318202
118.305	0.321678
118.351	0.316904
118.397	0.319838
118.443	0.315861
118.489	0.31701
118.535	0.31788
118.581	0.313558
118.626	0.32336
118.672	0.321427
118.718	0.321395
118.764	0.320541
118.81	0.318569
118.856	0.322212
118.902	0.321465
118.948	0.318452
118.994	0.321317
119.04	0.316739
119.085	0.325025
119.132	0.315054
119.177	0.322783
119.223	0.320648
119.27	0.317893
119.315	0.32765
119.362	0.318763
119.408	0.322725
119.454	0.323643
119.5	0.321301
119.546	0.32521
119.592	0.320678
119.638	0.32284
119.684	0.321237
119.73	0.325999
119.776	0.323421
119.822	0.324075
119.868	0.318203
119.914	0.326586
119.96	0.323256
120.006	0.325175
120.052	0.324005
120.099	0.323283
120.145	0.326441
120.19	0.331081
120.237	0.32125
120.283	0.324533
120.329	0.325841
120.376	0.322981
120.421	0.329802
120.468	0.325201
120.514	0.325856
120.56	0.324772
120.606	0.32519
120.652	0.329498
120.699	0.324232
120.745	0.332208
120.791	0.328329
120.837	0.327913
120.884	0.328885
120.93	0.32979
120.976	0.330281
121.022	0.325484
121.067	0.335774
121.114	0.326149
121.16	0.326054
121.207	0.327834
121.253	0.326202
121.299	0.331796
121.345	0.335509
121.391	0.331048
121.438	0.326359
121.484	0.33271
121.53	0.328186
121.576	0.336403
121.622	0.332041
121.669	0.327484
121.714	0.337986
121.762	0.325303
121.808	0.331456
121.854	0.334372
121.9	0.331934
121.946	0.336629
121.992	0.333107
122.038	0.329885
122.085	0.330819
122.13	0.337267
122.177	0.332194
122.224	0.33044
122.269	0.336951
122.316	0.329449
122.362	0.335078
122.408	0.334306
122.454	0.335154
122.501	0.334284
122.547	0.331498
122.593	0.336041
122.64	0.333468
122.686	0.334997
122.732	0.332599
122.779	0.331331
122.825	0.331215
122.871	0.337174
122.917	0.334536
122.963	0.33777
123.01	0.335369
123.057	0.334023
123.103	0.338599
123.149	0.333335
123.196	0.337396
123.242	0.339642
123.288	0.334603
123.335	0.335148
123.381	0.340374
123.427	0.334126
123.474	0.334461
123.52	0.335588
123.567	0.331485
123.614	0.337095
123.66	0.341519
123.706	0.337495
123.753	0.335695
123.799	0.340585
123.846	0.336021
123.892	0.336547
123.939	0.34104
123.985	0.337968
124.031	0.341263
124.077	0.341372
124.124	0.334038
124.171	0.336921
124.217	0.339934
124.263	0.341217
124.31	0.334661
124.357	0.339757
124.403	0.337948
124.45	0.340502
124.496	0.342379
124.542	0.338669
124.589	0.338489
124.636	0.339564
124.682	0.341512
124.729	0.337484
124.775	0.344467
124.821	0.335732
124.868	0.336413
124.915	0.339875
124.961	0.340644
125.008	0.344283
125.055	0.337989
125.101	0.345994
125.147	0.343987
125.194	0.343105
125.241	0.341078
125.287	0.343578
125.334	0.341972
125.38	0.353729
125.427	0.336629
125.474	0.344591
125.52	0.347094
125.567	0.339069
125.614	0.339072
125.66	0.345174
125.707	0.343424
125.753	0.345494
125.801	0.340667
125.847	0.347852
125.894	0.341961
125.94	0.348186
125.987	0.349435
126.034	0.345193
126.08	0.346459
126.127	0.343179
126.173	0.346965
126.22	0.343853
126.267	0.345214
126.314	0.33875
126.36	0.351816
126.407	0.34422
126.453	0.3501
126.5	0.344711
126.547	0.34708
126.595	0.344506
126.641	0.35221
126.688	0.347238
126.734	0.35533
126.782	0.342294
126.828	0.350974
126.875	0.346985
126.921	0.349992
126.969	0.345379
127.015	0.353123
127.062	0.348428
127.108	0.354361
127.155	0.348377
127.202	0.351525
127.249	0.34911
127.296	0.355462
127.343	0.346464
127.39	0.350577
127.436	0.357487
127.483	0.349804
127.53	0.35327
127.577	0.348637
127.624	0.350782
127.67	0.352058
127.717	0.351226
127.764	0.352999
127.811	0.35526
127.857	0.356991
127.904	0.350128
127.951	0.352503
127.998	0.35191
128.045	0.354722
128.092	0.354727
128.139	0.350887
128.186	0.353744
128.232	0.357032
128.279	0.351021
128.326	0.351809
128.372	0.355789
128.419	0.353292
128.466	0.351927
128.513	0.354646
128.56	0.352584
128.607	0.355541
128.653	0.356339
128.701	0.34958
128.747	0.354571
128.794	0.351679
128.841	0.352891
128.888	0.35332
128.935	0.352856
128.981	0.354506
129.029	0.347551
129.076	0.350749
129.122	0.355209
129.169	0.35065
129.216	0.353234
129.264	0.351914
129.31	0.35759
129.357	0.357759
129.404	0.356564
129.451	0.353594
129.498	0.353505
129.545	0.352328
129.592	0.355924
129.64	0.351873
129.687	0.357565
129.733	0.363329
129.78	0.349543
129.827	0.358017
129.875	0.34906
129.921	0.35696
129.968	0.356301
130.015	0.356005
130.063	0.352477
130.109	0.358523
130.156	0.360453
130.203	0.356801
130.25	0.353619
130.297	0.358392
130.344	0.358998
130.392	0.35293
130.438	0.359211
130.485	0.358058
130.532	0.362708
130.579	0.358021
130.626	0.356885
130.673	0.36062
130.721	0.353622
130.767	0.360855
130.814	0.358117
130.862	0.357267
130.909	0.358762
130.956	0.360829
131.002	0.361348
131.049	0.359777
131.097	0.356383
131.143	0.363755
131.19	0.364599
131.238	0.354731
131.285	0.365592
131.331	0.362675
131.379	0.358175
131.425	0.362954
131.473	0.359958
131.519	0.362025
131.567	0.357164
131.614	0.358996
131.661	0.36261
131.709	0.359916
131.755	0.365865
131.803	0.358946
131.849	0.369111
131.896	0.36106
131.943	0.366256
131.991	0.362779
132.037	0.365712
132.084	0.366928
132.132	0.35895
132.179	0.36492
132.226	0.357955
132.274	0.361037
132.32	0.36889
132.368	0.361251
132.415	0.367243
132.462	0.368209
132.509	0.366199
132.556	0.362004
132.604	0.365634
132.651	0.365094
132.698	0.363649
132.745	0.36659
132.793	0.364534
132.84	0.367046
132.887	0.364204
132.934	0.366086
132.981	0.369971
133.028	0.362905
133.075	0.368945
133.123	0.368805
133.17	0.366699
133.217	0.367914
133.264	0.366745
133.312	0.363935
133.359	0.368987
133.406	0.367393
133.453	0.36386
133.501	0.366876
133.548	0.364772
133.595	0.361044
133.642	0.367415
133.69	0.367088
133.737	0.365492
133.784	0.369776
133.832	0.367223
133.879	0.370328
133.925	0.37449
133.973	0.364393
134.021	0.366354
134.068	0.369168
134.115	0.368422
134.162	0.367637
134.21	0.367186
134.258	0.362383
134.305	0.371506
134.352	0.367609
134.399	0.372184
134.447	0.365386
134.494	0.372659
134.541	0.373488
134.589	0.367415
134.635	0.376161
134.683	0.366637
134.731	0.37088
134.778	0.374955
134.826	0.365869
134.873	0.375181
134.92	0.370695
134.968	0.367331
135.015	0.377464
135.062	0.367837
135.109	0.374614
135.156	0.375021
135.204	0.372536
135.252	0.371417
135.299	0.376678
135.346	0.377575
135.394	0.372629
135.441	0.377326
135.489	0.369636
135.537	0.372371
135.583	0.384461
135.631	0.36763
135.679	0.368547
135.726	0.377489
135.774	0.369938
135.821	0.378617
135.868	0.375881
135.916	0.375199
135.963	0.374984
136.01	0.379658
136.058	0.375643
136.106	0.374364
136.153	0.379588
136.2	0.379061
136.248	0.373126
136.295	0.379079
136.343	0.37683
136.39	0.378554
136.437	0.379977
136.485	0.377708
136.533	0.377267
136.58	0.382318
136.627	0.374654
136.674	0.38346
136.722	0.378933
136.769	0.377675
136.817	0.378983
136.865	0.376534
136.912	0.380311
136.96	0.37776
137.007	0.38129
137.055	0.380068
137.102	0.381052
137.149	0.381867
137.197	0.377083
137.245	0.379803
137.292	0.382089
137.339	0.383669
137.386	0.379844
137.434	0.378937
137.482	0.381217
137.529	0.381492
137.576	0.381832
137.624	0.383157
137.671	0.38241
137.719	0.378397
137.767	0.380289
137.815	0.380042
137.862	0.383363
137.91	0.379766
137.957	0.387054
138.005	0.378071
138.051	0.38933
138.099	0.380947
138.147	0.381043
138.195	0.381289
138.242	0.384324
138.289	0.386156
138.337	0.381114
138.385	0.385241
138.433	0.381911
138.48	0.383738
138.528	0.384874
138.575	0.383857
138.623	0.381072
138.671	0.38228
138.718	0.384443
138.767	0.378088
138.814	0.385983
138.861	0.385769
138.909	0.384516
138.956	0.385395
139.004	0.384652
139.052	0.385674
139.1	0.383149
139.147	0.390936
139.195	0.381559
139.243	0.386839
139.29	0.389815
139.338	0.38638
139.386	0.383892
139.434	0.3853
139.482	0.383024
139.529	0.388923
139.577	0.383433
139.624	0.389623
139.672	0.384794
139.72	0.384147
139.768	0.390196
139.815	0.386579
139.863	0.391812
139.911	0.384647
139.959	0.387985
140.006	0.387663
140.054	0.388298
140.102	0.383644
140.149	0.393376
140.197	0.385044
140.245	0.383753
140.292	0.390158
140.34	0.385847
140.388	0.390346
140.436	0.391117
140.484	0.387388
140.531	0.394362
140.58	0.383424
140.626	0.398441
140.674	0.392285
140.722	0.385998
140.77	0.388493
140.818	0.387827
140.865	0.391165
140.913	0.390711
140.961	0.392362
141.008	0.39394
141.056	0.394157
141.104	0.388808
141.151	0.39701
141.199	0.390632
141.247	0.393097
141.295	0.391212
141.343	0.396842
141.391	0.390131
141.439	0.395247
141.486	0.393407
141.534	0.393176
141.582	0.395326
141.629	0.395331
141.678	0.391953
141.726	0.392381
141.774	0.395454
141.821	0.395676
141.869	0.397438
141.916	0.398395
141.965	0.39144
142.012	0.398836
142.06	0.394056
142.108	0.394651
142.156	0.39438
142.204	0.39486
142.252	0.39435
142.299	0.400019
142.347	0.394804
142.395	0.398682
142.442	0.399148
142.491	0.392981
142.539	0.396789
142.586	0.403929
142.634	0.393168
142.681	0.403914
142.73	0.388486
142.778	0.400117
142.825	0.397692
142.873	0.400723
142.921	0.397103
142.969	0.395429
143.017	0.392674
143.065	0.403825
143.112	0.403784
143.16	0.396438
143.208	0.402563
143.256	0.39816
143.304	0.399472
143.351	0.407238
143.399	0.397569
143.447	0.402359
143.495	0.398838
143.543	0.398848
143.591	0.401177
143.639	0.401599
143.686	0.402494
143.734	0.401138
143.783	0.398827
143.83	0.406802
143.878	0.398819
143.926	0.401975
143.974	0.40421
144.022	0.399835
144.07	0.397033
144.117	0.406192
144.165	0.398805
144.213	0.40411
144.261	0.406803
144.309	0.402974
144.357	0.404723
144.405	0.402311
144.453	0.406897
144.501	0.404322
144.549	0.401161
144.597	0.407706
144.645	0.399579
144.692	0.411559
144.74	0.403794
144.788	0.406178
144.836	0.407542
144.884	0.403985
144.933	0.399524
144.98	0.41008
145.028	0.405227
145.076	0.407673
145.124	0.40822
145.172	0.407471
145.221	0.401073
145.268	0.412533
145.317	0.403972
145.364	0.409786
145.412	0.409271
145.46	0.408255
145.508	0.409072
145.556	0.40653
145.604	0.406825
145.652	0.406813
145.7	0.412144
145.747	0.410386
145.795	0.408358
145.844	0.405125
145.892	0.406712
145.94	0.413756
145.988	0.40844
146.036	0.410686
146.084	0.410008
146.132	0.409993
146.18	0.411573
146.227	0.4141
146.275	0.41185
146.324	0.405907
146.371	0.414542
146.419	0.408818
146.467	0.411274
146.515	0.410826
146.563	0.413229
146.611	0.412437
146.659	0.415697
146.707	0.411046
146.755	0.412593
146.802	0.418086
146.851	0.409304
146.898	0.42114
146.946	0.413959
146.994	0.40941
147.042	0.418456
147.09	0.410651
147.138	0.413559
147.186	0.411467
147.234	0.411992
147.282	0.414226
147.33	0.416195
147.378	0.4133
147.426	0.417723
147.474	0.413705
147.522	0.41571
147.569	0.41878
147.618	0.410298
147.666	0.410604
147.714	0.416671
147.762	0.413001
147.81	0.412854
147.858	0.413474
147.906	0.411487
147.954	0.415405
148.002	0.414911
148.05	0.415616
148.098	0.413687
148.147	0.413177
148.194	0.418587
148.242	0.419237
148.29	0.416428
148.338	0.419876
148.386	0.41107
148.434	0.417329
148.482	0.421073
148.53	0.41432
148.578	0.416778
148.625	0.424909
148.674	0.407901
148.722	0.420937
148.77	0.418581
148.818	0.416349
148.866	0.423957
148.914	0.418484
148.962	0.423002
149.01	0.420673
149.058	0.416078
149.106	0.421594
149.154	0.419476
149.202	0.419936
149.25	0.419534
149.298	0.421053
149.346	0.414461
149.394	0.421514
149.442	0.417183
149.491	0.417421
149.539	0.423317
149.586	0.425274
149.635	0.420851
149.683	0.419819
149.73	0.4259
149.779	0.418003
149.827	0.422254
149.874	0.428208
149.923	0.416697
149.971	0.422778
150.019	0.425305
150.067	0.422342
150.115	0.423983
150.163	0.422554
150.211	0.428272
150.259	0.424735
150.307	0.420859
150.355	0.429541
150.403	0.421824
150.451	0.427627
150.499	0.420734
150.547	0.424014
150.595	0.426025
150.644	0.41998
150.692	0.421816
150.739	0.430669
150.788	0.417417
150.835	0.429826
150.884	0.424178
150.932	0.423236
150.98	0.425298
151.028	0.421898
151.076	0.424348
151.124	0.425514
151.172	0.428305
151.22	0.421807
151.268	0.422601
151.316	0.424733
151.364	0.424803
151.412	0.426108
151.46	0.42969
151.509	0.422481
151.557	0.429039
151.604	0.428558
151.653	0.425231
151.701	0.426419
151.749	0.431204
151.797	0.426192
151.845	0.428798
151.892	0.435154
151.94	0.424892
151.989	0.423281
152.037	0.431238
152.085	0.426859
152.133	0.431967
152.181	0.428534
152.229	0.430575
152.278	0.428367
152.326	0.434031
152.374	0.427897
152.422	0.428687
152.47	0.435067
152.518	0.432497
152.565	0.436053
152.614	0.423891
152.662	0.429216
152.709	0.440293
152.758	0.426552
152.806	0.42875
152.854	0.431187
152.902	0.43042
152.95	0.431436
152.999	0.427276
153.047	0.433841
153.095	0.428345
153.143	0.430051
153.191	0.432013
153.239	0.428935
153.287	0.431221
153.335	0.431211
153.383	0.440291
153.431	0.425381
153.48	0.430497
153.528	0.434508
153.577	0.427913
153.624	0.439729
153.672	0.436638
153.721	0.428189
153.768	0.435701
153.817	0.432021
153.865	0.43499
153.913	0.432684
153.961	0.436066
154.009	0.428692
154.058	0.431496
154.106	0.432141
154.154	0.4366
154.202	0.435009
154.25	0.43375
154.299	0.43018
154.346	0.442564
154.395	0.430311
154.443	0.43494
154.491	0.434997
154.539	0.435153
154.588	0.433966
154.636	0.434134
154.684	0.438014
154.732	0.439708
154.78	0.430485
154.829	0.431359
154.876	0.442368
154.924	0.438662
154.973	0.429246
155.022	0.438841
155.07	0.436985
155.117	0.441514
155.166	0.436114
155.214	0.432996
155.262	0.442117
155.31	0.438498
155.358	0.435785
155.407	0.434007
155.455	0.437356
155.503	0.4395
155.551	0.439577
155.599	0.440273
155.648	0.438481
155.696	0.437852
155.744	0.439464
155.792	0.442271
155.84	0.437434
155.889	0.433768
155.937	0.438875
155.985	0.438498
156.033	0.441589
156.081	0.436449
156.13	0.440693
156.178	0.439126
156.226	0.443514
156.274	0.442715
156.322	0.440835
156.371	0.437226
156.418	0.446522
156.466	0.439439
156.515	0.43742
156.563	0.441074
156.611	0.439679
156.66	0.433941
156.708	0.441509
156.756	0.438325
156.804	0.443034
156.852	0.442946
156.901	0.43532
156.949	0.445796
156.997	0.441486
157.045	0.444922
157.094	0.435867
157.142	0.444589
157.19	0.441597
157.238	0.442175
157.287	0.439566
157.334	0.447247
157.383	0.43981
157.432	0.439868
157.479	0.448094
157.528	0.439303
157.576	0.447599
157.624	0.441267
157.672	0.441985
157.72	0.440554
157.769	0.437465
157.817	0.445508
157.866	0.43679
157.913	0.445353
157.962	0.436611
158.01	0.444889
158.058	0.442275
158.107	0.443425
158.155	0.441886
158.204	0.442803
158.251	0.449435
158.3	0.440333
158.348	0.44095
158.396	0.447228
158.444	0.443284
158.493	0.438323
158.541	0.444184
158.589	0.446759
158.637	0.441262
158.685	0.446493
158.734	0.441679
158.782	0.447456
158.831	0.445304
158.879	0.442565
158.927	0.451714
158.975	0.447062
159.024	0.441769
159.072	0.453126
159.12	0.442613
159.168	0.449605
159.217	0.444053
159.265	0.452661
159.313	0.45126
159.361	0.448372
159.41	0.44999
159.458	0.45178
159.506	0.447203
159.554	0.454208
159.602	0.449507
159.651	0.442842
159.7	0.445407
159.747	0.455936
159.796	0.447166
159.844	0.447798
159.893	0.44518
159.941	0.45019
159.989	0.453775
160.038	0.442992
160.086	0.446537
160.134	0.45424
160.183	0.443968
160.231	0.457007
160.279	0.449078
160.328	0.450675
160.376	0.448338
160.424	0.451139
160.473	0.449636
160.521	0.451463
160.569	0.452536
160.617	0.455929
160.666	0.447533
160.714	0.449088
160.763	0.449525
160.811	0.458313
160.858	0.457381
160.907	0.448268
160.956	0.449563
161.004	0.456702
161.052	0.45239
161.1	0.452178
161.149	0.450366
161.197	0.451833
161.245	0.450535
161.293	0.459285
161.342	0.451614
161.39	0.456486
161.438	0.451458
161.486	0.456486
161.535	0.451617
161.583	0.460995
161.631	0.450756
161.68	0.450491
161.728	0.454977
161.777	0.45193
161.825	0.454358
161.873	0.461192
161.921	0.451308
161.97	0.454985
162.018	0.455515
162.066	0.457327
162.114	0.458346
162.162	0.459002
162.211	0.455737
162.26	0.452075
162.307	0.463005
162.356	0.453595
162.404	0.457252
162.452	0.458443
162.501	0.450804
162.549	0.458181
162.597	0.461856
162.645	0.461886
162.695	0.450997
162.742	0.467925
162.79	0.459067
162.838	0.461624
162.887	0.451925
162.936	0.461311
162.984	0.459195
163.032	0.460032
163.081	0.457395
163.129	0.464939
163.177	0.460938
163.226	0.45783
163.274	0.460914
163.322	0.462569
163.371	0.455153
163.419	0.466809
163.467	0.461447
163.516	0.459611
163.564	0.461675
163.612	0.464516
163.661	0.461392
163.709	0.458295
163.758	0.461147
163.806	0.460519
163.854	0.464856
163.902	0.465204
163.951	0.457747
163.999	0.467474
164.047	0.461894
164.096	0.460948
164.144	0.459068
164.192	0.470116
164.241	0.460049
164.289	0.461545
164.337	0.469885
164.386	0.461967
164.434	0.464479
164.483	0.460525
164.531	0.466612
164.579	0.469991
164.627	0.463049
164.675	0.465902
164.724	0.462535
164.773	0.46055
164.821	0.464648
164.869	0.47067
164.918	0.464045
164.966	0.467009
165.014	0.467699
165.062	0.467326
165.111	0.46586
165.159	0.468079
165.207	0.468207
165.256	0.467411
165.304	0.462797
165.352	0.471596
165.401	0.465731
165.45	0.462388
165.498	0.471572
165.546	0.471182
165.594	0.467182
165.643	0.464508
165.691	0.46883
165.739	0.473868
165.787	0.469202
165.836	0.46592
165.884	0.471156
165.933	0.467477
165.981	0.466171
166.03	0.468344
166.078	0.466589
166.127	0.470146
166.175	0.473338
166.223	0.471208
166.272	0.46278
166.32	0.474862
166.368	0.471167
166.417	0.465038
166.465	0.47696
166.514	0.465263
166.562	0.469436
166.611	0.465896
166.658	0.478176
166.707	0.468229
166.756	0.466257
166.804	0.47381
166.853	0.466109
166.901	0.474866
166.949	0.471118
166.998	0.472448
167.046	0.468951
167.094	0.475532
167.143	0.472887
167.191	0.477002
167.24	0.462821
167.289	0.471246
167.336	0.478995
167.385	0.475573
167.433	0.470492
167.482	0.473041
167.53	0.470105
167.579	0.471842
167.627	0.476673
167.675	0.480712
167.723	0.47367
167.772	0.468716
167.82	0.47787
167.869	0.469345
167.917	0.47572
167.966	0.467963
168.014	0.47765
168.063	0.473599
168.111	0.471522
168.159	0.48184
168.208	0.473876
168.256	0.477846
168.305	0.470749
168.353	0.477398
168.402	0.470569
168.45	0.47681
168.498	0.474608
168.546	0.47847
168.595	0.470422
168.643	0.480764
168.692	0.469732
168.74	0.485482
168.789	0.467776
168.837	0.482581
168.885	0.483656
168.934	0.467913
168.982	0.482196
169.031	0.475551
169.079	0.476756
169.128	0.477755
169.176	0.474815
169.225	0.476772
169.273	0.475831
169.322	0.478287
169.37	0.475406
169.419	0.477841
169.468	0.476978
169.516	0.478673
169.564	0.48235
169.613	0.476487
169.661	0.482262
169.71	0.478995
169.759	0.475101
169.807	0.482084
169.855	0.47953
169.904	0.476621
169.953	0.478105
170.001	0.478184
170.049	0.490415
170.098	0.475456
170.147	0.478948
170.195	0.483544
170.243	0.482755
170.292	0.481818
170.341	0.4766
170.388	0.490569
170.437	0.474389
170.487	0.474772
170.534	0.487719
170.583	0.479656
170.632	0.481924
170.68	0.487091
170.728	0.483144
170.777	0.483133
170.825	0.48667
170.874	0.480102
170.922	0.486427
170.971	0.484578
171.02	0.47901
171.068	0.482303
171.117	0.485745
171.165	0.479477
171.214	0.484787
171.262	0.482151
171.311	0.482053
171.359	0.491547
171.407	0.485894
171.456	0.485759
171.505	0.480464
171.554	0.483301
171.602	0.487024
171.65	0.488823
171.698	0.485809
171.747	0.485847
171.796	0.479073
171.844	0.489337
171.892	0.493379
171.941	0.484912
171.99	0.484549
172.039	0.484793
172.087	0.488302
172.136	0.487503
172.185	0.481826
172.234	0.488411
172.282	0.491241
172.33	0.490574
172.379	0.479921
172.428	0.48557
172.477	0.490551
172.524	0.495738
172.573	0.485324
172.622	0.485939
172.67	0.495541
172.719	0.486074
172.768	0.494047
172.816	0.486699
172.865	0.491142
172.913	0.490446
172.962	0.491299
173.01	0.489657
173.059	0.486891
173.108	0.486048
173.156	0.49396
173.205	0.485539
173.254	0.490712
173.302	0.49348
173.351	0.490608
173.4	0.49437
173.448	0.491563
173.497	0.489888
173.545	0.496228
173.594	0.489337
173.643	0.487044
173.692	0.489265
173.74	0.49304
173.789	0.487635
173.838	0.491516
173.886	0.491635
173.934	0.501072
173.983	0.488047
174.032	0.492694
174.08	0.498602
174.129	0.484982
174.178	0.496073
174.226	0.493506
174.275	0.494621
174.323	0.498626
174.372	0.487377
174.42	0.496023
174.47	0.485265
174.518	0.50062
174.566	0.492796
174.615	0.49194
174.663	0.500452
174.713	0.489263
174.761	0.497724
174.81	0.493663
174.858	0.496684
174.907	0.497539
174.955	0.494852
175.004	0.499428
175.053	0.484308
175.101	0.502641
175.15	0.495377
175.198	0.502864
175.248	0.486482
175.296	0.496742
175.345	0.495314
175.394	0.497442
175.442	0.495359
175.491	0.498921
175.54	0.495902
175.588	0.497287
175.637	0.490133
175.686	0.500365
175.735	0.491893
175.784	0.496671
175.832	0.501002
175.881	0.498903
175.93	0.496537
175.978	0.498483
176.027	0.499459
176.076	0.498994
176.125	0.496865
176.173	0.497157
176.221	0.508217
176.27	0.496887
176.319	0.501475
176.368	0.496644
176.416	0.502905
176.465	0.502048
176.514	0.495541
176.562	0.507555
176.611	0.496993
176.66	0.501975
176.708	0.505617
176.758	0.492242
176.806	0.506333
176.855	0.502402
176.903	0.505332
176.952	0.495279
177.001	0.50147
177.049	0.504602
177.098	0.497777
177.147	0.50357
177.196	0.498495
177.245	0.505688
177.293	0.506849
177.342	0.505136
177.391	0.501538
177.439	0.510948
177.488	0.497233
177.536	0.512206
177.586	0.491245
177.634	0.514533
177.683	0.502003
177.732	0.502972
177.781	0.498296
177.829	0.508704
177.878	0.509254
177.926	0.510039
177.975	0.503002
178.024	0.505178
178.073	0.507898
178.122	0.502319
178.171	0.507743
178.219	0.508899
178.268	0.506439
178.317	0.501964
178.365	0.507645
178.414	0.509894
178.463	0.50468
178.512	0.507286
178.56	0.50968
178.608	0.516407
178.658	0.498409
178.707	0.511448
178.756	0.498003
178.805	0.510587
178.854	0.508579
178.903	0.503171
178.951	0.509944
179	0.507195
179.049	0.509397
179.098	0.506061
179.146	0.513605
179.195	0.503391
179.244	0.514244
179.293	0.507575
179.342	0.510333
179.39	0.515331
179.439	0.501804
179.488	0.514751
179.537	0.508918
179.585	0.508552
179.634	0.510826
179.683	0.511075
179.732	0.505919
179.78	0.515565
179.829	0.507534
179.878	0.510421
179.927	0.513453
179.975	0.52106
180.024	0.508596
180.074	0.504816
180.122	0.519093
180.171	0.514404
180.219	0.51132
180.269	0.508435
180.318	0.507869
180.366	0.51731
180.415	0.510555
180.463	0.516802
180.512	0.516263
180.561	0.512437
180.61	0.511536
180.658	0.519345
180.708	0.509272
180.756	0.514945
180.805	0.515226
180.854	0.508994
180.903	0.517828
180.952	0.511358
181.001	0.513086
181.049	0.5145
181.098	0.513984
181.147	0.512433
181.196	0.517665
181.244	0.520461
181.294	0.502378
181.343	0.519668
181.391	0.518336
181.441	0.510441
181.489	0.523706
181.538	0.512545
181.587	0.515571
181.635	0.519417
181.684	0.516507
181.733	0.513645
181.782	0.519559
181.83	0.520744
181.88	0.509694
181.928	0.521315
181.977	0.518043
182.026	0.524629
182.075	0.512832
182.124	0.522562
182.173	0.513976
182.221	0.526003
182.27	0.516286
182.319	0.5145
182.369	0.515508
182.417	0.527877
182.466	0.513978
182.515	0.521749
182.564	0.522894
182.613	0.519786
182.662	0.517761
182.71	0.52743
182.759	0.520966
182.808	0.529165
182.857	0.521679
182.906	0.519516
182.954	0.524311
183.003	0.520664
183.052	0.521364
183.101	0.525596
183.15	0.519323
183.199	0.523335
183.248	0.515119
183.297	0.532304
183.346	0.519159
183.395	0.522846
183.444	0.527551
183.492	0.525531
183.541	0.52643
183.59	0.523475
183.639	0.52541
183.687	0.524832
183.737	0.517885
183.785	0.528214
183.834	0.517987
183.883	0.527681
183.932	0.526511
183.981	0.527515
184.029	0.525926
184.079	0.52142
184.127	0.527249
184.176	0.530168
184.225	0.525909
184.274	0.518447
184.322	0.533197
184.372	0.520096
184.421	0.523556
184.469	0.528902
184.519	0.521564
184.568	0.525503
184.617	0.526044
184.665	0.532706
184.714	0.521367
184.763	0.528432
184.812	0.534995
184.861	0.526973
184.91	0.525094
184.959	0.521284
185.009	0.520839
185.057	0.529882
185.106	0.529426
185.154	0.531005
185.204	0.52478
185.253	0.526739
185.302	0.525766
185.35	0.532952
185.399	0.527379
185.448	0.530002
185.497	0.52492
185.546	0.533579
185.595	0.523841
185.644	0.528164
185.693	0.53256
185.742	0.521681
185.791	0.527068
185.839	0.535512
185.888	0.523362
185.937	0.532665
185.986	0.528712
186.036	0.520154
186.084	0.533248
186.133	0.526808
186.182	0.531477
186.231	0.528932
186.28	0.52309
186.329	0.530714
186.378	0.527523
186.427	0.52856
186.475	0.532355
186.525	0.519983
186.574	0.532243
186.623	0.522128
186.672	0.531773
186.72	0.535456
186.769	0.533399
186.818	0.529224
186.867	0.527044
186.916	0.527328
186.965	0.529888
187.013	0.533818
187.063	0.524487
187.112	0.526524
187.161	0.529332
187.209	0.536466
187.258	0.529427
187.307	0.529143
187.356	0.535743
187.405	0.524595
187.454	0.532678
187.503	0.534459
187.552	0.530935
187.601	0.531484
187.65	0.532444
187.699	0.53236
187.747	0.535133
187.796	0.527224
187.845	0.533
187.895	0.52968
187.943	0.535113
187.992	0.532459
188.041	0.534515
188.09	0.527954
188.14	0.531465
188.188	0.535122
188.238	0.528979
188.286	0.537125
188.335	0.534373
188.384	0.534532
188.433	0.530381
188.482	0.535492
188.531	0.532097
188.58	0.53524
188.63	0.52706
188.678	0.53617
188.727	0.543132
188.776	0.531294
188.824	0.540871
188.874	0.527987
188.923	0.53543
188.972	0.538206
189.02	0.541166
189.069	0.53113
189.118	0.535067
189.167	0.532724
189.216	0.536932
189.265	0.538378
189.314	0.53507
189.363	0.540339
189.412	0.53329
189.46	0.546297
189.51	0.534165
189.559	0.533577
189.608	0.538826
189.657	0.535327
189.706	0.539498
189.755	0.535077
189.804	0.532403
189.853	0.533629
189.902	0.54387
189.951	0.537705
190	0.533667
190.048	0.552939
190.097	0.539252
190.146	0.538487
190.196	0.532617
190.244	0.542603
190.294	0.533049
190.342	0.540624
190.391	0.538879
190.44	0.542139
190.489	0.535268
190.539	0.536052
190.587	0.544025
190.636	0.540842
190.685	0.544822
190.734	0.539744
190.782	0.542919
190.833	0.528916
190.882	0.537252
190.93	0.543522
190.979	0.538381
191.029	0.532722
191.077	0.546377
191.126	0.546432
191.176	0.53473
191.225	0.539627
191.274	0.537455
191.323	0.53957
191.372	0.543745
191.421	0.547067
191.47	0.540461
191.52	0.532954
191.569	0.542365
191.617	0.54566
191.666	0.539479
191.715	0.542565
191.764	0.539138
191.814	0.541286
191.862	0.551066
191.911	0.536407
191.96	0.545964
192.009	0.543747
192.058	0.544376
192.107	0.54427
192.156	0.546576
192.205	0.540682
192.255	0.541309
192.304	0.542644
192.353	0.540916
192.402	0.541997
192.45	0.554039
192.5	0.540807
192.549	0.54456
192.597	0.55077
192.646	0.546915
192.695	0.545288
192.744	0.54918
192.794	0.530388
192.843	0.553493
192.892	0.549216
192.941	0.545352
192.989	0.547513
193.039	0.545483
193.088	0.546239
193.136	0.551784
193.185	0.546659
193.234	0.555453
193.283	0.537221
193.332	0.550331
193.381	0.545632
193.431	0.544496
193.479	0.551728
193.528	0.549354
193.578	0.544627
193.626	0.555361
193.675	0.544241
193.723	0.557694
193.773	0.545811
193.821	0.550192
193.871	0.544282
193.919	0.556208
193.969	0.540728
194.018	0.550351
194.066	0.553451
194.116	0.545306
194.165	0.549259
194.213	0.558122
194.262	0.545069
194.311	0.55372
194.36	0.545978
194.409	0.54994
194.458	0.551449
194.508	0.541447
194.556	0.559139
194.605	0.546221
194.654	0.549294
194.703	0.551927
194.752	0.550749
194.801	0.549279
194.85	0.55179
194.9	0.545872
194.948	0.559016
194.997	0.546046
195.046	0.552613
195.095	0.548198
195.144	0.554865
195.193	0.548214
195.242	0.553483
195.291	0.556909
195.34	0.546797
195.389	0.548073
195.438	0.554362
195.487	0.557303
195.536	0.553725
195.585	0.55004
195.634	0.546068
195.683	0.554803
195.732	0.551926
195.781	0.549997
195.83	0.556658
195.879	0.553924
195.928	0.549938
195.978	0.549723
196.026	0.562913
196.075	0.5523
196.124	0.56007
196.174	0.53993
196.223	0.557515
196.271	0.554926
196.321	0.549428
196.37	0.555726
196.419	0.554296
196.468	0.555815
196.516	0.556332
196.565	0.557777
196.614	0.554074
196.663	0.559651
196.713	0.545689
196.762	0.557571
196.811	0.555232
196.86	0.552144
196.909	0.55408
196.958	0.550744
197.007	0.558108
197.056	0.551876
197.106	0.549539
197.154	0.561476
197.203	0.562432
197.252	0.554527
197.302	0.549863
197.351	0.558696
197.399	0.558254
197.449	0.552953
197.498	0.555251
197.547	0.5584
197.595	0.563817
197.644	0.554872
197.693	0.556085
197.743	0.555478
197.792	0.555109
197.841	0.557274
197.889	0.565488
197.939	0.548111
197.987	0.569004
198.036	0.560019
198.086	0.549447
198.134	0.56948
198.183	0.56426
198.232	0.555066
198.282	0.553416
198.33	0.563086
198.379	0.563506
198.428	0.561151
198.477	0.559149
198.526	0.559045
198.574	0.568951
198.623	0.561744
198.672	0.564274
198.721	0.560239
198.77	0.560029
198.819	0.56269
198.867	0.564231
198.917	0.556121
198.965	0.56455
199.014	0.566365
199.063	0.555198
199.112	0.565742
199.161	0.560449
199.209	0.572145
199.258	0.559424
199.307	0.566543
199.355	0.566545
199.404	0.566155
199.453	0.561986
199.502	0.562592
199.551	0.56217
199.6	0.561537
199.649	0.559921
199.698	0.562793
199.746	0.567941
199.795	0.564058
199.844	0.558607
199.893	0.563478
199.942	0.570767
199.99	0.566758
200.039	0.56644
200.088	0.559414
200.137	0.566833
200.186	0.565212
200.235	0.563318
200.284	0.563112
200.333	0.560135
200.381	0.568669
200.43	0.564842
200.479	0.565055
200.528	0.566136
200.577	0.563289
200.626	0.567882
200.675	0.562738
200.724	0.565386
200.773	0.561173
200.822	0.565296
200.87	0.571555
200.92	0.555585
200.969	0.566412
201.018	0.562792
201.067	0.567673
201.116	0.5607
201.165	0.564333
201.214	0.567828
201.262	0.568976
201.312	0.559249
201.361	0.563318
201.41	0.567524
201.458	0.572225
201.507	0.569466
201.556	0.568432
201.605	0.563743
201.654	0.565658
201.704	0.560131
201.752	0.571362
201.802	0.560172
201.85	0.569902
201.9	0.566138
201.948	0.574163
201.997	0.573464
202.046	0.561044
202.095	0.573228
202.144	0.57304
202.193	0.56477
202.242	0.57155
202.29	0.570936
202.339	0.571469
202.388	0.572203
202.437	0.574794
202.486	0.571016
202.535	0.566515
202.583	0.576913
202.633	0.568862
202.681	0.581305
202.73	0.565348
202.779	0.574037
202.827	0.580468
202.876	0.57293
202.925	0.574151
202.974	0.568311
203.023	0.575296
203.071	0.57466
203.12	0.576053
203.168	0.576936
203.218	0.566393
203.267	0.572795
203.315	0.580113
203.364	0.56596
203.413	0.577929
203.462	0.572634
203.511	0.570025
203.559	0.572262
203.608	0.577632
203.656	0.574191
203.705	0.571872
203.754	0.570918
203.803	0.567816
203.852	0.571757
203.9	0.577954
203.949	0.574161
203.998	0.570916
204.047	0.575534
204.095	0.574266
204.144	0.574993
204.193	0.56989
204.242	0.570021
204.291	0.573025
204.339	0.580807
204.388	0.562775
204.437	0.579376
204.485	0.572531
204.534	0.57359
204.583	0.576853
204.632	0.573274
204.681	0.571582
204.729	0.581801
204.778	0.578842
204.827	0.571973
204.876	0.577473
204.924	0.574249
204.973	0.576616
205.022	0.571625
205.071	0.569895
205.119	0.579513
205.169	0.566101
205.218	0.574768
205.266	0.577703
205.315	0.57307
205.364	0.574341
205.412	0.57907
205.462	0.567497
205.51	0.57994
205.559	0.576664
205.607	0.581295
205.656	0.572226
205.706	0.568523
205.754	0.577338
205.803	0.575167
205.852	0.574119
205.901	0.574707
205.95	0.57595
205.999	0.57185
206.048	0.575867
206.097	0.58184
206.145	0.581085
206.194	0.577541
206.243	0.574571
206.292	0.576147
206.34	0.578096
206.389	0.579007
206.438	0.568785
206.487	0.578278
206.536	0.571108
206.585	0.577738
206.633	0.585182
206.683	0.573899
206.731	0.585802
206.78	0.570042
206.829	0.585209
206.878	0.580086
206.927	0.574417
206.975	0.58239
207.024	0.578413
207.073	0.579203
207.121	0.588532
207.17	0.576122
207.219	0.56918
207.268	0.582431
207.316	0.582865
207.365	0.578921
207.414	0.583492
207.463	0.575454
207.512	0.582288
207.56	0.589382
207.609	0.581171
207.657	0.582812
207.706	0.576464
207.755	0.585144
207.803	0.583655
207.851	0.589658
207.9	0.57855
207.949	0.586992
207.997	0.58495
208.046	0.582945
208.095	0.58461
208.143	0.589609
208.192	0.588243
208.241	0.579507
208.289	0.591997
208.338	0.581328
208.387	0.587107
208.435	0.590157
208.484	0.577784
208.533	0.584693
208.581	0.58708
208.63	0.58146
208.678	0.592143
208.727	0.587514
208.775	0.586818
208.824	0.584802
208.873	0.585561
208.922	0.581948
208.97	0.593918
209.019	0.577777
209.068	0.583004
209.116	0.590733
209.165	0.582826
209.214	0.583433
209.262	0.59
209.311	0.578869
209.359	0.592825
209.408	0.580512
209.457	0.590425
209.505	0.58552
209.554	0.581556
209.603	0.592354
209.652	0.578197
209.701	0.584653
209.75	0.585425
209.798	0.588795
209.846	0.593133
209.896	0.581766
209.945	0.582228
209.993	0.589503
210.042	0.590964
210.091	0.580051
210.14	0.582861
210.189	0.590572
210.237	0.588116
210.286	0.586511
210.335	0.591872
210.384	0.582022
210.432	0.592925
210.482	0.581762
210.531	0.585558
210.58	0.585839
210.629	0.585148
210.677	0.594974
210.726	0.589858
210.775	0.587041
210.823	0.592631
210.872	0.593716
210.92	0.593402
210.97	0.584337
211.018	0.599475
211.066	0.593239
211.116	0.582669
211.165	0.59175
211.213	0.597921
211.261	0.596296
211.31	0.587596
211.359	0.591535
211.407	0.598759
211.456	0.590714
211.505	0.592562
211.554	0.591157
211.602	0.600125
211.651	0.593635
211.7	0.601384
211.748	0.594775
211.797	0.595921
211.846	0.597055
211.894	0.598969
211.942	0.604052
211.991	0.589887
212.04	0.599731
212.088	0.597723
212.137	0.595613
212.186	0.59864
212.234	0.606528
212.283	0.593559
212.331	0.602208
212.38	0.594421
212.428	0.611596
212.477	0.594662
212.525	0.597805
212.574	0.595171
212.621	0.615187
212.671	0.590694
212.72	0.592634
212.768	0.603068
212.817	0.595769
212.865	0.602977
212.914	0.591441
212.963	0.593874
213.011	0.60472
213.059	0.601948
213.108	0.599523
213.156	0.5971
213.205	0.602213
213.253	0.595416
213.301	0.602599
213.351	0.589018
213.399	0.596567
213.447	0.606407
213.497	0.583781
213.545	0.605668
213.593	0.596044
213.642	0.596254
213.69	0.596929
213.739	0.597073
213.787	0.608976
213.836	0.581049
213.885	0.599806
213.933	0.595667
213.982	0.598942
214.031	0.589622
214.079	0.593746
214.128	0.592865
214.176	0.602067
214.225	0.598811
214.273	0.595901
214.323	0.589073
214.371	0.602167
214.42	0.594913
214.468	0.597196
214.517	0.596262
214.566	0.594529
214.614	0.597405
214.663	0.596639
214.712	0.594403
214.761	0.595234
214.809	0.594898
214.858	0.599558
214.907	0.590235
214.956	0.593181
215.004	0.601851
215.053	0.596031
215.101	0.601397
215.15	0.601108
215.199	0.588797
215.248	0.597939
215.297	0.597529
215.346	0.593558
215.394	0.60019
215.443	0.600308
215.492	0.59136
215.541	0.597078
215.589	0.600392
215.638	0.598193
215.687	0.600365
215.736	0.591397
215.784	0.60497
215.833	0.600597
215.882	0.596192
215.93	0.599565
215.979	0.595921
216.027	0.607583
216.076	0.600996
216.125	0.595344
216.174	0.595478
216.223	0.596209
216.271	0.609597
216.32	0.600935
216.369	0.60241
216.418	0.59715
216.467	0.599339
216.515	0.601374
216.564	0.601558
216.613	0.605059
216.661	0.602399
216.71	0.603882
216.759	0.603852
216.807	0.606547
216.856	0.603223
216.904	0.60149
216.953	0.602783
217.002	0.604193
217.05	0.605635
217.099	0.610956
217.148	0.598786
217.196	0.606009
217.245	0.606951
217.294	0.60187
217.342	0.616778
217.39	0.609021
217.439	0.604444
217.487	0.608667
217.536	0.600747
217.585	0.602711
217.633	0.610461
217.682	0.608903
217.73	0.605103
217.78	0.598644
217.828	0.612037
217.876	0.608735
217.925	0.60475
217.973	0.609215
218.022	0.602286
218.07	0.612299
218.12	0.599258
218.168	0.610497
218.216	0.613587
218.265	0.600076
218.314	0.613042
218.362	0.606589
218.411	0.60944
218.459	0.605849
218.508	0.609172
218.557	0.604252
218.605	0.610886
218.654	0.604083
218.702	0.609088
218.752	0.594473
218.801	0.608425
218.849	0.605214
218.897	0.615452
218.946	0.603338
218.995	0.605942
219.044	0.600217
219.093	0.604425
219.142	0.603651
219.189	0.621733
219.238	0.601767
219.287	0.610752
219.336	0.603725
219.385	0.605393
219.433	0.605199
219.482	0.613394
219.531	0.600697
219.58	0.605627
219.629	0.606959
219.678	0.603857
219.727	0.603432
219.775	0.622864
219.824	0.603633
219.873	0.610075
219.922	0.607033
219.97	0.618093
220.019	0.61011
220.068	0.60531
220.117	0.608827
220.165	0.615777
220.214	0.607394
220.263	0.611527
220.312	0.60655
220.361	0.612667
220.41	0.606799
220.459	0.614331
220.507	0.620838
220.557	0.605641
220.606	0.61182
220.654	0.614086
220.703	0.615763
220.752	0.61133
220.801	0.614526
220.85	0.613067
220.898	0.615377
220.948	0.606456
220.996	0.620832
221.045	0.60765
221.093	0.61923
221.143	0.604424
221.191	0.618152
221.24	0.614548
221.289	0.61771
221.337	0.614207
221.386	0.620396
221.435	0.60647
221.484	0.618573
221.533	0.612315
221.581	0.622564
221.63	0.607654
221.679	0.615093
221.727	0.623626
221.776	0.614871
221.825	0.608268
221.874	0.617725
221.923	0.61541
221.971	0.621869
222.02	0.617314
222.068	0.626703
222.117	0.611508
222.166	0.617734
222.215	0.615014
222.263	0.622197
222.312	0.622016
222.361	0.617874
222.41	0.613996
222.459	0.615605
222.507	0.616722
222.556	0.623404
222.604	0.618042
222.653	0.61669
222.702	0.616097
222.751	0.612825
222.8	0.619447
222.848	0.620546
222.897	0.616505
222.946	0.614252
222.995	0.619774
223.043	0.618773
223.092	0.610621
223.141	0.619117
223.19	0.609977
223.239	0.618942
223.288	0.619499
223.337	0.613995
223.385	0.625065
223.433	0.621371
223.483	0.612744
223.531	0.621144
223.58	0.613833
223.629	0.621558
223.677	0.619359
223.726	0.622828
223.775	0.612773
223.824	0.617498
223.873	0.620603
223.922	0.612249
223.97	0.630633
224.019	0.609437
224.068	0.622144
224.117	0.620966
224.166	0.619046
224.215	0.616192
224.264	0.612705
224.313	0.618687
224.361	0.621475
224.41	0.621836
224.459	0.619168
224.509	0.60783
224.558	0.621823
224.606	0.626236
224.655	0.617203
224.704	0.624992
224.753	0.623935
224.802	0.610646
224.85	0.632476
224.899	0.618184
224.948	0.627125
224.998	0.611612
225.047	0.622079
225.096	0.620899
225.144	0.630593
225.192	0.627236
225.242	0.613976
225.291	0.622479
225.34	0.618837
225.389	0.623538
225.438	0.625837
225.487	0.619848
225.535	0.627498
225.584	0.622959
225.633	0.624527
225.682	0.620541
225.731	0.624459
225.779	0.630764
225.828	0.623927
225.878	0.617665
225.927	0.612911
225.976	0.63538
226.024	0.626914
226.073	0.6223
226.122	0.624967
226.171	0.627884
226.22	0.631453
226.269	0.626286
226.318	0.627603
226.367	0.624152
226.416	0.628039
226.464	0.629881
226.513	0.627705
226.562	0.627163
226.61	0.63414
226.659	0.622751
226.709	0.625699
226.757	0.636826
226.806	0.628079
226.854	0.635112
226.903	0.632479
226.952	0.619319
227	0.63916
227.049	0.627858
227.098	0.627457
227.147	0.626786
227.196	0.629549
227.245	0.627792
227.294	0.628872
227.342	0.63473
227.391	0.627304
227.44	0.634024
227.488	0.634801
227.537	0.622191
227.586	0.63565
227.635	0.629242
227.684	0.629881
227.732	0.635315
227.781	0.62416
227.83	0.626475
227.879	0.626258
227.927	0.637791
227.976	0.62386
228.026	0.620838
228.074	0.634448
228.123	0.631374
228.172	0.632053
228.221	0.62516
228.27	0.630177
228.318	0.632932
228.367	0.630046
228.416	0.626049
228.465	0.623875
228.514	0.628308
228.563	0.628936
228.612	0.634383
228.66	0.631704
228.71	0.61856
228.758	0.643057
228.807	0.622869
228.856	0.634827
228.905	0.623527
228.955	0.627474
229.003	0.635201
229.052	0.624331
229.102	0.62438
229.15	0.633523
229.2	0.623683
229.248	0.634922
229.297	0.630879
229.346	0.635153
229.395	0.627085
229.444	0.626998
229.493	0.633683
229.542	0.636814
229.591	0.628743
229.64	0.633913
229.689	0.633811
229.738	0.630578
229.787	0.63163
229.836	0.633452
229.885	0.626214
229.934	0.632472
229.983	0.634197
230.031	0.643723
230.08	0.627453
230.129	0.63287
230.179	0.630786
230.228	0.633725
230.277	0.632071
230.325	0.639136
230.374	0.63212
230.423	0.636501
230.472	0.631097
230.52	0.643705
230.571	0.618838
230.619	0.637464
230.668	0.634807
230.717	0.637276
230.766	0.630486
230.814	0.645848
230.864	0.625645
230.913	0.631746
230.961	0.651191
231.01	0.634703
231.06	0.633442
231.108	0.636716
231.158	0.634176
231.206	0.640766
231.256	0.625972
231.304	0.652225
231.353	0.628925
231.402	0.644473
231.451	0.636783
231.5	0.634138
231.549	0.639946
231.598	0.64432
231.646	0.647407
231.695	0.636424
231.745	0.636968
231.793	0.64196
231.842	0.637391
231.891	0.639025
231.94	0.641889
231.989	0.646
232.038	0.6291
232.087	0.648221
232.136	0.642623
232.185	0.638386
232.233	0.645397
232.283	0.631266
232.331	0.650871
232.381	0.631257
232.429	0.653174
232.478	0.641445
232.526	0.649843
232.575	0.636155
232.625	0.634019
232.674	0.639599
232.722	0.645589
232.771	0.647042
232.82	0.634343
232.869	0.645868
232.917	0.647154
232.966	0.641722
233.015	0.642998
233.064	0.645407
233.112	0.642804
233.162	0.639709
233.21	0.650945
233.258	0.645584
233.308	0.635253
233.356	0.644144
233.405	0.639924
233.454	0.645882
233.504	0.633699
233.552	0.650798
233.601	0.642273
233.649	0.645656
233.698	0.640901
233.747	0.650059
233.796	0.634167
233.844	0.653965
233.894	0.640106
233.942	0.645878
233.991	0.644847
234.04	0.640683
234.089	0.641573
234.138	0.645353
234.186	0.653712
234.236	0.630393
234.284	0.644547
234.333	0.643721
234.382	0.641273
234.431	0.646792
234.48	0.63933
234.528	0.647425
234.578	0.638481
234.627	0.641477
234.676	0.641993
234.724	0.644289
234.773	0.644896
234.822	0.643185
234.872	0.627607
234.92	0.654524
234.969	0.633452
235.018	0.651186
235.067	0.640553
235.116	0.633889
235.165	0.646726
235.214	0.644659
235.262	0.64757
235.312	0.640296
235.361	0.640313
235.411	0.631661
235.459	0.649531
235.509	0.631214
235.558	0.649207
235.606	0.648932
235.656	0.641323
235.704	0.645062
235.754	0.644618
235.803	0.641855
235.852	0.647782
235.9	0.647066
235.949	0.647731
235.998	0.647462
236.047	0.64633
236.096	0.652504
236.146	0.632833
236.195	0.645834
236.243	0.65461
236.292	0.648463
236.341	0.647037
236.39	0.639215
236.439	0.653677
236.489	0.639428
236.537	0.656782
236.586	0.651079
236.635	0.64453
236.684	0.644887
236.733	0.649938
236.782	0.651533
236.83	0.656623
236.879	0.642891
236.928	0.657366
236.977	0.642771
237.026	0.650949
237.075	0.648081
237.123	0.655849
237.172	0.650566
237.221	0.648015
237.269	0.655732
237.318	0.649495
237.367	0.6487
237.416	0.648124
237.465	0.648604
237.514	0.653991
237.563	0.652848
237.612	0.643935
237.66	0.656461
237.709	0.649876
237.758	0.645237
237.807	0.652156
237.855	0.657484
237.905	0.644032
237.953	0.658501
238.002	0.648808
238.051	0.655357
238.1	0.651072
238.148	0.655072
238.197	0.65282
238.246	0.651103
238.296	0.650047
238.344	0.66416
238.393	0.643109
238.442	0.654962
238.491	0.653356
238.54	0.651648
238.589	0.654056
238.638	0.656763
238.687	0.643907
238.736	0.66279
238.785	0.648152
238.833	0.667885
238.882	0.653691
238.931	0.652239
238.98	0.655867
239.029	0.653917
239.078	0.646121
239.127	0.651928
239.176	0.656157
239.224	0.658662
239.274	0.646583
239.323	0.655707
239.372	0.650367
239.421	0.653977
239.47	0.645737
239.519	0.657065
239.567	0.663487
239.616	0.652857
239.666	0.640717
239.715	0.65276
239.764	0.650907
239.813	0.657058
239.862	0.648104
239.912	0.648069
239.96	0.66118
240.01	0.648793
240.058	0.657273
240.108	0.650082
240.157	0.653564
240.205	0.659467
240.255	0.648981
240.303	0.657391
240.352	0.660984
240.401	0.649086
240.45	0.651297
240.5	0.649547
240.548	0.661114
240.598	0.647577
240.647	0.656481
240.696	0.652438
240.744	0.659839
240.794	0.654201
240.843	0.656832
240.892	0.651179
240.94	0.664967
240.99	0.653802
241.038	0.660544
241.087	0.657881
241.136	0.657963
241.185	0.653108
241.235	0.651069
241.284	0.659387
241.333	0.649497
241.382	0.65913
241.431	0.658687
241.48	0.65764
241.528	0.663777
241.578	0.653562
241.627	0.659602
241.676	0.659966
241.725	0.657004
241.774	0.654851
241.823	0.656883
241.872	0.662463
241.921	0.663697
241.97	0.649153
242.018	0.67577
242.068	0.651691
242.117	0.662576
242.167	0.647537
242.215	0.665945
242.265	0.660681
242.314	0.657984
242.362	0.671314
242.411	0.658736
242.461	0.651222
242.509	0.67206
242.559	0.648029
242.607	0.671322
242.657	0.655543
242.706	0.655085
242.755	0.667791
242.803	0.666191
242.853	0.654611
242.902	0.66596
242.951	0.654492
243	0.666895
243.049	0.658339
243.098	0.663001
243.147	0.669414
243.196	0.659137
243.245	0.667811
243.295	0.652628
243.344	0.661595
243.393	0.663167
243.442	0.662804
243.491	0.656857
243.54	0.67122
243.589	0.664001
243.638	0.658369
243.687	0.659138
243.737	0.662134
243.786	0.658048
243.835	0.670206
243.884	0.652155
243.933	0.666379
243.982	0.664886
244.031	0.668567
244.081	0.65248
244.129	0.669071
244.179	0.660273
244.229	0.651421
244.277	0.679577
244.325	0.670914
244.375	0.653565
244.423	0.674948
244.473	0.657244
244.522	0.666711
244.571	0.662559
244.62	0.66355
244.669	0.662651
244.719	0.663367
244.767	0.668284
244.817	0.663435
244.866	0.666227
244.915	0.662384
244.964	0.66
245.012	0.678553
245.061	0.66748
245.111	0.656372
245.16	0.668075
245.209	0.663965
245.258	0.665329
245.307	0.665448
245.356	0.663849
245.405	0.671924
245.454	0.660159
245.503	0.666565
245.552	0.668913
245.601	0.665054
245.65	0.667593
245.7	0.664819
245.748	0.669442
245.797	0.670164
245.846	0.67119
245.895	0.663061
245.944	0.672455
245.993	0.6617
246.042	0.668725
246.092	0.659244
246.14	0.6718
246.19	0.660114
246.238	0.676061
246.288	0.665114
246.336	0.673257
246.385	0.665667
246.435	0.664143
246.484	0.663795
246.532	0.680851
246.582	0.661114
246.631	0.667979
246.68	0.668611
246.729	0.668447
246.778	0.665605
246.827	0.662198
246.876	0.674893
246.925	0.664034
246.974	0.671378
247.023	0.669782
247.073	0.654761
247.121	0.676361
247.17	0.670525
247.219	0.668823
247.269	0.656301
247.318	0.672963
247.367	0.667636
247.416	0.666287
247.465	0.669242
247.514	0.667754
247.563	0.666734
247.612	0.663667
247.661	0.67664
247.71	0.67047
247.759	0.671546
247.808	0.663499
247.857	0.671462
247.906	0.665487
247.955	0.674027
248.005	0.663118
248.054	0.669473
248.103	0.668305
248.152	0.661237
248.202	0.659078
248.251	0.669906
248.3	0.669765
248.35	0.664047
248.398	0.68012
248.448	0.662629
248.497	0.671319
248.546	0.66322
248.596	0.665961
248.644	0.677136
248.694	0.66563
248.743	0.674223
248.792	0.666502
248.842	0.66222
248.891	0.674926
248.94	0.663166
248.988	0.683573
249.038	0.671787
249.087	0.665167
249.136	0.673449
249.185	0.671945
249.235	0.670167
249.283	0.677508
249.332	0.678743
249.382	0.665954
249.431	0.670008
249.48	0.67594
249.529	0.673294
249.578	0.677408
249.628	0.669931
249.676	0.680388
249.726	0.665532
249.775	0.684748
249.824	0.669976
249.873	0.679987
249.922	0.670969
249.971	0.675574
250.02	0.678537
250.07	0.670772
250.118	0.688334
250.167	0.670847
250.216	0.677115
250.266	0.671405
250.314	0.686808
250.363	0.675355
250.412	0.676928
250.461	0.678969
250.51	0.680291
250.559	0.671988
250.608	0.676921
250.657	0.675144
250.706	0.676664
250.755	0.684593
250.805	0.666678
250.854	0.679343
250.903	0.674223
250.952	0.680877
251.001	0.666653
251.05	0.686268
251.099	0.674383
251.148	0.677068
251.197	0.68231
251.246	0.679076
251.295	0.671471
251.344	0.673824
251.393	0.677646
251.442	0.676382
251.492	0.669085
251.541	0.67516
251.59	0.687429
251.638	0.681711
251.688	0.673786
251.738	0.668028
251.786	0.68348
251.835	0.678045
251.885	0.671951
251.934	0.6814
251.983	0.676711
252.032	0.680347
252.081	0.676845
252.13	0.682534
252.179	0.683291
252.228	0.676769
252.277	0.673849
252.326	0.680466
252.376	0.671864
252.425	0.672392
252.474	0.687665
252.523	0.677173
252.573	0.676004
252.622	0.679797
252.671	0.680915
252.72	0.6767
252.769	0.684531
252.818	0.675312
252.867	0.684536
252.917	0.672631
252.966	0.677716
253.015	0.676046
253.064	0.682632
253.113	0.682519
253.162	0.67952
253.211	0.683302
253.261	0.671084
253.309	0.690342
253.359	0.667396
253.407	0.696422
253.458	0.664463
253.506	0.69143
253.556	0.673987
253.605	0.686216
253.653	0.685556
253.703	0.672831
253.752	0.677349
253.801	0.681055
253.851	0.682589
253.9	0.673953
253.948	0.692736
253.998	0.67675
254.047	0.67926
254.097	0.677866
254.146	0.679173
254.195	0.68242
254.244	0.679506
254.293	0.685698
254.343	0.671923
254.392	0.683533
254.441	0.6838
254.49	0.677957
254.54	0.682614
254.589	0.68004
254.638	0.688999
254.687	0.673995
254.736	0.693754
254.785	0.678005
254.835	0.676523
254.884	0.686735
254.934	0.672014
254.983	0.680568
255.031	0.691271
255.081	0.673332
255.131	0.678172
255.18	0.684176
255.229	0.685797
255.279	0.6777
255.327	0.693907
255.377	0.675297
255.426	0.679805
255.476	0.682638
255.525	0.688623
255.574	0.68415
255.623	0.685888
255.672	0.679064
255.722	0.679843
255.771	0.684171
255.821	0.674868
255.87	0.681561
255.919	0.694757
255.968	0.684785
256.018	0.679086
256.067	0.680927
256.117	0.682616
256.166	0.683141
256.216	0.680755
256.264	0.694048
256.314	0.680714
256.363	0.683882
256.412	0.686351
256.462	0.676522
256.511	0.688255
256.56	0.689291
256.609	0.690295
256.659	0.673181
256.708	0.694321
256.757	0.685271
256.806	0.685253
256.855	0.686564
256.905	0.682676
256.954	0.692038
257.003	0.692358
257.052	0.687078
257.101	0.683623
257.15	0.684059
257.2	0.683751
257.248	0.693246
257.298	0.680941
257.347	0.685758
257.396	0.691211
257.446	0.685845
257.495	0.68656
257.544	0.685443
257.594	0.684438
257.642	0.698805
257.691	0.684751
257.741	0.682167
257.79	0.694581
257.839	0.688573
257.888	0.684942
257.937	0.694101
257.986	0.689584
258.035	0.691013
258.084	0.692473
258.134	0.680134
258.182	0.703698
258.231	0.693135
258.281	0.689764
258.33	0.687276
258.379	0.695555
258.427	0.694877
258.477	0.682876
258.526	0.693402
258.575	0.694276
258.625	0.68166
258.673	0.69532
258.722	0.696565
258.771	0.689601
258.82	0.699828
258.869	0.691204
258.918	0.687641
258.968	0.690364
259.017	0.688148
259.066	0.696976
259.115	0.688777
259.164	0.693389
259.213	0.694533
259.262	0.693796
259.311	0.688807
259.361	0.689632
259.41	0.69147
259.458	0.698405
259.508	0.686645
259.557	0.695649
259.606	0.687839
259.655	0.697577
259.704	0.690339
259.754	0.682348
259.802	0.694402
259.851	0.695771
259.901	0.682882
259.95	0.691371
259.999	0.689595
260.048	0.693369
260.098	0.683913
260.147	0.693654
260.195	0.69812
260.245	0.679343
260.294	0.691765
260.343	0.70177
260.392	0.685716
260.442	0.688393
260.491	0.691947
260.541	0.685306
260.589	0.700203
260.638	0.693091
260.688	0.681179
260.737	0.692784
260.786	0.694385
260.835	0.694737
260.885	0.689963
260.934	0.692626
260.984	0.677167
261.033	0.701301
261.082	0.688421
261.132	0.682268
261.18	0.703621
261.23	0.686075
261.279	0.696271
261.328	0.699323
261.377	0.689204
261.426	0.698068
261.476	0.684025
261.525	0.698557
261.575	0.689178
261.624	0.696062
261.673	0.693342
261.722	0.691734
261.771	0.697359
261.821	0.692463
261.87	0.696919
261.919	0.698301
261.968	0.696332
262.017	0.698113
262.066	0.699728
262.115	0.69217
262.165	0.682974
262.214	0.704283
262.263	0.701979
262.312	0.68861
262.361	0.700363
262.41	0.709774
262.459	0.698423
262.508	0.688981
262.558	0.699548
262.607	0.692077
262.656	0.706182
262.705	0.699946
262.754	0.697122
262.803	0.702202
262.852	0.692264
262.901	0.702844
262.95	0.70024
263	0.680439
263.048	0.712637
263.097	0.706278
263.147	0.690407
263.195	0.703981
263.244	0.7009
263.293	0.702649
263.343	0.685636
263.392	0.706563
263.441	0.695509
263.49	0.704465
263.538	0.702689
263.588	0.697534
263.637	0.701809
263.686	0.693803
263.735	0.704872
263.784	0.691016
263.834	0.696976
263.883	0.699355
263.932	0.699296
263.98	0.711687
264.029	0.698557
264.079	0.694201
264.128	0.699837
264.178	0.684371
264.226	0.713689
264.276	0.69372
264.325	0.689983
264.374	0.711443
264.423	0.700609
264.472	0.702955
264.521	0.701834
264.57	0.697171
264.619	0.7031
264.668	0.706308
264.717	0.692664
264.767	0.6945
264.817	0.69209
264.865	0.70595
264.914	0.703699
264.964	0.694772
265.013	0.696096
265.062	0.709214
265.111	0.694844
265.16	0.705877
265.21	0.695423
265.259	0.697013
265.308	0.704889
265.357	0.69775
265.406	0.705989
265.456	0.696094
265.505	0.704958
265.554	0.699583
265.603	0.70005
265.652	0.698812
265.701	0.703961
265.751	0.702585
265.8	0.697565
265.849	0.703715
265.898	0.698055
265.947	0.706498
265.997	0.699387
266.046	0.699276
266.095	0.704952
266.144	0.69517
266.193	0.705226
266.243	0.699544
266.293	0.69062
266.341	0.71138
266.39	0.70477
266.439	0.702863
266.489	0.698839
266.538	0.70314
266.587	0.703286
266.636	0.704692
266.686	0.697438
266.735	0.704592
266.784	0.701841
266.833	0.699591
266.883	0.699075
266.931	0.708217
266.981	0.696131
267.03	0.705338
267.08	0.695741
267.128	0.709841
267.178	0.697823
267.227	0.710455
267.276	0.704175
267.325	0.699471
267.375	0.693533
267.424	0.704166
267.474	0.693612
267.523	0.706793
267.573	0.697549
267.621	0.713799
267.671	0.697634
267.72	0.705943
267.77	0.695627
267.819	0.705883
267.868	0.706173
267.917	0.700981
267.966	0.707648
268.016	0.69996
268.065	0.71063
268.114	0.696824
268.164	0.702944
268.213	0.705829
268.262	0.700197
268.311	0.703818
268.361	0.703458
268.41	0.705403
268.459	0.70437
268.509	0.705937
268.558	0.706428
268.607	0.705823
268.657	0.700301
268.706	0.703299
268.755	0.708867
268.804	0.708576
268.854	0.701392
268.903	0.699338
268.952	0.709347
269.002	0.70203
269.052	0.697748
269.101	0.709091
269.15	0.717226
269.2	0.698633
269.249	0.71046
269.298	0.704822
269.348	0.702657
269.397	0.708991
269.446	0.703919
269.496	0.703672
269.545	0.710449
269.595	0.703629
269.644	0.714599
269.693	0.704415
269.742	0.710121
269.792	0.708857
269.841	0.705961
269.89	0.711079
269.939	0.716989
269.988	0.713572
270.037	0.709901
270.087	0.701337
270.137	0.707485
270.186	0.71108
270.234	0.717303
270.284	0.703697
270.333	0.710199
270.382	0.716869
270.432	0.708453
270.48	0.720097
270.53	0.702624
270.579	0.71676
270.628	0.71044
270.677	0.715474
270.727	0.710236
270.776	0.711998
270.825	0.717111
270.875	0.697373
270.924	0.71491
270.973	0.714836
271.022	0.708832
271.071	0.719781
271.12	0.708586
271.169	0.717245
271.219	0.708232
271.267	0.720175
271.316	0.713785
271.366	0.712765
271.416	0.698816
271.464	0.72856
271.513	0.709383
271.562	0.714671
271.611	0.717852
271.66	0.712224
271.709	0.71352
271.759	0.710872
271.808	0.716238
271.857	0.709747
271.906	0.7106
271.955	0.711977
272.004	0.719341
272.054	0.710166
272.103	0.70755
272.152	0.722075
272.202	0.701372
272.25	0.722439
272.3	0.706492
272.349	0.71253
272.398	0.717238
272.447	0.716414
272.496	0.70656
272.545	0.720353
272.595	0.704437
272.644	0.714745
272.693	0.718794
272.742	0.709945
272.791	0.710514
272.84	0.715291
272.889	0.714243
272.939	0.713734
272.987	0.719562
273.037	0.702452
273.086	0.715575
273.135	0.719145
273.184	0.72309
273.233	0.707829
273.283	0.706133
273.332	0.708982
273.381	0.720502
273.431	0.70377
273.48	0.717374
273.529	0.710645
273.579	0.714681
273.627	0.72356
273.676	0.711576
273.726	0.707847
273.776	0.708402
273.825	0.711636
273.874	0.718894
273.924	0.710286
273.973	0.712931
274.022	0.719425
274.071	0.710048
274.12	0.720474
274.17	0.716069
274.218	0.721855
274.268	0.709637
274.317	0.716205
274.367	0.70863
274.416	0.722092
274.465	0.716325
274.514	0.718887
274.563	0.720772
274.614	0.699531
274.662	0.726885
274.712	0.715761
274.761	0.720486
274.81	0.723388
274.86	0.704643
274.908	0.729484
274.957	0.71752
275.007	0.715373
275.057	0.709772
275.105	0.722744
275.155	0.711526
275.204	0.719924
275.253	0.728512
275.302	0.717957
275.352	0.715352
275.401	0.71534
275.451	0.718173
275.499	0.727302
275.549	0.70533
275.598	0.73245
275.647	0.719689
275.697	0.711447
275.746	0.717201
275.795	0.72604
275.844	0.71642
275.894	0.721404
275.944	0.704751
275.993	0.727905
276.042	0.721157
276.091	0.72615
276.14	0.719586
276.189	0.723658
276.239	0.714778
276.289	0.710365
276.338	0.719259
276.387	0.721969
276.436	0.730118
276.485	0.714978
276.535	0.71829
276.584	0.722244
276.633	0.719366
276.683	0.722572
276.732	0.716344
276.781	0.726533
276.831	0.714387
276.88	0.729391
276.93	0.715099
276.978	0.728252
277.029	0.707399
277.077	0.732208
277.126	0.722036
277.176	0.720233
277.225	0.720701
277.275	0.714514
277.325	0.719717
277.374	0.720171
277.423	0.734876
277.473	0.707897
277.521	0.737541
277.571	0.71937
277.62	0.726898
277.67	0.713443
277.719	0.730873
277.768	0.720393
277.818	0.723532
277.867	0.717439
277.916	0.736636
277.966	0.713264
278.015	0.73059
278.064	0.729821
278.113	0.722428
278.163	0.721103
278.211	0.733872
278.26	0.725316
278.31	0.716485
278.36	0.719829
278.409	0.731144
278.458	0.723768
278.507	0.731915
278.557	0.716536
278.605	0.733973
278.654	0.726625
278.704	0.719257
278.753	0.733286
278.801	0.733022
278.851	0.726241
278.9	0.729094
278.95	0.716391
278.998	0.739691
279.048	0.714555
279.097	0.724219
279.146	0.729146
279.195	0.725181
279.245	0.722788
279.293	0.736434
279.342	0.729029
279.392	0.725455
279.441	0.727825
279.49	0.730918
279.539	0.724112
279.588	0.73115
279.637	0.730737
279.686	0.724628
279.736	0.724082
279.785	0.726257
279.834	0.724013
279.883	0.731313
279.932	0.736667
279.982	0.718593
280.031	0.735779
280.08	0.72187
280.129	0.727121
280.179	0.727662
280.228	0.718978
280.278	0.723349
280.327	0.734642
280.375	0.73371
280.425	0.718539
280.474	0.728649
280.523	0.72808
280.573	0.729502
280.622	0.723695
280.671	0.725887
280.721	0.728741
280.77	0.720896
280.82	0.727856
280.868	0.733665
280.918	0.726055
280.967	0.73335
281.016	0.726775
281.066	0.720327
281.114	0.735806
281.164	0.724404
281.213	0.731843
281.262	0.727216
281.311	0.725742
281.361	0.728607
281.41	0.72675
281.459	0.730019
281.509	0.727512
281.558	0.728123
281.608	0.725444
281.656	0.739152
281.705	0.741591
281.755	0.71004
281.804	0.731277
281.853	0.729543
281.903	0.71942
281.952	0.733774
282.001	0.739804
282.05	0.732221
282.099	0.734485
282.148	0.727899
282.198	0.728424
282.246	0.739282
282.296	0.722542
282.345	0.728042
282.394	0.731182
282.443	0.736368
282.492	0.738356
282.542	0.718665
282.591	0.736303
282.639	0.736576
282.689	0.721825
282.738	0.733679
282.787	0.733988
282.836	0.73607
282.885	0.72996
282.935	0.72832
282.983	0.742415
283.033	0.723042
283.082	0.729251
283.131	0.738271
283.18	0.737622
283.229	0.724591
283.279	0.731449
283.327	0.740921
283.377	0.722012
283.425	0.746719
283.475	0.73347
283.524	0.733452
283.573	0.728506
283.622	0.733817
283.671	0.735785
283.72	0.735008
283.769	0.739633
283.818	0.727239
283.867	0.734986
283.916	0.733701
283.966	0.722239
284.015	0.741515
284.064	0.729082
284.113	0.7446
284.163	0.72749
284.212	0.73276
284.261	0.734122
284.31	0.733597
284.359	0.741651
284.409	0.72268
284.458	0.737431
284.507	0.738486
284.556	0.730785
284.605	0.73298
284.654	0.738419
284.703	0.735383
284.753	0.731234
284.802	0.734229
284.851	0.733701
284.9	0.738179
284.949	0.739942
284.998	0.744232
285.047	0.736987