95.018	0.211652
95.0594	0.205506
95.0995	0.21116
95.1417	0.2003
95.1816	0.213489
95.2224	0.209039
95.2633	0.20878
95.304	0.210414
95.3449	0.209697
95.3854	0.21235
95.4264	0.208952
95.4677	0.208477
95.5091	0.207864
95.5497	0.212985
95.5904	0.213449
95.6322	0.207785
95.673	0.213679
95.7137	0.214933
95.7544	0.215897
95.7958	0.213162
95.8369	0.212966
95.8782	0.210701
95.9193	0.209636
95.9598	0.211918
96.0014	0.206729
96.0421	0.21255
96.0835	0.209948
96.1252	0.209037
96.1667	0.210659
96.2076	0.21374
96.2492	0.210991
96.2909	0.211312
96.3318	0.216293
96.3735	0.213791
96.4143	0.219129
96.456	0.212997
96.4976	0.21293
96.5386	0.215546
96.5799	0.213401
96.6219	0.209
96.6637	0.209654
96.7053	0.210554
96.7469	0.211209
96.7877	0.215343
96.83	0.209103
96.8715	0.213859
96.9129	0.214635
96.9546	0.214391
96.9961	0.21642
97.0378	0.216567
97.0798	0.214976
97.1214	0.216837
97.1631	0.215828
97.2049	0.215294
97.2464	0.217341
97.2883	0.215156
97.3299	0.21637
97.3722	0.212244
97.4138	0.215724
97.4559	0.213328
97.4973	0.217
97.5393	0.214213
97.5812	0.215503
97.6225	0.219675
97.6652	0.214018
97.7071	0.218761
97.7489	0.219459
97.7909	0.21782
97.8327	0.218308
97.8743	0.219046
97.9169	0.214462
97.9586	0.219162
98.0006	0.217538
98.0428	0.216865
98.0843	0.21976
98.1272	0.212126
98.1689	0.218468
98.2111	0.217483
98.2525	0.224007
98.2952	0.218191
98.3373	0.221642
98.3795	0.221023
98.4217	0.220485
98.464	0.219396
98.5062	0.220547
98.548	0.222079
98.5905	0.218729
98.6326	0.221437
98.6748	0.22078
98.717	0.219607
98.7595	0.217981
98.8016	0.220688
98.8439	0.220033
98.8867	0.219306
98.9289	0.223607
98.9713	0.223366
99.0136	0.222875
99.0557	0.223995
99.0976	0.225416
99.1409	0.218574
99.1828	0.2255
99.2252	0.223392
99.2683	0.220185
99.3102	0.226707
99.353	0.222362
99.3954	0.224663
99.4386	0.222401
99.481	0.225625
99.5235	0.224497
99.5655	0.225545
99.6085	0.219866
99.6515	0.220375
99.6937	0.225695
99.7363	0.224205
99.779	0.224122
99.8216	0.225921
99.8644	0.224609
99.9069	0.227282
99.9495	0.226592
99.9923	0.22671
100.035	0.23008
100.078	0.224796
100.12	0.231339
100.163	0.225195
100.206	0.226297
100.248	0.228798
100.291	0.22724
100.334	0.222369
100.377	0.222916
100.42	0.221954
100.462	0.228131
100.505	0.226499
100.547	0.23075
100.591	0.224923
100.633	0.228962
100.676	0.229727
100.719	0.227797
100.762	0.230508
100.805	0.230743
100.848	0.22885
100.89	0.233
100.933	0.227816
100.977	0.227136
101.019	0.232002
101.063	0.224154
101.105	0.228253
101.148	0.229144
101.191	0.224873
101.234	0.231791
101.277	0.227749
101.32	0.23355
101.363	0.230236
101.406	0.230086
101.449	0.233211
101.492	0.235387
101.535	0.233788
101.579	0.227994
101.621	0.232522
101.665	0.229819
101.708	0.230254
101.751	0.235146
101.794	0.230455
101.837	0.226929
101.881	0.229634
101.924	0.228658
101.966	0.23403
102.01	0.230213
102.054	0.228561
102.096	0.235377
102.14	0.23437
102.183	0.231703
102.226	0.237104
102.27	0.233033
102.313	0.235013
102.356	0.234688
102.4	0.232317
102.443	0.232047
102.487	0.231381
102.53	0.234093
102.573	0.232255
102.617	0.230238
102.66	0.23128
102.704	0.229487
102.747	0.232266
102.79	0.233338
102.834	0.232747
102.878	0.234742
102.921	0.236707
102.964	0.236971
103.007	0.238226
103.052	0.229981
103.095	0.23742
103.138	0.235664
103.182	0.229549
103.226	0.233694
103.269	0.235975
103.313	0.232083
103.356	0.230394
103.4	0.234094
103.443	0.235876
103.486	0.235607
103.53	0.236026
103.575	0.230937
103.618	0.237249
103.662	0.235924
103.705	0.239672
103.749	0.236094
103.793	0.235633
103.836	0.23486
103.88	0.235898
103.924	0.233162
103.967	0.238226
104.012	0.232294
104.055	0.237629
104.099	0.234894
104.142	0.237936
104.186	0.239187
104.229	0.240963
104.273	0.240875
104.318	0.23459
104.361	0.243436
104.404	0.241411
104.448	0.238317
104.493	0.234747
104.536	0.241002
104.58	0.238912
104.623	0.243603
104.667	0.237766
104.711	0.240927
104.755	0.237567
104.799	0.24
104.842	0.24409
104.886	0.241896
104.93	0.242923
104.973	0.241732
105.018	0.238716
105.062	0.239344
105.106	0.241664
105.149	0.240655
105.194	0.239907
105.237	0.242733
105.282	0.241015
105.325	0.245344
105.369	0.244277
105.413	0.240993
105.457	0.243438
105.502	0.238895
105.546	0.24354
105.589	0.243112
105.633	0.23954
105.677	0.24152
105.721	0.243862
105.766	0.239099
105.809	0.248052
105.854	0.240642
105.898	0.242151
105.941	0.247998
105.986	0.241485
106.03	0.247085
106.074	0.245737
106.118	0.239569
106.163	0.241662
106.207	0.238853
106.251	0.241906
106.295	0.242916
106.339	0.240726
106.383	0.242022
106.427	0.244893
106.471	0.243492
106.515	0.245377
106.559	0.247391
106.604	0.244268
106.649	0.243605
106.693	0.248517
106.737	0.250212
106.781	0.247448
106.825	0.247474
106.869	0.245498
106.913	0.244206
106.958	0.242403
107.002	0.244898
107.047	0.244349
107.091	0.250374
107.135	0.248218
107.179	0.249212
107.224	0.246203
107.268	0.248631
107.312	0.253761
107.357	0.246952
107.401	0.248901
107.445	0.250169
107.49	0.246821
107.534	0.246437
107.579	0.24705
107.623	0.24512
107.668	0.246599
107.711	0.250207
107.756	0.244687
107.801	0.247452
107.845	0.253007
107.889	0.251949
107.933	0.253572
107.978	0.247927
108.023	0.248724
108.067	0.250882
108.112	0.251052
108.156	0.25087
108.201	0.248026
108.245	0.249657
108.29	0.249587
108.335	0.248597
108.379	0.249442
108.424	0.249795
108.468	0.249818
108.513	0.249214
108.558	0.251714
108.602	0.251854
108.647	0.252618
108.691	0.254602
108.736	0.253309
108.78	0.251203
108.825	0.250204
108.87	0.253374
108.914	0.251834
108.959	0.252983
109.004	0.248816
109.048	0.257572
109.093	0.248449
109.138	0.253564
109.182	0.253086
109.227	0.25414
109.271	0.254538
109.316	0.25124
109.361	0.255212
109.406	0.253069
109.45	0.257179
109.495	0.253242
109.539	0.257772
109.584	0.252068
109.629	0.258472
109.674	0.253406
109.718	0.259301
109.763	0.254331
109.808	0.256631
109.853	0.256387
109.897	0.257842
109.942	0.258728
109.988	0.251135
110.032	0.257123
110.077	0.256086
110.122	0.25512
110.166	0.262101
110.211	0.257109
110.255	0.261058
110.301	0.253625
110.345	0.263133
110.39	0.257444
110.435	0.260066
110.48	0.258072
110.525	0.25865
110.57	0.261286
110.615	0.26055
110.66	0.256683
110.704	0.261688
110.749	0.256081
110.794	0.255565
110.839	0.258568
110.884	0.257774
110.928	0.260872
110.973	0.259514
111.019	0.25596
111.064	0.260321
111.109	0.261931
111.154	0.259334
111.199	0.262819
111.244	0.263594
111.289	0.259557
111.334	0.259808
111.38	0.256104
111.424	0.263625
111.469	0.258953
111.514	0.257666
111.56	0.256276
111.605	0.257273
111.65	0.263892
111.695	0.260741
111.741	0.259123
111.786	0.263209
111.83	0.269425
111.875	0.263074
111.921	0.259347
111.966	0.260876
112.012	0.260699
112.057	0.260489
112.102	0.262015
112.147	0.259871
112.192	0.261394
112.237	0.260474
112.283	0.261204
112.328	0.264283
112.373	0.264606
112.418	0.269148
112.463	0.266638
112.509	0.262405
112.554	0.266746
112.599	0.263442
112.644	0.264534
112.689	0.266363
112.734	0.266123
112.78	0.261302
112.825	0.263738
112.87	0.265019
112.915	0.260004
112.961	0.261839
113.007	0.263248
113.052	0.269121
113.097	0.26648
113.143	0.265235
113.187	0.272267
113.233	0.26439
113.278	0.266986
113.323	0.265855
113.368	0.266256
113.414	0.266337
113.459	0.268975
113.504	0.267167
113.549	0.270795
113.595	0.264438
113.64	0.267531
113.686	0.266207
113.731	0.270549
113.776	0.266806
113.821	0.271305
113.867	0.269894
113.912	0.267923
113.957	0.272189
114.003	0.26616
114.048	0.270963
114.094	0.265033
114.139	0.270557
114.185	0.268186
114.231	0.265998
114.276	0.268031
114.321	0.269816
114.366	0.271571
114.412	0.269883
114.457	0.267463
114.503	0.265126
114.549	0.267882
114.594	0.268895
114.64	0.267242
114.685	0.272121
114.73	0.273234
114.777	0.264856
114.822	0.272188
114.868	0.269408
114.913	0.27115
114.958	0.275692
115.004	0.270842
115.049	0.2767
115.095	0.270429
115.141	0.272483
115.187	0.268333
115.231	0.274762
115.278	0.266633
115.323	0.272776
115.369	0.269093
115.414	0.27434
115.46	0.272078
115.505	0.272362
115.551	0.274203
115.597	0.275692
115.643	0.271698
115.688	0.279344
115.733	0.274649
115.779	0.272278
115.825	0.274159
115.871	0.269889
115.916	0.272278
115.962	0.275566
116.008	0.269064
116.053	0.277057
116.099	0.271408
116.145	0.275922
116.19	0.278461
116.236	0.277601
116.282	0.275673
116.328	0.275457
116.374	0.273344
116.419	0.275747
116.465	0.275859
116.511	0.273511
116.557	0.27465
116.602	0.276989
116.648	0.273798
116.693	0.275595
116.739	0.275299
116.785	0.276181
116.831	0.27392
116.877	0.277631
116.922	0.281546
116.968	0.277701
117.014	0.278192
117.059	0.279833
117.105	0.276031
117.151	0.280167
117.197	0.276741
117.243	0.278455
117.288	0.280721
117.334	0.277258
117.38	0.274987
117.426	0.278448
117.472	0.276436
117.518	0.274514
117.564	0.282494
117.609	0.282161
117.655	0.281118
117.702	0.277887
117.747	0.282793
117.793	0.280942
117.838	0.28532
117.884	0.278133
117.93	0.279036
117.976	0.28396
118.023	0.275729
118.067	0.28801
118.114	0.278307
118.159	0.284448
118.206	0.278764
118.251	0.283595
118.297	0.28235
118.343	0.284046
118.388	0.282785
118.434	0.284348
118.48	0.283502
118.526	0.282258
118.572	0.281022
118.618	0.283566
118.663	0.285052
118.71	0.282416
118.755	0.28306
118.801	0.287564
118.847	0.282062
118.892	0.287029
118.939	0.281245
118.985	0.280801
119.031	0.284958
119.077	0.282365
119.123	0.281895
119.169	0.283653
119.214	0.287757
119.26	0.283483
119.306	0.287539
119.352	0.283231
119.398	0.286332
119.443	0.288274
119.49	0.282416
119.537	0.282059
119.582	0.292228
119.628	0.284398
119.674	0.289851
119.721	0.283071
119.767	0.28701
119.812	0.289701
119.858	0.288238
119.904	0.283377
119.95	0.29138
119.996	0.286816
120.042	0.28943
120.088	0.290681
120.134	0.290987
120.18	0.287643
120.227	0.288894
120.274	0.288675
120.319	0.2938
120.366	0.291554
120.411	0.292577
120.458	0.290608
120.504	0.289577
120.55	0.291226
120.596	0.289148
120.642	0.290268
120.688	0.289802
120.735	0.289857
120.781	0.291325
120.827	0.291229
120.873	0.294366
120.92	0.291168
120.966	0.294806
121.012	0.295927
121.059	0.292247
121.105	0.290986
121.151	0.294072
121.197	0.296064
121.244	0.289994
121.29	0.290461
121.336	0.295753
121.383	0.289497
121.428	0.298708
121.475	0.294834
121.521	0.293388
121.568	0.293157
121.614	0.296296
121.661	0.292837
121.707	0.295224
121.753	0.296362
121.799	0.292445
121.846	0.292291
121.892	0.294019
121.938	0.296223
121.985	0.29247
122.031	0.291585
122.078	0.294817
122.124	0.294119
122.17	0.30194
122.216	0.295766
122.263	0.296436
122.309	0.296198
122.355	0.297941
122.402	0.297396
122.448	0.294246
122.495	0.294482
122.541	0.299875
122.587	0.29829
122.634	0.29376
122.68	0.303518
122.727	0.294579
122.773	0.296045
122.82	0.298632
122.866	0.301908
122.912	0.298955
122.958	0.302358
123.005	0.297058
123.051	0.300988
123.097	0.299364
123.144	0.299103
123.19	0.301225
123.237	0.298764
123.283	0.30123
123.329	0.305227
123.375	0.303092
123.422	0.298511
123.469	0.299126
123.515	0.301827
123.562	0.297336
123.608	0.302491
123.655	0.300142
123.701	0.302195
123.748	0.302657
123.794	0.301973
123.84	0.303337
123.887	0.301301
123.933	0.302931
123.98	0.305426
124.026	0.30289
124.072	0.304684
124.119	0.302842
124.165	0.304122
124.212	0.302669
124.258	0.306893
124.305	0.302984
124.351	0.302597
124.398	0.302924
124.444	0.303173
124.49	0.304964
124.537	0.30217
124.583	0.305842
124.63	0.308399
124.677	0.300351
124.723	0.308476
124.769	0.30856
124.816	0.30688
124.862	0.306984
124.909	0.307775
124.955	0.307137
125.002	0.307377
125.048	0.304588
125.095	0.303998
125.141	0.305717
125.188	0.305099
125.235	0.305097
125.281	0.308329
125.328	0.305931
125.374	0.306739
125.42	0.308122
125.468	0.30413
125.514	0.309838
125.561	0.308096
125.608	0.306945
125.654	0.312654
125.7	0.310434
125.747	0.307248
125.794	0.305976
125.841	0.305116
125.887	0.308786
125.934	0.304788
125.98	0.310222
126.027	0.307835
126.074	0.305719
126.12	0.30973
126.167	0.310201
126.214	0.309831
126.261	0.309682
126.308	0.309047
126.354	0.311768
126.4	0.312735
126.447	0.308263
126.494	0.310875
126.541	0.306536
126.588	0.308843
126.635	0.313893
126.681	0.312291
126.728	0.31061
126.775	0.316466
126.822	0.313063
126.869	0.311147
126.915	0.318018
126.962	0.312961
127.009	0.313168
127.055	0.317142
127.103	0.311982
127.15	0.311877
127.196	0.315099
127.243	0.311639
127.29	0.316205
127.337	0.310856
127.384	0.315253
127.43	0.318229
127.477	0.316446
127.524	0.314066
127.571	0.316447
127.618	0.314553
127.665	0.316023
127.712	0.317124
127.759	0.310141
127.805	0.320406
127.852	0.315651
127.899	0.316517
127.945	0.319149
127.993	0.308337
128.039	0.318561
128.086	0.316168
128.133	0.314164
128.18	0.317953
128.227	0.314461
128.273	0.318674
128.321	0.314066
128.368	0.314661
128.414	0.315723
128.461	0.316908
128.508	0.317802
128.555	0.309878
128.602	0.317038
128.649	0.315264
128.696	0.317232
128.742	0.319601
128.789	0.310547
128.836	0.317375
128.883	0.319238
128.93	0.315615
128.977	0.317582
129.024	0.316311
129.071	0.316946
129.118	0.317613
129.165	0.317227
129.212	0.314551
129.258	0.318868
129.305	0.321158
129.352	0.310457
129.399	0.319911
129.446	0.312545
129.493	0.315895
129.54	0.315977
129.587	0.316344
129.635	0.31362
129.681	0.319099
129.728	0.31656
129.775	0.319338
129.822	0.317899
129.869	0.316349
129.917	0.315263
129.963	0.319422
130.011	0.315871
130.057	0.320463
130.104	0.317937
130.151	0.321813
130.198	0.318184
130.246	0.316292
130.292	0.320308
130.34	0.314329
130.387	0.317303
130.434	0.320491
130.481	0.32118
130.528	0.319836
130.574	0.320599
130.622	0.315403
130.669	0.320381
130.716	0.316323
130.763	0.322269
130.81	0.31956
130.857	0.321548
130.905	0.319189
130.951	0.323828
130.999	0.319405
131.046	0.318716
131.093	0.317998
131.14	0.322238
131.187	0.320352
131.235	0.320102
131.281	0.324992
131.328	0.32214
131.376	0.320081
131.423	0.322928
131.47	0.322405
131.518	0.322924
131.564	0.328053
131.612	0.317392
131.659	0.325825
131.706	0.322806
131.753	0.319895
131.801	0.323354
131.847	0.329135
131.895	0.322282
131.942	0.323342
131.989	0.326855
132.036	0.328151
132.083	0.325364
132.131	0.325895
132.178	0.32375
132.225	0.329245
132.272	0.326993
132.319	0.326448
132.367	0.319825
132.414	0.327919
132.462	0.32229
132.509	0.325497
132.556	0.324719
132.603	0.329285
132.651	0.325522
132.698	0.331925
132.746	0.324608
132.792	0.337011
132.839	0.330551
132.887	0.328924
132.934	0.325825
132.982	0.329105
133.029	0.33126
133.076	0.32646
133.123	0.325851
133.17	0.331104
133.218	0.324816
133.265	0.326088
133.313	0.325893
133.36	0.331154
133.407	0.328502
133.455	0.33108
133.502	0.330292
133.549	0.332184
133.597	0.327712
133.644	0.327664
133.692	0.328498
133.739	0.330603
133.786	0.331554
133.834	0.325616
133.881	0.328374
133.928	0.332128
133.975	0.327196
134.023	0.330313
134.07	0.332076
134.118	0.328515
134.165	0.332105
134.212	0.335519
134.259	0.333765
134.307	0.329691
134.354	0.336875
134.402	0.331223
134.449	0.334147
134.496	0.331037
134.544	0.331526
134.591	0.333046
134.639	0.326427
134.686	0.337895
134.733	0.330859
134.781	0.334943
134.828	0.33378
134.876	0.338368
134.923	0.33443
134.971	0.336298
135.018	0.334121
135.065	0.340835
135.113	0.335031
135.16	0.333101
135.208	0.336061
135.255	0.335538
135.303	0.337014
135.35	0.337168
135.398	0.334774
135.445	0.340961
135.493	0.334596
135.539	0.34302
135.587	0.3367
135.635	0.336814
135.683	0.332711
135.731	0.337555
135.778	0.340908
135.826	0.336953
135.873	0.340633
135.92	0.340563
135.968	0.336772
136.015	0.344733
136.063	0.336604
136.11	0.343438
136.158	0.336045
136.205	0.342712
136.253	0.337356
136.3	0.340432
136.347	0.342181
136.395	0.339695
136.442	0.343845
136.489	0.338875
136.536	0.342815
136.584	0.343037
136.631	0.345281
136.679	0.335587
136.727	0.34064
136.773	0.348241
136.821	0.340993
136.868	0.343396
136.916	0.339334
136.963	0.343172
137.01	0.340925
137.058	0.341995
137.105	0.343743
137.153	0.339304
137.2	0.34657
137.247	0.341161
137.295	0.345345
137.342	0.346949
137.389	0.342315
137.437	0.347248
137.484	0.34755
137.531	0.341911
137.579	0.343669
137.627	0.338793
137.674	0.341481
137.721	0.346959
137.769	0.337036
137.816	0.34754
137.863	0.342095
137.911	0.345645
137.959	0.340663
138.006	0.346711
138.053	0.347818
138.1	0.354014
138.148	0.342473
138.195	0.350233
138.243	0.341049
138.29	0.348399
138.338	0.344162
138.385	0.346885
138.433	0.340764
138.48	0.346551
138.528	0.341654
138.575	0.345333
138.623	0.345199
138.67	0.348968
138.718	0.344136
138.766	0.347695
138.813	0.345376
138.861	0.345563
138.909	0.345901
138.955	0.351506
139.004	0.340914
139.051	0.34431
139.099	0.342024
139.146	0.34902
139.194	0.343396
139.241	0.349734
139.289	0.343971
139.336	0.348393
139.384	0.347083
139.432	0.348818
139.48	0.344453
139.527	0.350397
139.575	0.345253
139.622	0.352925
139.67	0.344088
139.718	0.345624
139.765	0.349782
139.813	0.344617
139.861	0.348237
139.908	0.347842
139.956	0.346631
140.004	0.348676
140.052	0.349569
140.099	0.350354
140.147	0.350891
140.194	0.349068
140.242	0.348633
140.29	0.352385
140.337	0.351226
140.385	0.344658
140.433	0.350469
140.481	0.350205
140.528	0.353444
140.576	0.346897
140.624	0.347701
140.672	0.354959
140.719	0.354203
140.767	0.350057
140.815	0.351439
140.862	0.357892
140.91	0.349197
140.957	0.358767
141.005	0.34848
141.052	0.357285
141.1	0.352273
141.148	0.35056
141.195	0.357262
141.243	0.351187
141.291	0.354176
141.338	0.352829
141.386	0.354813
141.434	0.352977
141.482	0.350236
141.53	0.350236
141.577	0.35437
141.625	0.355539
141.672	0.352415
141.719	0.357993
141.768	0.348685
141.816	0.35326
141.863	0.355851
141.911	0.354603
141.958	0.359356
142.006	0.357149
142.053	0.358585
142.101	0.354478
142.149	0.354356
142.197	0.356208
142.244	0.353431
142.292	0.356791
142.339	0.354263
142.387	0.353959
142.435	0.356308
142.483	0.356477
142.53	0.357008
142.577	0.362111
142.626	0.355811
142.673	0.361859
142.721	0.357749
142.768	0.358705
142.816	0.359564
142.863	0.359794
142.911	0.360414
142.959	0.35364
143.007	0.357816
143.054	0.360329
143.102	0.359746
143.15	0.356285
143.197	0.360626
143.245	0.358955
143.292	0.36064
143.341	0.354931
143.388	0.365374
143.435	0.360261
143.483	0.356135
143.531	0.360882
143.579	0.358207
143.627	0.357508
143.674	0.360181
143.721	0.364781
143.769	0.354873
143.817	0.358473
143.865	0.363508
143.912	0.361375
143.961	0.358141
144.008	0.367776
144.056	0.358726
144.104	0.362318
144.151	0.365513
144.198	0.369002
144.246	0.35811
144.294	0.360389
144.343	0.35675
144.39	0.364524
144.438	0.356487
144.486	0.363831
144.534	0.363904
144.582	0.3615
144.63	0.361284
144.678	0.364077
144.725	0.366817
144.773	0.364829
144.821	0.359719
144.869	0.365947
144.916	0.365611
144.965	0.361125
145.013	0.363094
145.06	0.366333
145.109	0.360279
145.156	0.368599
145.204	0.363979
145.252	0.364795
145.3	0.364325
145.348	0.365494
145.395	0.366261
145.443	0.366261
145.491	0.36168
145.54	0.360934
145.587	0.370671
145.635	0.363696
145.683	0.368465
145.73	0.369336
145.778	0.365763
145.827	0.36444
145.875	0.363828
145.922	0.373784
145.971	0.360176
146.018	0.373009
146.066	0.364938
146.113	0.371863
146.161	0.366947
146.209	0.367867
146.258	0.36622
146.305	0.371026
146.353	0.371103
146.401	0.370969
146.449	0.367616
146.496	0.374785
146.544	0.369285
146.593	0.367746
146.64	0.369814
146.688	0.370997
146.736	0.370093
146.784	0.36857
146.832	0.366432
146.879	0.377204
146.927	0.365378
146.974	0.375654
147.023	0.367475
147.07	0.377045
147.118	0.372909
147.166	0.371131
147.214	0.371588
147.262	0.368107
147.309	0.375144
147.357	0.369244
147.405	0.372319
147.453	0.374598
147.5	0.369612
147.548	0.37355
147.596	0.366071
147.644	0.377038
147.691	0.372489
147.74	0.370461
147.787	0.37733
147.835	0.375857
147.883	0.367433
147.931	0.375829
147.979	0.37376
148.027	0.371308
148.074	0.378257
148.122	0.376155
148.17	0.376263
148.218	0.371371
148.266	0.372373
148.313	0.377085
148.362	0.370229
148.409	0.379417
148.457	0.374028
148.505	0.379214
148.552	0.377424
148.6	0.376556
148.648	0.375991
148.696	0.375443
148.744	0.378673
148.792	0.377199
148.839	0.379845
148.888	0.372533
148.935	0.377045
148.983	0.371033
149.031	0.378195
149.079	0.376225
149.127	0.374021
149.174	0.380577
149.223	0.375168
149.271	0.376187
149.318	0.379567
149.366	0.377055
149.414	0.377952
149.462	0.381449
149.51	0.380505
149.558	0.378138
149.606	0.381734
149.654	0.381145
149.702	0.37728
149.75	0.380824
149.797	0.383819
149.845	0.381509
149.893	0.379026
149.941	0.384844
149.989	0.384308
150.037	0.378145
150.085	0.382467
150.133	0.382451
150.181	0.378136
150.229	0.3815
150.277	0.38143
150.325	0.386922
150.372	0.387229
150.42	0.380972
150.468	0.380662
150.517	0.378298
150.565	0.381904
150.613	0.379727
150.661	0.379645
150.708	0.388891
150.757	0.381562
150.805	0.375442
150.853	0.383522
150.901	0.386445
150.95	0.376989
150.998	0.382826
151.046	0.383958
151.094	0.384168
151.142	0.378375
151.19	0.383594
151.238	0.384261
151.286	0.379795
151.334	0.385983
151.382	0.387865
151.43	0.380528
151.479	0.380902
151.526	0.392895
151.574	0.38213
151.622	0.386676
151.67	0.384648
151.719	0.38443
151.766	0.391431
151.815	0.382724
151.862	0.388953
151.911	0.37948
151.959	0.386779
152.007	0.390293
152.055	0.384428
152.103	0.385535
152.151	0.389422
152.2	0.380972
152.247	0.391922
152.295	0.385935
152.344	0.383187
152.391	0.39581
152.439	0.386605
152.488	0.380727
152.536	0.390536
152.584	0.383351
152.632	0.385551
152.68	0.384239
152.728	0.385158
152.776	0.387954
152.824	0.383657
152.873	0.384531
152.921	0.389636
152.969	0.385655
153.017	0.38822
153.065	0.390647
153.113	0.388601
153.162	0.38763
153.209	0.394925
153.258	0.388155
153.306	0.391634
153.354	0.386116
153.401	0.396736
153.45	0.38592
153.499	0.383287
153.547	0.391101
153.594	0.394438
153.643	0.385246
153.692	0.388592
153.739	0.396766
153.787	0.38957
153.836	0.391665
153.884	0.390883
153.932	0.395662
153.98	0.389583
154.029	0.390855
154.077	0.390002
154.125	0.392848
154.172	0.396143
154.221	0.385926
154.27	0.390064
154.318	0.391212
154.366	0.390802
154.414	0.39473
154.462	0.389281
154.511	0.390715
154.559	0.39385
154.606	0.396185
154.655	0.390858
154.702	0.39977
154.75	0.393098
154.8	0.384092
154.847	0.399564
154.896	0.388064
154.943	0.398871
154.991	0.389842
155.039	0.395355
155.088	0.393283
155.136	0.396186
155.183	0.398398
155.231	0.396436
155.279	0.397683
155.327	0.396144
155.375	0.399432
155.423	0.39659
155.471	0.401766
155.52	0.390022
155.567	0.398489
155.616	0.396893
155.663	0.398961
155.712	0.39725
155.76	0.397064
155.808	0.396812
155.855	0.402361
155.904	0.39726
155.952	0.392316
156	0.39631
156.049	0.394788
156.096	0.404412
156.144	0.396433
156.192	0.40043
156.24	0.396098
156.287	0.401363
156.336	0.390701
156.384	0.397912
156.432	0.396602
156.479	0.407505
156.527	0.399616
156.575	0.399582
156.624	0.396232
156.672	0.399926
156.721	0.395453
156.768	0.402275
156.816	0.402599
156.865	0.390614
156.913	0.407091
156.961	0.397008
157.008	0.40566
157.057	0.394162
157.105	0.397543
157.153	0.399825
157.201	0.399355
157.249	0.400556
157.298	0.392047
157.346	0.401575
157.394	0.399678
157.442	0.395662
157.49	0.396242
157.539	0.398809
157.587	0.396185
157.635	0.40491
157.683	0.39861
157.73	0.405305
157.779	0.397369
157.827	0.398908
157.876	0.39708
157.924	0.401232
157.973	0.395243
158.02	0.40617
158.068	0.400436
158.117	0.396048
158.165	0.399436
158.213	0.403008
158.261	0.398867
158.309	0.403531
158.358	0.396145
158.405	0.409545
158.453	0.404343
158.502	0.398334
158.55	0.402227
158.599	0.402718
158.647	0.398154
158.695	0.402799
158.744	0.401409
158.792	0.403529
158.84	0.406218
158.888	0.399505
158.937	0.401568
158.985	0.400393
159.033	0.40831
159.081	0.402337
159.129	0.403567
159.177	0.407027
159.226	0.401972
159.274	0.40866
159.322	0.405668
159.37	0.398418
159.419	0.402558
159.466	0.414215
159.514	0.401853
159.563	0.402553
159.611	0.407732
159.659	0.401
159.707	0.408332
159.756	0.401174
159.804	0.408351
159.852	0.40856
159.9	0.407937
159.949	0.407931
159.997	0.405223
160.045	0.405061
160.094	0.405867
160.143	0.398551
160.191	0.411384
160.239	0.406862
160.287	0.40384
160.335	0.410368
160.384	0.406585
160.432	0.410635
160.48	0.408471
160.528	0.407257
160.577	0.40429
160.625	0.409961
160.673	0.407725
160.722	0.402665
160.77	0.411091
160.818	0.410338
160.866	0.41217
160.915	0.403822
160.963	0.411214
161.011	0.411619
161.06	0.404368
161.108	0.414578
161.156	0.415025
161.205	0.407221
161.253	0.407945
161.302	0.411142
161.349	0.414523
161.398	0.411177
161.446	0.409922
161.494	0.410776
161.543	0.407157
161.592	0.406392
161.639	0.414987
161.688	0.406808
161.736	0.416457
161.784	0.411196
161.833	0.408692
161.881	0.41209
161.93	0.411061
161.978	0.413953
162.026	0.41003
162.075	0.410962
162.123	0.416728
162.171	0.413725
162.22	0.407666
162.268	0.417883
162.317	0.409531
162.365	0.412738
162.413	0.416271
162.462	0.412603
162.51	0.410215
162.558	0.420812
162.607	0.41233
162.654	0.421861
162.703	0.414216
162.751	0.41602
162.799	0.417753
162.848	0.41205
162.897	0.416428
162.945	0.418167
162.993	0.418811
163.042	0.415836
163.09	0.414175
163.138	0.421309
163.187	0.415
163.235	0.420271
163.284	0.413124
163.332	0.422958
163.381	0.413249
163.429	0.418665
163.477	0.424314
163.525	0.422095
163.573	0.419273
163.622	0.417571
163.67	0.421445
163.718	0.42061
163.766	0.422641
163.815	0.420617
163.863	0.424701
163.911	0.419994
163.96	0.418962
164.008	0.423652
164.057	0.41733
164.105	0.422222
164.153	0.418964
164.201	0.427235
164.249	0.423307
164.298	0.418147
164.346	0.42525
164.395	0.420399
164.443	0.423555
164.491	0.425603
164.54	0.418845
164.588	0.426632
164.636	0.418695
164.685	0.42382
164.733	0.426568
164.781	0.419341
164.83	0.424442
164.878	0.424738
164.927	0.423939
164.975	0.425991
165.023	0.430387
165.071	0.421504
165.119	0.431375
165.169	0.415795
165.217	0.42509
165.265	0.427484
165.314	0.419246
165.362	0.431081
165.41	0.428342
165.458	0.424546
165.507	0.422319
165.555	0.429905
165.604	0.423857
165.652	0.427899
165.7	0.425406
165.748	0.430551
165.797	0.426201
165.845	0.426892
165.894	0.427636
165.943	0.422204
165.991	0.42521
166.04	0.426706
166.088	0.423069
166.137	0.426105
166.185	0.428265
166.233	0.428871
166.282	0.425255
166.331	0.42604
166.379	0.426462
166.428	0.431652
166.477	0.421136
166.525	0.433483
166.573	0.426501
166.622	0.425703
166.67	0.429258
166.719	0.427842
166.768	0.423167
166.816	0.430812
166.865	0.424769
166.913	0.432442
166.961	0.431365
167.011	0.42273
167.059	0.4307
167.107	0.434169
167.156	0.429526
167.205	0.425214
167.253	0.429534
167.301	0.431257
167.351	0.423534
167.399	0.429659
167.448	0.427595
167.496	0.427797
167.545	0.432554
167.593	0.432679
167.642	0.427793
167.69	0.434502
167.739	0.424988
167.788	0.431465
167.836	0.436377
167.885	0.427283
167.933	0.431266
167.982	0.430814
168.03	0.430732
168.079	0.431321
168.127	0.431613
168.176	0.433329
168.224	0.430753
168.274	0.423454
168.322	0.432061
168.37	0.441638
168.419	0.432875
168.468	0.422868
168.517	0.436153
168.565	0.434036
168.613	0.439262
168.662	0.426031
168.71	0.440816
168.759	0.429835
168.808	0.435216
168.856	0.436418
168.905	0.429988
168.953	0.435972
169.002	0.434104
169.05	0.436749
169.099	0.428908
169.148	0.440024
169.196	0.43766
169.245	0.431559
169.294	0.431838
169.342	0.441872
169.39	0.438747
169.439	0.434958
169.488	0.433244
169.537	0.438476
169.586	0.4333
169.634	0.442546
169.682	0.442187
169.731	0.436776
169.779	0.440967
169.828	0.435648
169.877	0.434869
169.925	0.439817
169.973	0.441268
170.022	0.439306
170.07	0.439021
170.119	0.442243
170.167	0.442313
170.216	0.437379
170.265	0.438346
170.313	0.444277
170.361	0.445203
170.41	0.439464
170.458	0.443388
170.507	0.443181
170.556	0.434415
170.604	0.440393
170.652	0.447859
170.7	0.439185
170.749	0.442127
170.798	0.439769
170.846	0.441994
170.894	0.446866
170.943	0.442034
170.992	0.438773
171.04	0.448018
171.088	0.44356
171.136	0.4453
171.185	0.446439
171.233	0.440727
171.282	0.438389
171.331	0.439027
171.379	0.445629
171.427	0.446032
171.476	0.437242
171.525	0.441977
171.573	0.441774
171.621	0.448763
171.67	0.443257
171.718	0.446126
171.767	0.440396
171.815	0.441757
171.864	0.4455
171.912	0.442756
171.96	0.445278
172.009	0.439692
172.058	0.44362
172.106	0.442006
172.155	0.442311
172.204	0.439076
172.253	0.441747
172.301	0.444679
172.349	0.448839
172.398	0.446139
172.446	0.443312
172.495	0.444698
172.544	0.438756
172.593	0.440546
172.642	0.441487
172.69	0.447822
172.738	0.449169
172.787	0.438619
172.836	0.443569
172.884	0.446839
172.933	0.439318
172.982	0.447765
173.03	0.443398
173.079	0.448886
173.127	0.445432
173.176	0.443347
173.225	0.443183
173.273	0.447711
173.322	0.445213
173.371	0.440134
173.42	0.444354
173.468	0.448229
173.517	0.444746
173.566	0.440954
173.614	0.445437
173.663	0.448457
173.712	0.441788
173.76	0.449444
173.809	0.443372
173.858	0.446008
173.906	0.448758
173.954	0.453365
174.003	0.444107
174.052	0.444978
174.101	0.445702
174.15	0.4485
174.199	0.443361
174.247	0.451353
174.296	0.446258
174.344	0.448015
174.393	0.446576
174.442	0.448298
174.49	0.453991
174.539	0.446999
174.589	0.442326
174.637	0.453988
174.686	0.445192
174.734	0.457901
174.783	0.448805
174.832	0.445404
174.88	0.451966
174.929	0.450374
174.978	0.448619
175.026	0.456817
175.075	0.444011
175.124	0.450154
175.173	0.454014
175.221	0.451883
175.27	0.450472
175.319	0.445841
175.368	0.452741
175.416	0.455099
175.466	0.444159
175.514	0.452278
175.563	0.449946
175.612	0.450058
175.661	0.445712
175.71	0.456071
175.759	0.450168
175.807	0.453961
175.857	0.447176
175.905	0.454091
175.954	0.45206
176.003	0.453945
176.052	0.449438
176.1	0.455319
176.149	0.450844
176.197	0.46528
176.246	0.449008
176.295	0.451683
176.344	0.454051
176.393	0.451925
176.442	0.456457
176.49	0.453896
176.539	0.452799
176.588	0.454164
176.637	0.453262
176.687	0.442483
176.735	0.460801
176.784	0.45361
176.833	0.456345
176.882	0.45084
176.93	0.462708
176.979	0.455312
177.028	0.454031
177.077	0.455769
177.127	0.45175
177.176	0.450274
177.224	0.459811
177.273	0.460835
177.322	0.45467
177.37	0.461682
177.419	0.457622
177.468	0.45855
177.516	0.456184
177.566	0.45478
177.614	0.465064
177.663	0.457842
177.712	0.453479
177.761	0.459184
177.81	0.460198
177.858	0.459419
177.907	0.456175
177.956	0.461068
178.005	0.458164
178.053	0.464294
178.102	0.458338
178.151	0.459573
178.2	0.457686
178.248	0.463571
178.297	0.459668
178.346	0.461006
178.395	0.462755
178.444	0.458332
178.493	0.456575
178.541	0.468279
178.59	0.461781
178.639	0.456562
178.688	0.461508
178.737	0.456957
178.786	0.463599
178.834	0.460232
178.883	0.459696
178.932	0.464367
178.981	0.461676
179.03	0.462687
179.078	0.466465
179.127	0.465772
179.176	0.462046
179.224	0.463076
179.273	0.467266
179.322	0.459464
179.371	0.464169
179.42	0.461869
179.468	0.464666
179.517	0.459956
179.566	0.464248
179.615	0.463313
179.663	0.472739
179.712	0.465824
179.761	0.460043
179.809	0.470446
179.859	0.461458
179.908	0.460413
179.956	0.467784
180.005	0.466836
180.054	0.465432
180.103	0.462672
180.152	0.466562
180.201	0.460025
180.25	0.464885
180.299	0.457805
180.348	0.470612
180.397	0.464575
180.445	0.466601
180.495	0.461104
180.543	0.472137
180.591	0.469775
180.64	0.467778
180.69	0.461669
180.738	0.470462
180.786	0.472177
180.836	0.460208
180.884	0.469307
180.934	0.462798
180.983	0.463822
181.032	0.468472
181.081	0.467745
181.13	0.467939
181.178	0.46864
181.227	0.474947
181.276	0.466491
181.325	0.465374
181.374	0.470152
181.423	0.465624
181.472	0.47174
181.521	0.470012
181.569	0.474311
181.618	0.468352
181.668	0.462963
181.717	0.469801
181.765	0.474594
181.814	0.470609
181.863	0.467219
181.912	0.473641
181.961	0.472921
182.01	0.471731
182.059	0.470194
182.107	0.477337
182.156	0.47616
182.205	0.472599
182.254	0.470936
182.303	0.477757
182.351	0.479802
182.401	0.476079
182.449	0.479625
182.498	0.479983
182.547	0.480238
182.596	0.47756
182.644	0.479889
182.693	0.478982
182.742	0.477698
182.791	0.4838
182.84	0.47314
182.889	0.478679
182.937	0.482121
182.986	0.477745
183.035	0.48202
183.084	0.479547
183.133	0.476118
183.181	0.476568
183.231	0.473978
183.279	0.484491
183.328	0.469982
183.377	0.480864
183.425	0.48169
183.474	0.475445
183.523	0.476972
183.571	0.482769
183.62	0.477955
183.669	0.475003
183.718	0.477383
183.766	0.48554
183.815	0.476121
183.864	0.474625
183.914	0.473579
183.962	0.481985
184.011	0.473115
184.06	0.479869
184.109	0.469304
184.157	0.48311
184.207	0.475545
184.255	0.478741
184.304	0.480844
184.352	0.482082
184.401	0.476978
184.45	0.480437
184.499	0.472925
184.548	0.478795
184.597	0.475993
184.646	0.475842
184.695	0.475059
184.743	0.483293
184.792	0.475398
184.841	0.479959
184.89	0.475389
184.939	0.476083
184.989	0.472122
185.037	0.482075
185.087	0.474585
185.135	0.478015
185.184	0.47821
185.233	0.479975
185.282	0.475032
185.331	0.480363
185.38	0.468747
185.429	0.48108
185.479	0.470378
185.527	0.485454
185.576	0.473449
185.625	0.480576
185.674	0.47694
185.722	0.483481
185.772	0.47524
185.82	0.479375
185.869	0.479871
185.918	0.478227
185.967	0.477698
186.016	0.475559
186.065	0.479519
186.115	0.470461
186.163	0.478842
186.212	0.478707
186.262	0.472156
186.311	0.479343
186.36	0.472265
186.409	0.479481
186.457	0.488845
186.507	0.474271
186.556	0.478081
186.604	0.4852
186.654	0.477501
186.702	0.481617
186.751	0.480415
186.801	0.475218
186.85	0.476965
186.899	0.481789
186.947	0.48251
186.996	0.480173
187.046	0.474599
187.095	0.481236
187.144	0.484597
187.193	0.485398
187.242	0.477942
187.291	0.484239
187.34	0.4798
187.388	0.49284
187.438	0.477044
187.486	0.489594
187.535	0.480042
187.585	0.47987
187.634	0.48235
187.683	0.480158
187.732	0.485442
187.781	0.484909
187.829	0.488928
187.879	0.478948
187.928	0.480759
187.977	0.488888
188.026	0.483892
188.075	0.48271
188.125	0.480918
188.174	0.483686
188.223	0.484033
188.272	0.485155
188.321	0.483679
188.371	0.476689
188.419	0.495034
188.468	0.48089
188.517	0.490078
188.567	0.480548
188.616	0.482892
188.665	0.489289
188.714	0.486029
188.764	0.481257
188.813	0.486027
188.862	0.487978
188.91	0.492436
188.959	0.482246
189.008	0.489411
189.057	0.485833
189.106	0.48744
189.156	0.481259
189.205	0.491648
189.254	0.485368
189.302	0.494114
189.352	0.482103
189.401	0.48609
189.45	0.496663
189.499	0.48156
189.548	0.488865
189.597	0.495351
189.646	0.484874
189.695	0.492471
189.744	0.491076
189.793	0.486292
189.841	0.499871
189.891	0.482354
189.94	0.49005
189.989	0.494369
190.038	0.488965
190.087	0.487443
190.135	0.504548
190.185	0.485363
190.233	0.499386
190.282	0.487417
190.331	0.493169
190.381	0.489239
190.43	0.487228
190.478	0.498901
190.527	0.490584
190.576	0.494871
190.625	0.495951
190.674	0.490836
190.723	0.490906
190.772	0.487198
190.821	0.492147
190.87	0.494069
190.919	0.497525
190.968	0.487533
191.017	0.496586
191.066	0.494334
191.115	0.493824
191.164	0.491248
191.213	0.495281
191.262	0.488653
191.311	0.496864
191.36	0.488344
191.409	0.490621
191.458	0.495678
191.507	0.494554
191.557	0.487504
191.605	0.502091
191.654	0.49285
191.703	0.493502
191.752	0.490998
191.801	0.496604
191.85	0.494942
191.899	0.501915
191.948	0.485559
191.998	0.490666
192.046	0.498411
192.095	0.495902
192.144	0.491477
192.193	0.495541
192.243	0.490838
192.292	0.496605
192.341	0.494361
192.39	0.494906
192.439	0.495742
192.488	0.497158
192.537	0.496142
192.585	0.50354
192.635	0.487774
192.683	0.500039
192.732	0.494411
192.783	0.48378
192.831	0.498478
192.88	0.498538
192.929	0.494208
192.979	0.490877
193.027	0.501567
193.076	0.49635
193.125	0.499289
193.174	0.497974
193.223	0.493435
193.272	0.503254
193.322	0.487391
193.371	0.494929
193.42	0.498124
193.468	0.502466
193.517	0.493919
193.566	0.498352
193.616	0.488409
193.664	0.503707
193.714	0.496165
193.762	0.499695
193.811	0.504738
193.861	0.491282
193.91	0.496478
193.959	0.499844
194.007	0.502577
194.056	0.500599
194.105	0.49506
194.155	0.495129
194.203	0.501608
194.252	0.500256
194.301	0.502489
194.351	0.486086
194.399	0.503622
194.449	0.49899
194.498	0.499248
194.546	0.50269
194.596	0.498894
194.645	0.500483
194.694	0.500971
194.743	0.497532
194.792	0.500179
194.841	0.496913
194.889	0.508497
194.939	0.493866
194.988	0.503135
195.037	0.497414
195.086	0.50087
195.135	0.500934
195.184	0.497755
195.233	0.500659
195.281	0.510283
195.33	0.502224
195.379	0.502001
195.429	0.493217
195.478	0.499583
195.527	0.505055
195.576	0.502284
195.625	0.501248
195.674	0.50743
195.723	0.500836
195.772	0.50364
195.821	0.49546
195.87	0.509163
195.92	0.494956
195.969	0.505568
196.018	0.501196
196.067	0.505104
196.115	0.506163
196.165	0.4981
196.214	0.503254
196.263	0.506732
196.312	0.505171
196.361	0.501759
196.41	0.504215
196.459	0.50231
196.508	0.501166
196.557	0.50725
196.607	0.496389
196.656	0.506879
196.705	0.502497
196.754	0.506553
196.802	0.510552
196.852	0.499137
196.9	0.514437
196.95	0.49557
196.999	0.502862
197.049	0.499832
197.098	0.503909
197.147	0.511725
197.196	0.50237
197.245	0.511094
197.294	0.500619
197.344	0.499754
197.393	0.505061
197.442	0.507064
197.491	0.508417
197.54	0.502048
197.589	0.504806
197.638	0.508822
197.687	0.507266
197.736	0.505648
197.785	0.506998
197.835	0.500138
197.884	0.509879
197.933	0.505519
197.982	0.507807
198.031	0.499486
198.08	0.506443
198.129	0.511585
198.178	0.504419
198.227	0.510256
198.276	0.505197
198.326	0.505806
198.375	0.508761
198.423	0.514608
198.472	0.508445
198.521	0.507699
198.57	0.509407
198.62	0.505059
198.669	0.509291
198.717	0.513378
198.767	0.501102
198.816	0.510893
198.864	0.514006
198.914	0.504796
198.963	0.513652
199.012	0.511288
199.061	0.502954
199.11	0.513915
199.159	0.510005
199.208	0.513725
199.257	0.506036
199.307	0.50523
199.356	0.512558
199.404	0.516193
199.454	0.504578
199.503	0.509598
199.552	0.5087
199.601	0.51307
199.65	0.509695
199.699	0.512416
199.748	0.517148
199.797	0.506962
199.847	0.511785
199.895	0.515753
199.945	0.50879
199.993	0.518376
200.042	0.512169
200.091	0.510484
200.141	0.50803
200.19	0.509657
200.239	0.511382
200.288	0.515494
200.337	0.512869
200.386	0.513471
200.436	0.51203
200.485	0.514054
200.534	0.511798
200.583	0.514607
200.632	0.512228
200.681	0.518209
200.73	0.513206
200.779	0.512189
200.829	0.511886
200.877	0.520381
200.927	0.508655
200.976	0.507343
201.025	0.519894
201.074	0.516492
201.123	0.515411
201.172	0.516639
201.221	0.515883
201.271	0.51405
201.32	0.516893
201.369	0.517185
201.417	0.519044
201.466	0.517179
201.515	0.518717
201.564	0.525143
201.613	0.511592
201.663	0.510829
201.712	0.512429
201.761	0.522189
201.81	0.518407
201.859	0.517655
201.907	0.522733
201.956	0.518743
202.005	0.519918
202.055	0.515338
202.103	0.519587
202.152	0.523523
202.201	0.515708
202.251	0.511432
202.299	0.5249
202.349	0.510549
202.397	0.524151
202.446	0.525608
202.495	0.510515
202.544	0.523959
202.593	0.518405
202.642	0.512675
202.691	0.523556
202.739	0.518362
202.789	0.513458
202.838	0.522422
202.886	0.522431
202.935	0.524368
202.985	0.507228
203.033	0.521407
203.082	0.528114
203.13	0.524112
203.179	0.518883
203.228	0.516653
203.277	0.514995
203.327	0.514672
203.375	0.523679
203.424	0.518591
203.474	0.514843
203.523	0.51931
203.571	0.524832
203.62	0.517452
203.669	0.520399
203.718	0.516001
203.766	0.529629
203.816	0.515997
203.865	0.51524
203.914	0.51714
203.963	0.520385
204.012	0.51786
204.06	0.527821
204.11	0.513692
204.16	0.512463
204.208	0.526466
204.257	0.529501
204.306	0.51603
204.355	0.525154
204.404	0.520592
204.453	0.526296
204.502	0.522953
204.551	0.523301
204.6	0.52426
204.649	0.519284
204.698	0.522879
204.747	0.521655
204.797	0.516516
204.845	0.524359
204.895	0.518716
204.943	0.532442
204.992	0.522332
205.041	0.525566
205.09	0.523891
205.139	0.520409
205.188	0.525762
205.237	0.523494
205.286	0.52387
205.336	0.518573
205.385	0.522419
205.433	0.526279
205.483	0.516513
205.532	0.528539
205.581	0.516645
205.63	0.531179
205.679	0.517139
205.728	0.523136
205.778	0.519698
205.826	0.532282
205.875	0.521834
205.925	0.523107
205.974	0.519809
206.022	0.531975
206.072	0.519423
206.121	0.521658
206.17	0.52357
206.218	0.532044
206.268	0.519866
206.317	0.522434
206.366	0.525528
206.415	0.52702
206.464	0.527416
206.513	0.521932
206.562	0.52648
206.611	0.52772
206.661	0.523253
206.709	0.529117
206.758	0.526911
206.808	0.525765
206.856	0.533284
206.905	0.524347
206.954	0.526328
207.004	0.522398
207.052	0.536369
207.101	0.528601
207.15	0.53035
207.198	0.536006
207.248	0.526397
207.297	0.528977
207.345	0.533416
207.394	0.529547
207.443	0.531999
207.492	0.532025
207.541	0.529121
207.59	0.53701
207.639	0.530506
207.688	0.527137
207.737	0.535635
207.786	0.533764
207.835	0.531648
207.884	0.52927
207.932	0.532303
207.981	0.5354
208.031	0.5237
208.079	0.542209
208.128	0.527798
208.177	0.532496
208.226	0.527193
208.275	0.53271
208.324	0.535119
208.372	0.541134
208.422	0.523714
208.471	0.529337
208.52	0.534962
208.568	0.538806
208.618	0.525873
208.667	0.531001
208.715	0.544554
208.764	0.525879
208.813	0.532118
208.862	0.535205
208.911	0.533031
208.96	0.537915
209.009	0.524844
209.058	0.536011
209.107	0.535334
209.156	0.530551
209.204	0.536732
209.254	0.529141
209.303	0.527051
209.351	0.5384
209.401	0.531702
209.45	0.531153
209.498	0.536812
209.547	0.533805
209.596	0.537729
209.645	0.535253
209.694	0.529253
209.744	0.529981
209.793	0.530841
209.841	0.537495
209.891	0.5291
209.94	0.531765
209.989	0.52624
210.038	0.531715
210.087	0.533183
210.136	0.53432
210.185	0.530925
210.234	0.536103
210.284	0.52671
210.333	0.537587
210.382	0.52988
210.431	0.537241
210.48	0.530607
210.529	0.538492
210.578	0.529828
210.627	0.534588
210.676	0.5345
210.725	0.53548
210.774	0.53008
210.823	0.535664
210.872	0.536189
210.921	0.534811
210.97	0.5306
211.019	0.536467
211.068	0.536817
211.117	0.537152
211.167	0.532287
211.215	0.54367
211.264	0.542179
211.313	0.531919
211.362	0.539355
211.411	0.542287
211.46	0.536286
211.509	0.538992
211.557	0.547722
211.607	0.53249
211.656	0.533324
211.705	0.54424
211.754	0.538693
211.803	0.543042
211.852	0.543199
211.9	0.547523
211.949	0.539081
211.999	0.537727
212.047	0.545279
212.096	0.552153
212.145	0.537798
212.194	0.540189
212.243	0.542269
212.292	0.540649
212.34	0.546908
212.39	0.538
212.439	0.538428
212.487	0.550153
212.537	0.53689
212.585	0.551117
212.634	0.543237
212.683	0.536014
212.732	0.539905
212.781	0.54596
212.83	0.540455
212.879	0.544882
212.928	0.545332
212.977	0.541327
213.026	0.540559
213.074	0.543497
213.124	0.540655
213.173	0.539097
213.221	0.545167
213.271	0.540405
213.32	0.541938
213.368	0.544065
213.418	0.536995
213.467	0.541152
213.515	0.547827
213.565	0.53648
213.614	0.540733
213.663	0.539243
213.711	0.553624
213.761	0.537508
213.81	0.539345
213.859	0.545987
213.908	0.541463
213.957	0.542239
214.006	0.54309
214.055	0.541639
214.104	0.545612
214.153	0.545473
214.201	0.545433
214.251	0.54114
214.3	0.539437
214.349	0.542744
214.398	0.541735
214.448	0.541388
214.497	0.542693
214.546	0.542583
214.594	0.544324
214.644	0.540951
214.692	0.547356
214.741	0.544828
214.791	0.536878
214.839	0.5494
214.889	0.533153
214.938	0.550678
214.987	0.545483
215.035	0.548168
215.085	0.538148
215.134	0.539637
215.183	0.545891
215.232	0.540866
215.281	0.541851
215.331	0.541112
215.38	0.538426
215.429	0.549657
215.478	0.54449
215.526	0.549017
215.576	0.535506
215.625	0.547272
215.674	0.551141
215.724	0.538012
215.772	0.551448
215.821	0.546054
215.871	0.542639
215.92	0.536478
215.969	0.556526
216.018	0.543554
216.067	0.548908
216.116	0.537244
216.165	0.548573
216.214	0.55377
216.263	0.545158
216.312	0.546871
216.362	0.540408
216.41	0.552983
216.46	0.540187
216.509	0.551425
216.558	0.542369
216.607	0.548976
216.656	0.553208
216.705	0.540637
216.754	0.551136
216.803	0.548704
216.852	0.543691
216.901	0.549308
216.951	0.542841
217	0.551544
217.049	0.548544
217.098	0.54847
217.147	0.551516
217.196	0.551899
217.245	0.546126
217.294	0.550243
217.343	0.556521
217.392	0.545743
217.441	0.550369
217.49	0.549472
217.54	0.545672
217.588	0.554829
217.638	0.54642
217.687	0.547129
217.735	0.564194
217.785	0.548189
217.835	0.548798
217.883	0.563111
217.932	0.560687
217.982	0.544314
218.03	0.559463
218.08	0.545882
218.129	0.558557
218.178	0.552148
218.227	0.552593
218.277	0.549788
218.325	0.560882
218.374	0.552438
218.423	0.558561
218.473	0.548971
218.522	0.548293
218.572	0.551942
218.621	0.554544
218.67	0.553332
218.719	0.557045
218.768	0.555108
218.817	0.548818
218.867	0.552334
218.915	0.564816
218.965	0.542072
219.014	0.552658
219.064	0.54958
219.113	0.553804
219.162	0.556964
219.211	0.55053
219.26	0.553904
219.31	0.547716
219.359	0.557491
219.408	0.550193
219.457	0.559269
219.506	0.549958
219.556	0.551658
219.605	0.555346
219.654	0.550457
219.703	0.549298
219.752	0.557452
219.803	0.540602
219.851	0.561562
219.901	0.547234
219.95	0.55713
219.998	0.558267
220.048	0.546591
220.097	0.557237
220.147	0.549732
220.196	0.552373
220.245	0.55733
220.294	0.554622
220.343	0.555703
220.392	0.556176
220.442	0.54954
220.491	0.555874
220.541	0.5538
220.59	0.556896
220.64	0.54824
220.688	0.561906
220.738	0.550286
220.787	0.562451
220.836	0.556076
220.885	0.559429
220.934	0.554068
220.983	0.558239
221.033	0.550907
221.082	0.557863
221.131	0.554427
221.181	0.550521
221.23	0.55718
221.28	0.558412
221.328	0.561937
221.377	0.563543
221.427	0.55266
221.476	0.562766
221.525	0.556771
221.574	0.556779
221.624	0.546759
221.673	0.560401
221.723	0.553989
221.772	0.557542
221.821	0.558312
221.87	0.564762
221.919	0.5584
221.968	0.554887
222.017	0.561961
222.067	0.555065
222.116	0.559128
222.165	0.565715
222.214	0.55802
222.264	0.554826
222.313	0.557343
222.363	0.55815
222.412	0.559219
222.461	0.559349
222.51	0.559449
222.559	0.554543
222.609	0.559627
222.658	0.555426
222.708	0.556428
222.757	0.560468
222.806	0.55704
222.856	0.555099
222.905	0.566449
222.955	0.554175
223.003	0.565725
223.053	0.55551
223.102	0.561883
223.151	0.562781
223.2	0.56025
223.249	0.564905
223.299	0.559008
223.349	0.54969
223.398	0.563309
223.447	0.561267
223.496	0.564208
223.546	0.557807
223.594	0.571028
223.643	0.566113
223.693	0.560238
223.742	0.559282
223.791	0.565736
223.84	0.568206
223.89	0.554074
223.939	0.570392
223.988	0.557682
224.037	0.568074
224.087	0.555913
224.135	0.56896
224.184	0.565801
224.234	0.557256
224.284	0.55888
224.332	0.572487
224.381	0.560061
224.43	0.563255
224.479	0.567333
224.528	0.564745
224.578	0.561038
224.627	0.562714
224.676	0.568838
224.726	0.557126
224.774	0.567063
224.824	0.561461
224.873	0.567609
224.921	0.56965
224.971	0.564116
225.02	0.560661
225.069	0.564818
225.118	0.569086
225.167	0.563975
225.216	0.560277
225.265	0.569275
225.315	0.559893
225.363	0.570213
225.413	0.560159
225.461	0.571751
225.511	0.557259
225.56	0.569986
225.61	0.555014
225.658	0.57717
225.707	0.565149
225.757	0.562935
225.805	0.568788
225.855	0.562733
225.904	0.564414
225.954	0.562886
226.003	0.572087
226.052	0.566186
226.101	0.568688
226.15	0.572085
226.2	0.555872
226.249	0.569837
226.298	0.561357
226.347	0.573266
226.397	0.559777
226.445	0.573948
226.494	0.565683
226.544	0.56651
226.594	0.558158
226.643	0.569445
226.692	0.56704
226.741	0.572608
226.791	0.559998
226.839	0.573198
226.889	0.561137
226.938	0.571704
226.988	0.562069
227.036	0.576101
227.086	0.564526
227.135	0.569789
227.184	0.564544
227.233	0.573397
227.282	0.573422
227.332	0.567853
227.381	0.566505
227.43	0.573575
227.48	0.563553
227.529	0.565892
227.579	0.57068
227.627	0.574206
227.677	0.56657
227.726	0.568112
227.776	0.561685
227.825	0.573349
227.874	0.56681
227.923	0.573485
227.972	0.56451
228.022	0.568602
228.071	0.571262
228.12	0.567303
228.169	0.568385
228.218	0.57285
228.268	0.565137
228.317	0.575944
228.366	0.56914
228.415	0.571989
228.464	0.574796
228.513	0.568161
228.563	0.562762
228.611	0.576177
228.661	0.564102
228.71	0.574033
228.759	0.569201
228.808	0.575877
228.857	0.569978
228.906	0.571704
228.956	0.568335
229.005	0.576502
229.054	0.564979
229.103	0.571166
229.153	0.568826
229.202	0.575525
229.25	0.574687
229.3	0.565954
229.35	0.566361
229.398	0.58345
229.448	0.56888
229.497	0.568947
229.546	0.578445
229.595	0.572177
229.644	0.572255
229.693	0.578861
229.743	0.565676
229.791	0.579691
229.841	0.573928
229.89	0.569528
229.939	0.570441
229.988	0.581097
230.037	0.571656
230.086	0.574952
230.136	0.5726
230.185	0.571763
230.234	0.579531
230.283	0.572663
230.332	0.569704
230.382	0.57401
230.431	0.571101
230.48	0.572412
230.529	0.576357
230.579	0.571515
230.628	0.573291
230.678	0.567947
230.727	0.576277
230.776	0.571637
230.825	0.576741
230.874	0.57637
230.923	0.575659
230.973	0.572332
231.022	0.575238
231.071	0.572337
231.12	0.582531
231.17	0.568497
231.219	0.580306
231.268	0.575661
231.317	0.580317
231.366	0.574495
231.415	0.578177
231.465	0.572995
231.514	0.574576
231.563	0.579778
231.612	0.585254
231.661	0.571935
231.711	0.576831
231.76	0.580084
231.81	0.5667
231.859	0.578162
231.908	0.576887
231.958	0.573645
232.007	0.587285
232.056	0.5774
232.105	0.580108
232.154	0.57829
232.204	0.569276
232.253	0.579155
232.302	0.575099
232.352	0.575757
232.4	0.584203
232.45	0.574482
232.5	0.570534
232.549	0.581799
232.598	0.576477
232.647	0.584469
232.695	0.585554
232.746	0.566045
232.794	0.589057
232.843	0.582775
232.893	0.569437
232.942	0.581339
232.99	0.58272
233.04	0.570523
233.089	0.583552
233.138	0.576861
233.188	0.571116
233.236	0.590855
233.285	0.578784
233.335	0.579911
233.383	0.582749
233.433	0.579146
233.482	0.578217
233.532	0.575845
233.581	0.576132
233.629	0.591685
233.679	0.575167
233.728	0.582634
233.777	0.579962
233.827	0.571021
233.876	0.583166
233.925	0.580589
233.973	0.589315
234.023	0.579036
234.072	0.583634
234.121	0.581038
234.17	0.585198
234.219	0.581404
234.268	0.586734
234.317	0.579597
234.366	0.580876
234.415	0.580328
234.464	0.579016
234.513	0.582818
234.562	0.583612
234.612	0.574473
234.661	0.5865
234.71	0.57894
234.759	0.587008
234.808	0.580241
234.858	0.578567
234.906	0.594732
234.956	0.576168
235.005	0.577417
235.054	0.585984
235.103	0.585005
235.152	0.58116
235.202	0.580408
235.25	0.589635
235.3	0.576532
235.349	0.588588
235.399	0.572367
235.449	0.580473
235.498	0.585298
235.547	0.585763
235.596	0.588533
235.645	0.5813
235.695	0.583665
235.745	0.57702
235.793	0.590125
235.843	0.581101
235.892	0.58623
235.942	0.571823
235.99	0.595603
236.04	0.579894
236.089	0.58531
236.139	0.580222
236.188	0.59001
236.237	0.58018
236.286	0.5873
236.336	0.58588
236.384	0.589556
236.434	0.576869
236.484	0.583508
236.533	0.579583
236.582	0.592319
236.631	0.584589
236.68	0.589281
236.73	0.580615
236.778	0.591367
236.828	0.578035
236.877	0.588818
236.927	0.582973
236.976	0.586208
237.025	0.584658
237.074	0.590665
237.124	0.582152
237.173	0.590067
237.222	0.584232
237.271	0.588426
237.32	0.589425
237.369	0.59155
237.419	0.587623
237.467	0.591154
237.517	0.58105
237.566	0.592977
237.615	0.588004
237.664	0.584978
237.713	0.589761
237.763	0.586966
237.812	0.585608
237.861	0.597754
237.91	0.58786
237.958	0.598625
238.008	0.591102
238.057	0.584657
238.107	0.587218
238.156	0.592135
238.205	0.589999
238.254	0.594473
238.303	0.582722
238.352	0.598097
238.401	0.584952
238.45	0.594793
238.5	0.583216
238.548	0.601748
238.598	0.584714
238.647	0.592563
238.696	0.593291
238.745	0.593643
238.794	0.588748
238.844	0.589163
238.893	0.591693
238.942	0.594307
238.991	0.5837
239.04	0.592122
239.089	0.589633
239.138	0.596355
239.187	0.591075
239.237	0.583792
239.285	0.593536
239.335	0.590177
239.384	0.58263
239.433	0.596533
239.482	0.587871
239.531	0.595602
239.58	0.589983
239.629	0.590336
239.679	0.58189
239.729	0.581654
239.778	0.589895
239.826	0.593801
239.875	0.590254
239.925	0.580207
239.974	0.589662
240.023	0.595608
240.072	0.587306
240.122	0.585943
240.17	0.594758
240.22	0.582842
240.269	0.591837
240.318	0.590092
240.367	0.588761
240.417	0.584213
240.466	0.583973
240.515	0.591052
240.564	0.586788
240.613	0.590851
240.663	0.586716
240.712	0.593822
240.761	0.585545
240.81	0.59555
240.859	0.593117
240.909	0.586694
240.957	0.59598
241.007	0.591221
241.056	0.58882
241.105	0.594077
241.154	0.60093
241.203	0.587834
241.252	0.591594
241.302	0.585557
241.351	0.590215
241.401	0.587376
241.449	0.597216
241.499	0.585966
241.547	0.601097
241.597	0.584238
241.646	0.597492
241.695	0.590255
241.744	0.594602
241.794	0.588677
241.843	0.590642
241.892	0.600373
241.941	0.595876
241.99	0.595421
242.039	0.591347
242.088	0.597861
242.138	0.592375
242.187	0.591717
242.235	0.606631
242.285	0.585419
242.334	0.600742
242.384	0.592658
242.433	0.597738
242.481	0.601916
242.531	0.594023
242.58	0.586808
242.629	0.606109
242.678	0.596599
242.727	0.602913
242.776	0.594586
242.825	0.594256
242.875	0.59391
242.924	0.599021
242.973	0.598457
243.022	0.597267
243.071	0.596189
243.12	0.607084
243.169	0.593969
243.218	0.603983
243.268	0.586138
243.316	0.603379
243.366	0.595553
243.414	0.603307
243.464	0.592996
243.513	0.590478
243.563	0.593439
243.612	0.595571
243.661	0.597977
243.71	0.595951
243.759	0.598857
243.808	0.599822
243.858	0.591959
243.907	0.598552
243.956	0.600172
244.005	0.602148
244.054	0.596086
244.104	0.592113
244.153	0.596749
244.202	0.604353
244.251	0.600027
244.301	0.588133
244.349	0.607765
244.399	0.59589
244.448	0.600282
244.497	0.594608
244.546	0.598135
244.596	0.59423
244.645	0.603648
244.694	0.595016
244.744	0.59776
244.792	0.603466
244.842	0.595973
244.891	0.596825
244.941	0.598369
244.99	0.596843
245.039	0.603873
245.089	0.590437
245.138	0.597326
245.187	0.603762
245.236	0.595824
245.286	0.600275
245.335	0.597951
245.384	0.609008
245.433	0.597917
245.483	0.594047
245.532	0.610416
245.581	0.600535
245.63	0.600003
245.68	0.604092
245.729	0.602883
245.778	0.599982
245.827	0.602583
245.876	0.605502
245.925	0.607253
245.974	0.601147
246.024	0.602109
246.073	0.599529
246.122	0.603539
246.171	0.601029
246.221	0.600279
246.27	0.610406
246.319	0.599889
246.368	0.60944
246.417	0.601902
246.466	0.60473
246.515	0.605027
246.565	0.598261
246.614	0.60302
246.663	0.602586
246.712	0.605824
246.761	0.60089
246.811	0.601116
246.859	0.609421
246.908	0.612011
246.958	0.597359
247.007	0.60294
247.056	0.605617
247.105	0.600544
247.155	0.599201
247.203	0.614125
247.252	0.602621
247.302	0.597379
247.351	0.605203
247.4	0.607898
247.45	0.595214
247.499	0.598951
247.548	0.610511
247.597	0.602501
247.646	0.605792
247.696	0.600801
247.745	0.605732
247.794	0.60072
247.843	0.608642
247.893	0.597588
247.942	0.606498
247.992	0.597741
248.04	0.613376
248.09	0.600053
248.139	0.603727
248.189	0.599655
248.238	0.605004
248.287	0.6096
248.336	0.600722
248.386	0.599796
248.435	0.604231
248.484	0.609543
248.533	0.604337
248.583	0.598812
248.632	0.610296
248.682	0.598309
248.73	0.617053
248.78	0.605107
248.829	0.607445
248.878	0.612088
248.928	0.599475
248.976	0.613745
249.026	0.602062
249.075	0.612656
249.124	0.606994
249.174	0.604131
249.223	0.610918
249.272	0.607331
249.321	0.613959
249.37	0.611192
249.419	0.613537
249.469	0.60294
249.518	0.61014
249.568	0.609351
249.617	0.606926
249.666	0.613655
249.716	0.605075
249.765	0.610492
249.814	0.610039
249.863	0.61146
249.912	0.607054
249.962	0.610791
250.01	0.620398
250.06	0.599558
250.109	0.616073
250.159	0.602613
250.207	0.619843
250.257	0.610201
250.306	0.609733
250.355	0.615203
250.404	0.605569
250.454	0.606633
250.502	0.622406
250.552	0.603864
250.601	0.607992
250.65	0.616416
250.699	0.609701
250.749	0.605139
250.798	0.611063
250.847	0.61658
250.897	0.605384
250.946	0.611772
250.995	0.609016
251.045	0.608111
251.094	0.612304
251.142	0.617093
251.192	0.603601
251.24	0.622854
251.291	0.598902
251.34	0.606596
251.39	0.608228
251.439	0.61474
251.488	0.612359
251.537	0.610919
251.586	0.611862
251.636	0.611274
251.685	0.608914
251.734	0.613743
251.784	0.609261
251.833	0.612434
251.883	0.607383
251.931	0.619683
251.981	0.611835
252.03	0.611452
252.079	0.620718
252.129	0.60222
252.178	0.618237
252.227	0.609508
252.276	0.61472
252.325	0.61693
252.375	0.613402
252.425	0.605782
252.474	0.615067
252.523	0.617092
252.572	0.610647
252.622	0.613099
252.671	0.612775
252.72	0.617721
252.769	0.611829
252.819	0.607319
252.868	0.609215
252.918	0.613374
252.966	0.621459
253.016	0.606527
253.065	0.619933
253.115	0.609077
253.163	0.619347
253.213	0.607749
253.262	0.617815
253.311	0.620482
253.361	0.605482
253.41	0.623711
253.459	0.612903
253.508	0.616863
253.557	0.613869
253.607	0.612786
253.656	0.616934
253.704	0.619929
253.754	0.61388
253.804	0.60747
253.853	0.614931
253.901	0.630923
253.95	0.611664
254	0.618379
254.049	0.61134
254.098	0.617456
254.148	0.612355
254.196	0.62423
254.245	0.619931
254.295	0.610118
254.344	0.614323
254.393	0.621853
254.442	0.616278
254.492	0.613148
254.541	0.613936
254.591	0.611709
254.64	0.625523
254.688	0.620508
254.738	0.616774
254.787	0.616955
254.836	0.619145
254.885	0.614749
254.934	0.623391
254.983	0.618541
255.033	0.607356
255.082	0.617184
255.132	0.614267
255.181	0.621364
255.23	0.62071
255.279	0.618827
255.328	0.617725
255.378	0.613994
255.426	0.623146
255.475	0.620717
255.525	0.617843
255.574	0.616897
255.624	0.608794
255.673	0.621014
255.722	0.615486
255.771	0.624156
255.821	0.612753
255.87	0.613295
255.919	0.623649
255.969	0.611667
256.018	0.614582
256.067	0.628663
256.116	0.617749
256.165	0.618027
256.214	0.618693
256.264	0.619966
256.313	0.621921
256.362	0.618757
256.411	0.617392
256.46	0.619019
256.51	0.610184
256.559	0.624813
256.609	0.611982
256.658	0.619185
256.707	0.630737
256.756	0.612229
256.806	0.617885
256.855	0.623691
256.904	0.615616
256.953	0.621883
257.002	0.626006
257.051	0.617536
257.101	0.618531
257.15	0.620507
257.199	0.621997
257.248	0.622843
257.297	0.617509
257.347	0.620645
257.396	0.624973
257.445	0.623197
257.493	0.623746
257.543	0.613713
257.592	0.622568
257.642	0.61445
257.691	0.625096
257.741	0.611885
257.79	0.621109
257.839	0.621486
257.888	0.624962
257.937	0.630019
257.986	0.62169
258.035	0.617331
258.084	0.629526
258.133	0.622354
258.183	0.609173
258.232	0.632527
258.281	0.623438
258.33	0.626242
258.38	0.609967
258.428	0.632557
258.477	0.623778
258.526	0.623594
258.576	0.616878
258.624	0.630693
258.674	0.617656
258.723	0.62514
258.772	0.627949
258.821	0.621985
258.871	0.621278
258.92	0.62658
258.969	0.618827
259.018	0.625718
259.067	0.622449
259.116	0.633767
259.166	0.612367
259.214	0.632233
259.264	0.612648
259.313	0.633197
259.363	0.615731
259.411	0.629789
259.461	0.61981
259.51	0.627117
259.559	0.618426
259.608	0.626417
259.657	0.621415
259.706	0.619462
259.756	0.620867
259.805	0.619674
259.854	0.621541
259.903	0.630527
259.952	0.624288
260.002	0.613012
260.051	0.623644
260.1	0.624414
260.149	0.625082
260.199	0.617598
260.248	0.630214
260.297	0.625859
260.346	0.619532
260.395	0.626972
260.444	0.623036
260.494	0.616039
260.543	0.624366
260.593	0.625016
260.642	0.620787
260.691	0.622549
260.74	0.630344
260.789	0.621884
260.839	0.62261
260.888	0.622777
260.938	0.6216
260.986	0.629943
261.036	0.619292
261.085	0.625381
261.135	0.623644
261.184	0.627954
261.233	0.632053
261.282	0.623997
261.331	0.634558
261.38	0.622539
261.429	0.632591
261.479	0.62046
261.528	0.631501
261.577	0.624914
261.627	0.622886
261.676	0.627389
261.724	0.635979
261.774	0.618546
261.823	0.632249
261.872	0.632831
261.921	0.634529
261.971	0.618227
262.019	0.634973
262.068	0.627981
262.117	0.628698
262.167	0.628438
262.215	0.630089
262.266	0.615294
262.314	0.634808
262.364	0.61964
262.413	0.629907
262.462	0.632896
262.511	0.628773
262.561	0.614062
262.61	0.641895
262.659	0.630659
262.708	0.629702
262.757	0.630336
262.806	0.624668
262.855	0.632757
262.904	0.629208
262.954	0.625088
263.003	0.628401
263.052	0.631805
263.101	0.626888
263.15	0.642247
263.199	0.621317
263.248	0.631969
263.298	0.628461
263.347	0.628156
263.396	0.630831
263.445	0.632197
263.494	0.634288
263.543	0.637609
263.592	0.631916
263.641	0.630601
263.69	0.634709
263.74	0.629282
263.789	0.634905
263.838	0.626639
263.888	0.625645
263.937	0.632576
263.986	0.632689
264.035	0.633354
264.085	0.624724
264.134	0.634338
264.183	0.629784
264.232	0.631649
264.281	0.63581
264.331	0.633318
264.38	0.627702
264.429	0.634886
264.479	0.625371
264.527	0.638876
264.577	0.62914
264.626	0.634871
264.676	0.623972
264.725	0.626848
264.774	0.641038
264.823	0.634315
264.872	0.634096
264.921	0.632719
264.97	0.631474
265.02	0.632678
265.069	0.627626
265.118	0.638938
265.167	0.629356
265.216	0.635602
265.266	0.630194
265.315	0.633632
265.364	0.6324
265.414	0.623755
265.462	0.647596
265.512	0.630675
265.56	0.640642
265.61	0.625338
265.659	0.644183
265.708	0.635276
265.758	0.625399
265.806	0.643793
265.855	0.634307
265.905	0.632931
265.954	0.635988
266.002	0.64214
266.052	0.634657
266.101	0.632301
266.15	0.630909
266.199	0.635695
266.249	0.630507
266.298	0.637082
266.347	0.636529
266.396	0.633655
266.445	0.6361
266.494	0.637735
266.544	0.630378
266.592	0.642004
266.642	0.62925
266.691	0.634256
266.74	0.643494
266.789	0.631515
266.838	0.638989
266.887	0.630742
266.936	0.636789
266.986	0.623707
267.035	0.643441
267.084	0.630862
267.133	0.639801
267.182	0.633894
267.232	0.63256
267.281	0.638362
267.33	0.634251
267.38	0.625907
267.428	0.644817
267.477	0.635569
267.527	0.625851
267.576	0.642175
267.625	0.638408
267.675	0.627026
267.724	0.639368
267.773	0.633241
267.822	0.634908
267.871	0.639229
267.921	0.629665
267.969	0.643103
268.019	0.636526
268.067	0.640227
268.117	0.634557
268.167	0.623943
268.216	0.643341
268.265	0.639375
268.314	0.638653
268.363	0.637984
268.412	0.633852
268.462	0.630623
268.511	0.640232
268.56	0.637602
268.609	0.634617
268.659	0.633879
268.708	0.640473
268.757	0.636529
268.807	0.633664
268.856	0.639597
268.905	0.639937
268.954	0.641593
269.004	0.631352
269.053	0.641017
269.102	0.639254
269.151	0.641647
269.2	0.631677
269.249	0.643107
269.299	0.634014
269.348	0.644209
269.398	0.629698
269.446	0.647
269.497	0.621862
269.546	0.637371
269.595	0.650721
269.644	0.636031
269.694	0.638228
269.742	0.643682
269.792	0.637754
269.841	0.636726
269.891	0.637983
269.94	0.643718
269.988	0.643497
270.038	0.635708
270.087	0.640001
270.137	0.637864
270.186	0.640774
270.235	0.641824
270.285	0.638808
270.334	0.641623
270.383	0.643396
270.433	0.634988
270.482	0.641052
270.532	0.63819
270.58	0.650796
270.63	0.63284
270.679	0.647828
270.729	0.631711
270.778	0.639019
270.828	0.636656
270.877	0.642569
270.926	0.646644
270.975	0.646094
271.025	0.637827
271.074	0.643722
271.123	0.641162
271.172	0.642428
271.222	0.637948
271.271	0.643417
271.321	0.642306
271.37	0.636413
271.419	0.646879
271.469	0.639137
271.519	0.631217
271.568	0.651871
271.617	0.642125
271.666	0.64394
271.716	0.637983
271.766	0.640327
271.814	0.652799
271.864	0.636927
271.913	0.642233
271.962	0.648617
272.012	0.639567
272.061	0.643477
272.111	0.643924
272.16	0.646665
272.21	0.634499
272.259	0.643914
272.309	0.637047
272.357	0.652255
272.407	0.64272
272.456	0.643267
272.505	0.647196
272.555	0.642383
272.605	0.632637
272.653	0.657902
272.703	0.634028
272.752	0.650916
272.802	0.639887
272.851	0.648335
272.901	0.637146
272.95	0.641393
272.999	0.64753
273.049	0.641222
273.098	0.648149
273.148	0.63594
273.197	0.650656
273.246	0.641894
273.295	0.652751
273.345	0.642133
273.394	0.640771
273.443	0.649694
273.493	0.647173
273.542	0.650182
273.591	0.643629
273.64	0.648693
273.689	0.652604
273.738	0.646054
273.788	0.636919
273.838	0.645477
273.887	0.649684
273.936	0.652152
273.986	0.639348
274.035	0.646665
274.083	0.658709
274.133	0.637324
274.182	0.652753
274.231	0.654883
274.28	0.650324
274.33	0.649727
274.379	0.646042
274.428	0.647324
274.477	0.654271
274.526	0.656475
274.576	0.641912
274.624	0.657459
274.674	0.648911
274.723	0.652804
274.771	0.65518
274.821	0.644054
274.871	0.641424
274.92	0.650506
274.969	0.649367
275.018	0.661025
275.067	0.641515
275.116	0.655874
275.166	0.640238
275.214	0.665695
275.264	0.641751
275.313	0.654732
275.363	0.644708
275.412	0.652501
275.46	0.65352
275.51	0.647494
275.56	0.643278
275.609	0.649834
275.657	0.655818
275.706	0.655711
275.756	0.642528
275.805	0.653675
275.854	0.65434
275.904	0.643811
275.953	0.654436
276.002	0.652503
276.051	0.648438
276.1	0.653711
276.15	0.645166
276.199	0.653561
276.248	0.648931
276.297	0.648558
276.346	0.650199
276.395	0.663634
276.444	0.646815
276.494	0.644688
276.543	0.652328
276.593	0.641584
276.642	0.649999
276.691	0.654778
276.74	0.659102
276.789	0.646556
276.839	0.650881
276.888	0.645971
276.937	0.654354
276.986	0.652768
277.036	0.639956
277.086	0.648177
277.135	0.650109
277.183	0.66232
277.233	0.645816
277.282	0.653048
277.332	0.646608
277.38	0.656628
277.43	0.644624
277.479	0.662351
277.528	0.651396
277.577	0.649741
277.626	0.66345
277.676	0.63977
277.725	0.652462
277.774	0.654929
277.824	0.649795
277.873	0.644379
277.922	0.659223
277.971	0.659993
278.02	0.65272
278.07	0.643803
278.118	0.658215
278.168	0.651936
278.217	0.650741
278.266	0.653434
278.315	0.654837
278.365	0.650528
278.413	0.664344
278.462	0.656427
278.511	0.655307
278.56	0.651672
278.61	0.65172
278.659	0.658063
278.708	0.648972
278.757	0.656946
278.806	0.65469
278.856	0.652511
278.905	0.654511
278.954	0.656993
279.003	0.66214
279.052	0.647799
279.101	0.657911
279.151	0.650568
279.2	0.652757
279.249	0.656907
279.298	0.658537
279.347	0.661156
279.396	0.650984
279.446	0.654326
279.495	0.659406
279.544	0.657986
279.593	0.648846
279.642	0.656642
279.692	0.653333
279.741	0.661482
279.79	0.654959
279.839	0.658781
279.888	0.656244
279.937	0.662698
279.986	0.657515
280.036	0.651015
280.086	0.651391
280.135	0.658913
280.183	0.660109
280.233	0.646672
280.282	0.660482
280.332	0.653866
280.381	0.654407
280.43	0.658402
280.479	0.659429
280.529	0.654898
280.578	0.654477
280.627	0.66336
280.676	0.659857
280.726	0.650055
280.775	0.65858
280.824	0.657701
280.873	0.655956
280.923	0.653081
280.971	0.662659
281.021	0.657494
281.071	0.644874
281.119	0.666319
281.168	0.657653
281.217	0.666403
281.267	0.65195
281.316	0.663749
281.365	0.650228
281.414	0.665714
281.463	0.655754
281.512	0.660974
281.561	0.664189
281.611	0.652142
281.66	0.665038
281.709	0.65186
281.758	0.663364
281.808	0.654305
281.857	0.658649
281.906	0.660419
281.955	0.66158
282.004	0.660932
282.053	0.667971
282.102	0.652495
282.152	0.659762
282.2	0.666231
282.25	0.656454
282.298	0.664975
282.348	0.652928
282.397	0.667556
282.446	0.657748
282.495	0.661271
282.544	0.66222
282.593	0.662268
282.642	0.666721
282.691	0.659093
282.741	0.658497
282.79	0.664021
282.839	0.662235
282.887	0.666471
282.937	0.656934
282.986	0.664281
283.035	0.66489
283.084	0.662079
283.133	0.660403
283.183	0.656664
283.232	0.65953
283.281	0.67257
283.33	0.664727
283.38	0.653641
283.429	0.663773
283.478	0.657927
283.527	0.66612
283.576	0.665474
283.626	0.660124
283.674	0.669994
283.724	0.658477
283.773	0.668308
283.822	0.665696
283.871	0.665016
283.92	0.662151
283.969	0.662382
284.018	0.665289
284.068	0.661007
284.117	0.664585
284.166	0.662367
284.215	0.662715
284.265	0.65833
284.314	0.670493
284.363	0.667387
284.413	0.659309
284.461	0.677662
284.51	0.663885
284.559	0.666231
284.61	0.653136
284.658	0.678623
284.708	0.656353
284.756	0.674166
284.806	0.666288
284.854	0.67667
284.904	0.657959
284.953	0.664998
285.002	0.664368