90.0256	0.227005
90.061	0.228966
90.0964	0.231641
90.1316	0.235341
90.1665	0.236737
90.2027	0.227491
90.2381	0.226922
90.2734	0.221366
90.3088	0.219069
90.3447	0.217079
90.3809	0.218905
90.416	0.228332
90.4514	0.228001
90.4875	0.22523
90.5239	0.224638
90.5598	0.230044
90.5955	0.232187
90.6312	0.2331
90.6676	0.230187
90.7029	0.236448
90.7398	0.225688
90.7754	0.232801
90.8115	0.229649
90.8483	0.22449
90.8845	0.225977
90.9204	0.224522
90.9569	0.221655
90.9931	0.22655
91.0299	0.225265
91.066	0.233511
91.1019	0.238424
91.1385	0.235917
91.1751	0.235161
91.2123	0.229133
91.2486	0.232563
91.2853	0.228052
91.3221	0.227605
91.359	0.227359
91.3961	0.22667
91.4321	0.233242
91.4689	0.227409
91.506	0.223348
91.5431	0.221402
91.5797	0.231489
91.6163	0.236895
91.6535	0.234668
91.6903	0.234712
91.728	0.226925
91.7646	0.231421
91.8022	0.226817
91.8397	0.227705
91.8765	0.231865
91.9142	0.227351
91.9512	0.23155
91.9887	0.229074
92.026	0.230502
92.0639	0.224511
92.1005	0.232218
92.1383	0.229087
92.1755	0.237389
92.2134	0.233823
92.2508	0.233834
92.2885	0.232472
92.326	0.233345
92.3638	0.23201
92.4016	0.231097
92.4395	0.231298
92.4773	0.231282
92.5143	0.236272
92.5523	0.22981
92.5906	0.224794
92.6286	0.223634
92.6667	0.226228
92.7042	0.233548
92.7429	0.229048
92.7806	0.235413
92.8185	0.233062
92.8566	0.232008
92.8949	0.230294
92.9332	0.229446
92.9709	0.233737
93.0092	0.230453
93.0476	0.23017
93.0858	0.231404
93.1243	0.227144
93.163	0.223704
93.2011	0.229153
93.2398	0.228244
93.2781	0.234199
93.3162	0.237256
93.3557	0.227741
93.3943	0.232974
93.433	0.232291
93.4711	0.236443
93.5101	0.231575
93.5486	0.236238
93.5878	0.232574
93.626	0.238892
93.6654	0.228209
93.7042	0.231592
93.7428	0.232961
93.7821	0.230862
93.8205	0.238659
93.8593	0.238859
93.8987	0.234066
93.9374	0.237509
93.9768	0.233359
94.0155	0.236323
94.0549	0.232877
94.094	0.235201
94.1333	0.233724
94.1725	0.234151
94.2118	0.232277
94.2513	0.229545
94.2904	0.233206
94.3296	0.235264
94.3686	0.240586
94.4079	0.240782
94.4471	0.241495
94.4866	0.238023
94.5263	0.236554
94.5654	0.240212
94.6047	0.238713
94.6444	0.23667
94.6837	0.238442
94.7232	0.234526
94.763	0.230952
94.8032	0.228249
94.8425	0.240341
94.8814	0.247777
94.9219	0.240816
94.961	0.248305
95.0011	0.239569
95.0404	0.241756
95.0806	0.235763
95.1196	0.243031
95.1594	0.238261
95.1999	0.235265
95.24	0.235325
95.2794	0.236624
95.319	0.234867
95.3588	0.23726
95.3989	0.240757
95.4389	0.243918
95.4787	0.243771
95.5184	0.241799
95.559	0.234669
95.5992	0.233763
95.639	0.231359
95.6798	0.223933
95.7197	0.226515
95.7597	0.22552
95.7994	0.230303
95.8399	0.229037
95.8801	0.237524
95.92	0.245375
95.9607	0.244931
96.0011	0.25099
96.0416	0.247981
96.0815	0.248811
96.1219	0.244399
96.1629	0.24038
96.203	0.245759
96.2435	0.244375
96.2837	0.245387
96.3246	0.238382
96.3644	0.244244
96.4055	0.237666
96.446	0.243179
96.4869	0.243726
96.5274	0.248187
96.5685	0.248261
96.6088	0.253302
96.6496	0.247428
96.6901	0.24723
96.7307	0.243831
96.771	0.245086
96.8115	0.243689
96.8526	0.240943
96.894	0.237257
96.9342	0.242861
96.9752	0.237993
97.0158	0.243027
97.0573	0.239025
97.0977	0.246362
97.1388	0.242931
97.1792	0.249221
97.2206	0.245478
97.2611	0.25076
97.3026	0.242361
97.3433	0.245497
97.3848	0.240027
97.4255	0.244654
97.4666	0.239123
97.5069	0.242324
97.548	0.23673
97.5897	0.235712
97.6311	0.240075
97.6723	0.243187
97.7132	0.246293
97.7548	0.243579
97.7957	0.249265
97.8372	0.247023
97.8779	0.253074
97.9199	0.244464
97.9607	0.251241
98.002	0.244564
98.0439	0.238128
98.0851	0.240594
98.1253	0.246473
98.1681	0.234727
98.2087	0.249466
98.2501	0.24692
98.2912	0.249655
98.3328	0.247024
98.3747	0.247392
98.4152	0.25845
98.4574	0.248435
98.4987	0.254031
98.54	0.252446
98.5812	0.251181
98.6237	0.243499
98.6648	0.25007
98.7062	0.243684
98.7478	0.239276
98.7891	0.242524
98.8309	0.242619
98.8725	0.246765
98.9142	0.247844
98.956	0.250754
98.9975	0.254652
99.0388	0.258241
99.0804	0.25772
99.1232	0.24793
99.1649	0.252371
99.2067	0.250274
99.2483	0.25006
99.2901	0.249243
99.332	0.248013
99.3735	0.248101
99.4158	0.239985
99.4576	0.242371
99.4995	0.244388
99.5415	0.247854
99.5839	0.250435
99.6256	0.255705
99.668	0.251344
99.7094	0.254887
99.7511	0.253172
99.7937	0.248032
99.8356	0.251246
99.8779	0.249333
99.9193	0.254996
99.962	0.247006
100.003	0.251974
100.046	0.244844
100.088	0.242702
100.13	0.248726
100.172	0.253769
100.214	0.252766
100.256	0.253742
100.298	0.253572
100.341	0.248401
100.383	0.248958
100.425	0.246568
100.468	0.244383
100.51	0.245005
100.552	0.242696
100.595	0.235204
100.636	0.241647
100.679	0.236458
100.722	0.240714
100.764	0.244272
100.807	0.250574
100.849	0.256392
100.891	0.258461
100.934	0.253546
100.976	0.255455
101.019	0.251279
101.061	0.25427
101.103	0.251401
101.146	0.247342
101.189	0.250988
101.231	0.250701
101.273	0.248818
101.316	0.248942
101.358	0.250313
101.401	0.248693
101.443	0.256538
101.487	0.253165
101.529	0.260987
101.572	0.257514
101.615	0.25863
101.657	0.259727
101.7	0.256246
101.742	0.255183
101.785	0.254601
101.827	0.251475
101.87	0.248498
101.913	0.252287
101.955	0.259206
101.998	0.254993
102.042	0.255375
102.084	0.260749
102.128	0.255915
102.17	0.262128
102.213	0.260723
102.256	0.259231
102.299	0.260436
102.342	0.264657
102.385	0.255869
102.428	0.256384
102.471	0.253927
102.514	0.254726
102.557	0.259689
102.6	0.256311
102.643	0.25877
102.686	0.257715
102.729	0.260623
102.772	0.258959
102.815	0.257853
102.858	0.258882
102.902	0.256768
102.945	0.258581
102.988	0.265134
103.031	0.259996
103.074	0.257916
103.117	0.255008
103.16	0.252855
103.204	0.255795
103.247	0.256509
103.29	0.259775
103.333	0.261108
103.376	0.258917
103.42	0.256511
103.463	0.259654
103.506	0.260042
103.55	0.260419
103.593	0.263153
103.636	0.265506
103.679	0.270543
103.723	0.260205
103.766	0.262888
103.809	0.261736
103.852	0.258168
103.895	0.266007
103.939	0.259972
103.982	0.264678
104.025	0.266382
104.069	0.265471
104.112	0.265507
104.155	0.266757
104.199	0.264593
104.242	0.267152
104.286	0.268168
104.329	0.267659
104.372	0.264133
104.416	0.26026
104.458	0.270051
104.502	0.262763
104.546	0.259887
104.59	0.267604
104.632	0.272966
104.676	0.269328
104.719	0.268694
104.763	0.270253
104.806	0.274546
104.85	0.269388
104.893	0.278503
104.937	0.272882
104.98	0.267663
105.024	0.268066
105.068	0.26548
105.112	0.264041
105.155	0.269088
105.198	0.270196
105.243	0.265095
105.286	0.273927
105.33	0.273867
105.373	0.27686
105.417	0.271945
105.461	0.277444
105.504	0.27881
105.549	0.271885
105.592	0.27538
105.637	0.267016
105.68	0.274858
105.724	0.26547
105.768	0.273333
105.812	0.275777
105.856	0.275172
105.899	0.279096
105.944	0.272798
105.987	0.276987
106.032	0.277946
106.075	0.284088
106.119	0.28392
106.163	0.280723
106.207	0.275586
106.251	0.274724
106.295	0.273515
106.339	0.276509
106.383	0.275703
106.427	0.280662
106.47	0.28027
106.515	0.277877
106.559	0.282837
106.603	0.283955
106.647	0.284604
106.691	0.284363
106.735	0.283726
106.779	0.284288
106.823	0.285049
106.867	0.279282
106.912	0.28229
106.956	0.285501
107	0.28656
107.044	0.286854
107.088	0.285183
107.133	0.28701
107.177	0.288064
107.22	0.290481
107.265	0.285553
107.309	0.289674
107.353	0.288862
107.398	0.285775
107.442	0.290106
107.485	0.288429
107.531	0.277611
107.574	0.293961
107.619	0.282255
107.664	0.285785
107.707	0.290029
107.752	0.28431
107.796	0.289607
107.841	0.280801
107.885	0.290716
107.929	0.291322
107.973	0.291313
108.017	0.284854
108.062	0.280352
108.106	0.285756
108.151	0.282199
108.195	0.288189
108.24	0.284534
108.285	0.283892
108.329	0.285087
108.373	0.285824
108.418	0.285498
108.463	0.283994
108.507	0.288873
108.551	0.286725
108.596	0.287552
108.64	0.290248
108.684	0.286638
108.729	0.280843
108.774	0.2816
108.818	0.287721
108.862	0.286286
108.907	0.283352
108.951	0.288438
108.996	0.284518
109.041	0.286062
109.085	0.285182
109.13	0.285794
109.175	0.286424
109.219	0.288547
109.263	0.289171
109.308	0.28564
109.353	0.279197
109.398	0.286259
109.442	0.285136
109.487	0.284582
109.532	0.283382
109.576	0.285105
109.621	0.287852
109.666	0.283161
109.71	0.28949
109.755	0.286618
109.799	0.286973
109.844	0.289844
109.889	0.284725
109.933	0.291565
109.978	0.286301
110.024	0.281046
110.068	0.289969
110.112	0.287958
110.158	0.28279
110.201	0.295948
110.247	0.284331
110.291	0.28984
110.336	0.286875
110.381	0.28992
110.426	0.286035
110.471	0.286467
110.516	0.284585
110.561	0.287636
110.605	0.287738
110.65	0.287902
110.695	0.287775
110.739	0.290897
110.784	0.288205
110.829	0.288603
110.874	0.288533
110.919	0.286985
110.964	0.287721
111.009	0.286445
111.054	0.286656
111.098	0.291603
111.144	0.287405
111.189	0.288662
111.233	0.292716
111.278	0.292585
111.324	0.290899
111.369	0.290295
111.414	0.288985
111.459	0.29164
111.504	0.287864
111.549	0.288649
111.595	0.284016
111.639	0.291772
111.685	0.285761
111.729	0.293296
111.775	0.287975
111.82	0.288464
111.865	0.29125
111.91	0.293478
111.955	0.290532
112.001	0.290464
112.045	0.291078
112.091	0.286785
112.136	0.291782
112.181	0.291822
112.226	0.290919
112.271	0.293614
112.317	0.288941
112.361	0.293068
112.406	0.294129
112.452	0.290914
112.497	0.292016
112.542	0.294839
112.587	0.296216
112.632	0.294465
112.678	0.290707
112.723	0.293269
112.768	0.287919
112.814	0.289016
112.859	0.289296
112.904	0.291278
112.949	0.291543
112.994	0.292299
113.039	0.287157
113.084	0.291035
113.13	0.290237
113.175	0.296412
113.22	0.301484
113.266	0.288749
113.311	0.291193
113.356	0.293947
113.401	0.294909
113.446	0.293272
113.492	0.290543
113.537	0.289897
113.583	0.294246
113.628	0.293243
113.673	0.289855
113.718	0.290352
113.763	0.291783
113.809	0.291216
113.854	0.299099
113.899	0.299439
113.945	0.291522
113.99	0.29693
114.036	0.290697
114.082	0.288218
114.126	0.297431
114.172	0.29041
114.217	0.291069
114.263	0.286447
114.308	0.290034
114.354	0.283715
114.399	0.292013
114.444	0.299044
114.49	0.294783
114.536	0.295982
114.581	0.298069
114.627	0.294856
114.672	0.296316
114.718	0.293513
114.763	0.293334
114.809	0.293802
114.854	0.295987
114.9	0.287728
114.945	0.29189
114.991	0.289624
115.037	0.289572
115.082	0.300995
115.127	0.300417
115.173	0.300226
115.218	0.300752
115.264	0.293008
115.31	0.296511
115.355	0.29687
115.401	0.294736
115.446	0.297333
115.492	0.295435
115.538	0.29143
115.583	0.29812
115.629	0.293714
115.674	0.293334
115.72	0.295781
115.766	0.292922
115.811	0.301778
115.856	0.30026
115.901	0.301037
115.947	0.295866
115.993	0.299284
116.038	0.299302
116.084	0.299091
116.13	0.298628
116.175	0.299421
116.22	0.303991
116.266	0.297757
116.312	0.302707
116.357	0.305316
116.403	0.296904
116.448	0.293239
116.494	0.293662
116.539	0.29656
116.585	0.291966
116.631	0.297819
116.676	0.299004
116.721	0.300422
116.767	0.297264
116.812	0.29981
116.858	0.299724
116.903	0.304085
116.949	0.302058
116.994	0.303562
117.04	0.297546
117.085	0.297841
117.131	0.293016
117.177	0.295812
117.223	0.299609
117.269	0.296472
117.314	0.302427
117.36	0.300797
117.406	0.302599
117.452	0.299777
117.498	0.301397
117.544	0.302381
117.589	0.306477
117.635	0.30326
117.68	0.309831
117.726	0.301144
117.772	0.2981
117.817	0.3032
117.863	0.302668
117.909	0.298739
117.954	0.303467
118	0.302428
118.046	0.297985
118.092	0.301163
118.138	0.301321
118.184	0.296052
118.23	0.300697
118.275	0.29631
118.322	0.292965
118.367	0.299474
118.412	0.304909
118.459	0.296163
118.505	0.296264
118.551	0.297934
118.597	0.304041
118.642	0.302512
118.688	0.300864
118.734	0.302851
118.78	0.301528
118.826	0.300067
118.872	0.299474
118.918	0.299998
118.964	0.294805
119.01	0.300251
119.056	0.300733
119.102	0.301881
119.148	0.301359
119.194	0.300468
119.24	0.300318
119.286	0.298757
119.332	0.297018
119.378	0.303699
119.424	0.299201
119.47	0.300018
119.516	0.297747
119.562	0.293002
119.608	0.295636
119.655	0.297101
119.7	0.304471
119.746	0.305515
119.792	0.303251
119.839	0.301794
119.885	0.303189
119.93	0.306163
119.976	0.305886
120.023	0.296902
120.069	0.303793
120.115	0.305029
120.161	0.298789
120.208	0.297935
120.254	0.301973
120.3	0.307517
120.346	0.306904
120.393	0.305697
120.439	0.309874
120.485	0.308126
120.531	0.307548
120.578	0.308512
120.624	0.307455
120.67	0.306116
120.716	0.306546
120.762	0.307805
120.809	0.302725
120.855	0.303961
120.901	0.298871
120.948	0.30559
120.994	0.30659
121.04	0.314245
121.086	0.308138
121.133	0.309575
121.179	0.310783
121.225	0.311929
121.271	0.311603
121.317	0.312461
121.364	0.312125
121.41	0.314706
121.456	0.313548
121.502	0.314307
121.548	0.305868
121.595	0.307468
121.641	0.31087
121.688	0.308197
121.734	0.311759
121.78	0.309013
121.826	0.314473
121.872	0.311004
121.918	0.315109
121.965	0.311317
122.011	0.316641
122.058	0.311878
122.103	0.317515
122.15	0.311206
122.196	0.314343
122.242	0.313646
122.288	0.313893
122.335	0.311943
122.381	0.313889
122.427	0.311381
122.473	0.312114
122.52	0.308552
122.566	0.311933
122.612	0.308596
122.659	0.308928
122.705	0.311969
122.751	0.311076
122.798	0.302914
122.844	0.310708
122.89	0.309633
122.936	0.315817
122.982	0.313772
123.029	0.31202
123.075	0.308686
123.121	0.314519
123.168	0.308352
123.215	0.306057
123.261	0.312862
123.307	0.306579
123.354	0.308641
123.401	0.306684
123.447	0.30985
123.493	0.306411
123.54	0.306833
123.587	0.310392
123.633	0.314916
123.679	0.313862
123.726	0.314019
123.772	0.311351
123.819	0.312305
123.865	0.308641
123.912	0.312085
123.959	0.310486
124.005	0.312777
124.052	0.307833
124.099	0.306762
124.144	0.314211
124.191	0.305069
124.238	0.313125
124.284	0.314713
124.331	0.312715
124.378	0.316147
124.425	0.316074
124.471	0.319563
124.517	0.313986
124.565	0.310745
124.611	0.312802
124.658	0.313192
124.704	0.310244
124.751	0.313081
124.798	0.309586
124.845	0.313716
124.891	0.318512
124.938	0.318238
124.984	0.326232
125.031	0.321045
125.078	0.319376
125.124	0.3179
125.171	0.316081
125.217	0.31455
125.264	0.311397
125.311	0.308068
125.358	0.308426
125.404	0.312989
125.451	0.309085
125.498	0.307017
125.545	0.31461
125.591	0.314644
125.638	0.317856
125.685	0.314255
125.732	0.316451
125.778	0.313638
125.825	0.309837
125.872	0.304153
125.919	0.306858
125.965	0.311819
126.012	0.301254
126.059	0.304993
126.106	0.306221
126.152	0.312826
126.199	0.311828
126.246	0.314001
126.293	0.320445
126.34	0.314129
126.387	0.31753
126.433	0.316156
126.48	0.312652
126.527	0.314916
126.573	0.312763
126.62	0.308839
126.667	0.310329
126.714	0.314078
126.76	0.312289
126.807	0.316757
126.854	0.315551
126.9	0.322795
126.947	0.317372
126.994	0.315554
127.041	0.315279
127.088	0.316763
127.134	0.318538
127.181	0.321876
127.227	0.315825
127.274	0.316407
127.321	0.310188
127.368	0.313634
127.415	0.317031
127.462	0.31914
127.509	0.320874
127.556	0.31857
127.603	0.31661
127.649	0.319517
127.696	0.320609
127.743	0.315391
127.789	0.318909
127.836	0.312672
127.883	0.309357
127.93	0.311146
127.977	0.312774
128.023	0.31306
128.07	0.311685
128.118	0.312614
128.164	0.321174
128.212	0.312861
128.258	0.322125
128.305	0.317896
128.352	0.315647
128.398	0.315068
128.445	0.312893
128.492	0.313434
128.539	0.304703
128.586	0.30634
128.633	0.311143
128.68	0.307455
128.726	0.309831
128.774	0.308755
128.82	0.311026
128.867	0.311955
128.914	0.315779
128.961	0.320743
129.008	0.317669
129.055	0.312534
129.102	0.310739
129.149	0.310014
129.196	0.309831
129.243	0.306442
129.29	0.312816
129.337	0.31555
129.384	0.309774
129.431	0.318094
129.478	0.312364
129.525	0.315947
129.572	0.313406
129.62	0.315
129.666	0.32168
129.714	0.30966
129.76	0.317573
129.808	0.305121
129.855	0.310333
129.902	0.308834
129.95	0.306853
129.996	0.315469
130.043	0.309835
130.09	0.310779
130.138	0.308897
130.184	0.317397
130.232	0.308197
130.279	0.314689
130.326	0.308996
130.373	0.309647
130.421	0.307953
130.468	0.306592
130.515	0.312931
130.562	0.309988
130.609	0.309841
130.657	0.309116
130.704	0.310815
130.751	0.310864
130.798	0.307953
130.845	0.310708
130.893	0.313785
130.94	0.311898
130.987	0.314958
131.034	0.314568
131.081	0.308721
131.129	0.311557
131.176	0.313361
131.223	0.314849
131.27	0.314467
131.317	0.313233
131.364	0.312055
131.412	0.31057
131.459	0.314795
131.506	0.310704
131.553	0.312424
131.601	0.310566
131.648	0.314571
131.695	0.316318
131.742	0.314466
131.789	0.315577
131.837	0.313008
131.884	0.315289
131.932	0.315527
131.979	0.316104
132.026	0.320352
132.073	0.318118
132.12	0.317873
132.168	0.316224
132.215	0.323371
132.262	0.318104
132.31	0.310398
132.357	0.315733
132.404	0.314676
132.451	0.313968
132.499	0.315874
132.546	0.314507
132.594	0.317667
132.641	0.319315
132.687	0.324561
132.735	0.320118
132.782	0.323603
132.829	0.327115
132.876	0.326369
132.924	0.322989
132.971	0.318877
133.018	0.321964
133.065	0.315708
133.112	0.323785
133.16	0.316685
133.206	0.32532
133.254	0.317867
133.301	0.323257
133.349	0.320775
133.396	0.323968
133.443	0.326296
133.49	0.328732
133.537	0.326508
133.584	0.325311
133.632	0.320443
133.679	0.320704
133.727	0.316233
133.773	0.326411
133.82	0.323584
133.867	0.324851
133.915	0.322527
133.962	0.324509
134.009	0.32991
134.057	0.320016
134.103	0.331514
134.151	0.326457
134.198	0.333737
134.245	0.329078
134.292	0.332164
134.339	0.32798
134.387	0.327416
134.434	0.32955
134.481	0.333573
134.528	0.336279
134.576	0.326602
134.623	0.334616
134.67	0.332796
134.717	0.335697
134.765	0.32949
134.812	0.33473
134.859	0.339031
134.906	0.34031
134.954	0.336902
135.001	0.341318
135.048	0.335481
135.095	0.339618
135.143	0.334229
135.19	0.340781
135.237	0.342842
135.285	0.335939
135.331	0.34639
135.379	0.337733
135.426	0.337036
135.473	0.34228
135.521	0.339839
135.569	0.339825
135.615	0.347054
135.663	0.333288
135.711	0.336379
135.758	0.340192
135.805	0.33931
135.852	0.338221
135.9	0.338282
135.947	0.340394
135.994	0.341992
136.041	0.34299
136.089	0.340745
136.136	0.34194
136.184	0.342322
136.231	0.343032
136.278	0.343604
136.326	0.33616
136.373	0.342454
136.42	0.338102
136.468	0.339358
136.515	0.339875
136.562	0.345541
136.61	0.338955
136.657	0.344318
136.705	0.339845
136.752	0.346425
136.799	0.344317
136.846	0.347382
136.894	0.341201
136.941	0.341794
136.989	0.338102
137.036	0.340119
137.083	0.336702
137.131	0.338722
137.179	0.339793
137.226	0.343718
137.273	0.344005
137.32	0.343332
137.367	0.342818
137.414	0.347042
137.462	0.343395
137.51	0.344665
137.557	0.343224
137.604	0.343232
137.651	0.341203
137.699	0.33923
137.746	0.336817
137.793	0.340144
137.841	0.336025
137.888	0.348267
137.935	0.342339
137.983	0.34205
138.03	0.350082
138.077	0.351046
138.125	0.34751
138.172	0.346998
138.22	0.345057
138.267	0.347583
138.315	0.338286
138.362	0.344578
138.409	0.340869
138.457	0.336343
138.504	0.343774
138.552	0.339905
138.599	0.343234
138.647	0.339117
138.694	0.342598
138.742	0.342062
138.789	0.346576
138.836	0.345637
138.884	0.345506
138.931	0.339019
138.979	0.341505
139.026	0.344398
139.073	0.338771
139.121	0.340236
139.169	0.342126
139.216	0.344037
139.264	0.341474
139.311	0.344605
139.358	0.348924
139.406	0.341932
139.453	0.350908
139.501	0.347255
139.548	0.347715
139.596	0.338777
139.643	0.339291
139.691	0.339735
139.739	0.339513
139.787	0.34208
139.834	0.343608
139.882	0.344884
139.929	0.344831
139.977	0.342032
140.024	0.349224
140.072	0.346372
140.119	0.344788
140.167	0.341567
140.215	0.343491
140.263	0.337097
140.31	0.343181
140.357	0.34071
140.405	0.338033
140.453	0.341159
140.5	0.343526
140.547	0.347688
140.595	0.345553
140.642	0.347248
140.691	0.341908
140.738	0.347094
140.786	0.348524
140.833	0.34423
140.881	0.343007
140.928	0.343325
140.976	0.340462
141.024	0.342939
141.071	0.347474
141.119	0.345631
141.167	0.3461
141.214	0.349925
141.262	0.340808
141.31	0.351393
141.357	0.354083
141.405	0.346042
141.454	0.344941
141.501	0.346853
141.548	0.348763
141.596	0.343744
141.644	0.343548
141.691	0.348698
141.739	0.34861
141.787	0.340039
141.835	0.34561
141.882	0.354298
141.93	0.34672
141.978	0.347692
142.025	0.352904
142.074	0.348843
142.121	0.349966
142.169	0.348633
142.217	0.346584
142.264	0.346419
142.312	0.345344
142.36	0.34911
142.407	0.34632
142.455	0.346853
142.502	0.35272
142.55	0.350372
142.598	0.347826
142.646	0.352204
142.693	0.359015
142.741	0.354807
142.789	0.347275
142.836	0.364125
142.884	0.350417
142.931	0.355487
142.979	0.352483
143.027	0.351752
143.075	0.34939
143.122	0.357564
143.17	0.35581
143.217	0.358826
143.265	0.357451
143.313	0.35144
143.36	0.36472
143.408	0.355397
143.455	0.362315
143.502	0.360332
143.55	0.354662
143.598	0.355897
143.645	0.357357
143.692	0.354746
143.74	0.357792
143.788	0.353917
143.836	0.355959
143.883	0.360601
143.931	0.362307
143.978	0.366716
144.026	0.35918
144.073	0.361119
144.121	0.362267
144.168	0.365879
144.216	0.360873
144.263	0.359763
144.31	0.359176
144.358	0.358875
144.406	0.357399
144.454	0.356883
144.501	0.362529
144.549	0.363012
144.596	0.362982
144.644	0.364064
144.691	0.362702
144.739	0.360464
144.787	0.359791
144.835	0.35164
144.882	0.361467
144.93	0.354602
144.978	0.355744
145.025	0.363542
145.073	0.362108
145.121	0.360139
145.168	0.367857
145.216	0.361433
145.264	0.361644
145.311	0.364829
145.359	0.366069
145.407	0.362814
145.454	0.368033
145.501	0.364426
145.549	0.359406
145.596	0.360788
145.645	0.354263
145.692	0.362032
145.74	0.356037
145.787	0.363574
145.836	0.357458
145.883	0.364536
145.931	0.362907
145.978	0.365705
146.026	0.360805
146.073	0.364286
146.121	0.358939
146.169	0.360634
146.217	0.360179
146.264	0.372221
146.312	0.362057
146.359	0.360889
146.407	0.365503
146.455	0.362881
146.502	0.375845
146.549	0.375246
146.598	0.362698
146.645	0.374025
146.692	0.367211
146.74	0.369447
146.788	0.364555
146.835	0.368954
146.883	0.363616
146.931	0.36396
146.978	0.367606
147.025	0.370185
147.073	0.36335
147.121	0.36351
147.168	0.373504
147.215	0.366284
147.263	0.364084
147.31	0.375059
147.358	0.364426
147.405	0.367354
147.453	0.365798
147.5	0.366663
147.548	0.367086
147.596	0.361891
147.643	0.366261
147.691	0.365507
147.738	0.369871
147.786	0.358458
147.833	0.370681
147.881	0.361973
147.929	0.365353
147.976	0.371073
148.024	0.367946
148.071	0.368963
148.119	0.36917
148.167	0.370481
148.214	0.374174
148.261	0.371685
148.309	0.372181
148.357	0.369757
148.404	0.369198
148.452	0.367245
148.5	0.372388
148.547	0.37834
148.594	0.374044
148.641	0.379295
148.689	0.370799
148.737	0.372309
148.785	0.373254
148.832	0.377298
148.88	0.36466
148.927	0.374925
148.975	0.372313
149.023	0.368686
149.07	0.367995
149.118	0.365573
149.165	0.378296
149.213	0.374734
149.261	0.369981
149.309	0.378883
149.357	0.372752
149.404	0.375259
149.452	0.375952
149.499	0.375479
149.547	0.378775
149.594	0.377063
149.642	0.376343
149.69	0.3725
149.738	0.371758
149.785	0.376073
149.833	0.376355
149.881	0.376865
149.928	0.379821
149.976	0.37346
150.024	0.375021
150.072	0.375005
150.119	0.378575
150.167	0.372135
150.214	0.378651
150.263	0.369524
150.31	0.378409
150.358	0.373474
150.405	0.37707
150.454	0.373225
150.502	0.375261
150.55	0.374818
150.597	0.381319
150.645	0.378177
150.693	0.37596
150.741	0.374978
150.789	0.37836
150.836	0.381639
150.884	0.373356
150.932	0.374716
150.98	0.372255
151.028	0.376698
151.076	0.374632
151.124	0.380495
151.172	0.372869
151.22	0.377665
151.267	0.383185
151.316	0.377307
151.364	0.382596
151.412	0.38015
151.46	0.383657
151.507	0.38403
151.556	0.373463
151.604	0.378599
151.652	0.381277
151.7	0.38701
151.748	0.381497
151.795	0.394094
151.844	0.384289
151.892	0.387569
151.94	0.385019
151.988	0.386804
152.036	0.385616
152.084	0.389018
152.132	0.380742
152.18	0.383961
152.228	0.383125
152.276	0.381426
152.324	0.387162
152.372	0.385146
152.42	0.389885
152.468	0.385446
152.516	0.385152
152.564	0.384699
152.612	0.383566
152.66	0.382095
152.708	0.379378
152.756	0.378636
152.804	0.382005
152.853	0.374935
152.901	0.385176
152.949	0.386579
152.997	0.379069
153.045	0.384288
153.093	0.386054
153.141	0.387199
153.19	0.385811
153.238	0.389319
153.286	0.391285
153.334	0.387258
153.382	0.38648
153.43	0.386178
153.478	0.386371
153.526	0.389901
153.574	0.386945
153.623	0.38498
153.671	0.393706
153.719	0.389323
153.767	0.393068
153.815	0.397856
153.864	0.391981
153.911	0.398333
153.96	0.393134
154.008	0.388366
154.056	0.390179
154.104	0.39311
154.152	0.397918
154.201	0.389644
154.249	0.391389
154.297	0.396484
154.345	0.394744
154.393	0.399855
154.441	0.394188
154.489	0.397663
154.538	0.392795
154.586	0.393452
154.635	0.390412
154.682	0.395803
154.73	0.393404
154.778	0.394669
154.827	0.391253
154.875	0.395995
154.923	0.391135
154.971	0.399331
155.019	0.391099
155.067	0.398648
155.115	0.399589
155.164	0.392384
155.212	0.39638
155.26	0.396726
155.309	0.392154
155.356	0.394477
155.404	0.39472
155.453	0.39193
155.501	0.39359
155.548	0.400231
155.597	0.391558
155.645	0.398945
155.693	0.399573
155.741	0.398786
155.789	0.405342
155.837	0.406435
155.885	0.400855
155.933	0.405611
155.982	0.391928
156.03	0.401804
156.079	0.392225
156.127	0.400668
156.175	0.39762
156.223	0.403754
156.272	0.393896
156.319	0.406465
156.367	0.399437
156.416	0.399119
156.463	0.40761
156.511	0.408977
156.56	0.404017
156.608	0.405134
156.656	0.40465
156.705	0.39945
156.753	0.403925
156.801	0.404356
156.85	0.396669
156.897	0.411211
156.946	0.400412
156.994	0.404708
157.042	0.402389
157.091	0.40353
157.139	0.404315
157.187	0.403569
157.235	0.40578
157.283	0.402141
157.331	0.395705
157.379	0.407423
157.428	0.390824
157.476	0.398272
157.524	0.399711
157.571	0.409832
157.62	0.399544
157.668	0.401652
157.717	0.406076
157.764	0.409498
157.813	0.406557
157.861	0.405396
157.909	0.410346
157.957	0.408857
158.005	0.403306
158.053	0.40599
158.101	0.403576
158.15	0.403096
158.197	0.408633
158.245	0.408849
158.294	0.405646
158.342	0.411157
158.39	0.4127
158.438	0.414543
158.485	0.417306
158.534	0.408393
158.582	0.416037
158.63	0.408682
158.678	0.417628
158.726	0.408807
158.774	0.410152
158.822	0.406199
158.871	0.406071
158.918	0.416041
158.966	0.411017
159.014	0.415443
159.062	0.415303
159.11	0.411038
159.159	0.409398
159.207	0.416312
159.255	0.412855
159.302	0.4155
159.35	0.413134
159.399	0.412753
159.447	0.407525
159.495	0.409652
159.542	0.414915
159.591	0.408685
159.638	0.416938
159.686	0.410697
159.734	0.415355
159.782	0.41507
159.831	0.41572
159.878	0.41784
159.926	0.417129
159.975	0.409687
160.023	0.411631
160.071	0.413828
160.119	0.41271
160.167	0.408787
160.216	0.408267
160.263	0.41687
160.311	0.412122
160.359	0.412709
160.407	0.415895
160.455	0.415418
160.503	0.418894
160.551	0.417762
160.599	0.414483
160.646	0.4253
160.695	0.411452
160.743	0.408158
160.791	0.414976
160.839	0.414981
160.887	0.41176
160.935	0.409443
160.983	0.419173
161.031	0.413954
161.079	0.414931
161.127	0.418544
161.175	0.418191
161.223	0.415892
161.272	0.411781
161.319	0.419921
161.367	0.417076
161.415	0.415696
161.463	0.411335
161.511	0.41557
161.559	0.412031
161.606	0.418769
161.655	0.406493
161.703	0.415644
161.751	0.418207
161.799	0.41863
161.847	0.418203
161.894	0.426774
161.942	0.41766
161.99	0.41586
162.038	0.417192
162.087	0.415661
162.134	0.418535
162.182	0.416012
162.23	0.414858
162.278	0.413161
162.327	0.414749
162.374	0.421808
162.422	0.415311
162.47	0.417895
162.518	0.417713
162.567	0.414857
162.614	0.42287
162.662	0.418677
162.71	0.410888
162.759	0.410867
162.806	0.419886
162.855	0.405475
162.903	0.41637
162.951	0.411382
162.999	0.413242
163.047	0.413945
163.096	0.414984
163.143	0.428184
163.191	0.421931
163.239	0.413379
163.287	0.41556
163.335	0.418073
163.383	0.415855
163.432	0.411844
163.48	0.415315
163.528	0.413999
163.576	0.417012
163.625	0.408599
163.672	0.418746
163.72	0.42175
163.769	0.417139
163.817	0.41687
163.865	0.426143
163.913	0.420994
163.961	0.421492
164.009	0.419437
164.058	0.422797
164.105	0.423819
164.153	0.420093
164.202	0.420518
164.249	0.421564
164.298	0.411583
164.346	0.417158
164.394	0.423803
164.442	0.420529
164.49	0.424617
164.539	0.41826
164.587	0.425706
164.634	0.425328
164.683	0.41766
164.731	0.430432
164.779	0.424367
164.827	0.422715
164.875	0.43184
164.923	0.425845
164.97	0.438327
165.018	0.427149
165.067	0.420993
165.115	0.430664
165.163	0.428588
165.211	0.433518
165.258	0.432604
165.307	0.429495
165.355	0.430965
165.403	0.434862
165.451	0.433369
165.499	0.43283
165.546	0.43832
165.594	0.434137
165.642	0.435553
165.69	0.438696
165.738	0.438786
165.786	0.428329
165.834	0.433009
165.882	0.426279
165.93	0.437468
165.978	0.430366
166.026	0.437217
166.074	0.437755
166.122	0.436653
166.17	0.435385
166.218	0.430894
166.266	0.439781
166.314	0.43454
166.362	0.435738
166.41	0.443969
166.459	0.429736
166.506	0.444116
166.555	0.427726
166.602	0.435944
166.65	0.438198
166.698	0.439987
166.746	0.435195
166.794	0.438664
166.842	0.440589
166.89	0.441928
166.938	0.440366
166.986	0.437876
167.034	0.442819
167.082	0.43709
167.13	0.438568
167.178	0.433374
167.226	0.437919
167.274	0.435958
167.321	0.442568
167.37	0.432036
167.419	0.438607
167.466	0.441851
167.515	0.434962
167.563	0.437337
167.611	0.442712
167.659	0.43879
167.708	0.435715
167.756	0.437902
167.803	0.441345
167.851	0.43531
167.9	0.430907
167.948	0.436814
167.996	0.435464
168.044	0.436274
168.092	0.435452
168.141	0.435488
168.188	0.440287
168.237	0.436753
168.285	0.444146
168.333	0.443901
168.381	0.431597
168.43	0.435323
168.478	0.432702
168.527	0.429565
168.574	0.445957
168.623	0.429188
168.671	0.438202
168.72	0.438068
168.767	0.442319
168.816	0.434222
168.864	0.43722
168.912	0.437597
168.96	0.440888
169.009	0.43424
169.058	0.430737
169.106	0.439
169.154	0.43841
169.203	0.432788
169.251	0.44222
169.299	0.437885
169.348	0.438653
169.396	0.440004
169.444	0.441898
169.492	0.439978
169.54	0.441445
169.589	0.440693
169.637	0.442522
169.686	0.431293
169.735	0.443083
169.783	0.440664
169.831	0.4415
169.88	0.440269
169.928	0.437792
169.976	0.443763
170.025	0.436248
170.074	0.439959
170.121	0.451581
170.17	0.438227
170.219	0.443541
170.267	0.444227
170.316	0.445825
170.364	0.443222
170.412	0.449632
170.461	0.436517
170.51	0.435187
170.558	0.449382
170.607	0.436127
170.655	0.445191
170.704	0.441444
170.752	0.446045
170.8	0.444847
170.849	0.445709
170.897	0.449947
170.945	0.454617
170.993	0.448445
171.042	0.443375
171.09	0.449313
171.138	0.446355
171.187	0.439984
171.236	0.447385
171.284	0.447513
171.333	0.445319
171.381	0.447874
171.429	0.447302
171.478	0.445567
171.526	0.449902
171.575	0.444499
171.624	0.450206
171.672	0.449422
171.719	0.452211
171.768	0.441418
171.817	0.442143
171.865	0.447751
171.914	0.446642
171.962	0.451081
172.011	0.440277
172.059	0.446505
172.107	0.449584
172.156	0.446492
172.205	0.443731
172.253	0.449595
172.302	0.443558
172.351	0.44072
172.399	0.445239
172.448	0.44345
172.497	0.445681
172.545	0.446444
172.594	0.444125
172.642	0.449836
172.691	0.447434
172.739	0.450181
172.788	0.441365
172.836	0.452493
172.885	0.44322
172.933	0.446219
172.982	0.448924
173.031	0.444096
173.079	0.452186
173.128	0.446596
173.177	0.447461
173.225	0.451305
173.274	0.451109
173.323	0.447772
173.371	0.456245
173.42	0.442932
173.468	0.451986
173.517	0.440833
173.566	0.44533
173.615	0.44455
173.663	0.452925
173.712	0.446517
173.761	0.446227
173.809	0.448881
173.858	0.445086
173.906	0.448783
173.956	0.438798
174.004	0.452771
174.053	0.444195
174.101	0.445015
174.149	0.453949
174.198	0.448139
174.247	0.448952
174.295	0.451216
174.344	0.450747
174.393	0.451596
174.442	0.451028
174.49	0.45617
174.539	0.4524
174.587	0.454797
174.637	0.447325
174.685	0.453461
174.734	0.452297
174.782	0.454716
174.83	0.457706
174.879	0.448305
174.928	0.448919
174.977	0.445691
175.025	0.46011
175.074	0.453731
175.123	0.45145
175.172	0.459735
175.22	0.458837
175.268	0.456787
175.318	0.45217
175.366	0.460776
175.414	0.456216
175.463	0.453084
175.513	0.450228
175.561	0.463166
175.609	0.454603
175.658	0.457959
175.707	0.458504
175.756	0.457657
175.804	0.46491
175.853	0.462331
175.901	0.458695
175.949	0.472011
175.998	0.462153
176.047	0.4658
176.095	0.465417
176.144	0.467041
176.192	0.466189
176.24	0.473278
176.289	0.464709
176.338	0.467056
176.386	0.467867
176.434	0.469387
176.483	0.467446
176.532	0.466356
176.58	0.474104
176.628	0.475608
176.677	0.463935
176.725	0.473468
176.774	0.464546
176.822	0.475536
176.871	0.475911
176.919	0.475589
176.967	0.478501
177.016	0.478904
177.064	0.472885
177.113	0.469089
177.161	0.474886
177.209	0.475102
177.258	0.473389
177.306	0.473615
177.355	0.469919
177.402	0.479328
177.451	0.472377
177.499	0.475761
177.547	0.479716
177.596	0.477345
177.644	0.4819
177.693	0.471046
177.741	0.481218
177.79	0.47105
177.838	0.472462
177.886	0.482426
177.934	0.47941
177.983	0.470359
178.032	0.469838
178.079	0.481438
178.127	0.478095
178.175	0.482967
178.224	0.469887
178.272	0.479419
178.321	0.476795
178.369	0.477425
178.417	0.480868
178.465	0.476927
178.514	0.47843
178.563	0.470703
178.611	0.475951
178.659	0.482105
178.707	0.475139
178.755	0.481276
178.805	0.472113
178.852	0.48452
178.901	0.483359
178.95	0.475135
178.997	0.48621
179.046	0.477749
179.094	0.480794
179.143	0.477487
179.191	0.480111
179.24	0.476168
179.288	0.483658
179.336	0.477927
179.384	0.481103
179.433	0.48128
179.481	0.483757
179.53	0.4816
179.578	0.482534
179.627	0.482344
179.675	0.488884
179.723	0.483422
179.772	0.478327
179.82	0.484644
179.869	0.481271
179.917	0.485159
179.965	0.487357
180.014	0.4782
180.063	0.480448
180.111	0.477587
180.159	0.484431
180.208	0.482184
180.256	0.48211
180.305	0.484989
180.353	0.480968
180.402	0.481598
180.45	0.48647
180.499	0.478218
180.547	0.480763
180.596	0.48258
180.644	0.478854
180.693	0.47548
180.741	0.482549
180.79	0.478982
180.839	0.470871
180.887	0.487587
180.935	0.484204
180.985	0.476674
181.033	0.49155
181.081	0.479559
181.129	0.488644
181.178	0.477535
181.227	0.483144
181.275	0.482133
181.324	0.478882
181.373	0.478845
181.421	0.477192
181.47	0.480681
181.519	0.480498
181.567	0.483667
181.615	0.485163
181.665	0.475905
181.713	0.480722
181.762	0.481305
181.81	0.487326
181.86	0.476376
181.908	0.479844
181.957	0.480432
182.006	0.477807
182.055	0.480708
182.104	0.476319
182.152	0.482106
182.2	0.490607
182.249	0.483015
182.298	0.481958
182.346	0.489009
182.395	0.481501
182.444	0.48314
182.493	0.479508
182.542	0.477149
182.591	0.479404
182.64	0.476587
182.688	0.48139
182.737	0.484045
182.786	0.480837
182.834	0.492046
182.884	0.480223
182.932	0.489587
182.981	0.4828
183.03	0.480189
183.078	0.490982
183.127	0.481958
183.176	0.482014
183.225	0.475884
183.273	0.483551
183.322	0.480998
183.371	0.483652
183.42	0.48173
183.469	0.4864
183.518	0.483705
183.566	0.490323
183.615	0.479106
183.664	0.483733
183.713	0.484493
183.761	0.48871
183.81	0.480589
183.859	0.481282
183.908	0.48571
183.958	0.473583
184.006	0.490804
184.055	0.487084
184.104	0.481893
184.152	0.491466
184.201	0.486779
184.25	0.486156
184.299	0.487579
184.347	0.49199
184.396	0.484765
184.446	0.483226
184.494	0.486542
184.543	0.480483
184.592	0.486682
184.642	0.473809
184.691	0.486382
184.74	0.482359
184.789	0.483568
184.838	0.488156
184.886	0.488495
184.935	0.494112
184.984	0.485092
185.033	0.485397
185.081	0.493597
185.13	0.489121
185.18	0.47679
185.229	0.485788
185.277	0.488742
185.326	0.483987
185.375	0.488592
185.424	0.483961
185.473	0.485833
185.522	0.485941
185.571	0.488895
185.62	0.488239
185.669	0.488205
185.718	0.49287
185.766	0.492405
185.815	0.489913
185.864	0.49099
185.913	0.483864
185.961	0.499262
186.011	0.474556
186.06	0.480754
186.109	0.491527
186.157	0.490555
186.206	0.489629
186.255	0.488598
186.304	0.483178
186.352	0.492837
186.401	0.496532
186.45	0.490301
186.498	0.491349
186.547	0.492234
186.597	0.483905
186.646	0.488234
186.694	0.488799
186.743	0.492577
186.792	0.485931
186.841	0.490397
186.889	0.490583
186.939	0.485623
186.988	0.488357
187.036	0.492403
187.086	0.489206
187.134	0.498032
187.183	0.490409
187.232	0.494696
187.281	0.491293
187.33	0.49262
187.378	0.496312
187.427	0.494216
187.476	0.491651
187.524	0.496521
187.573	0.493912
187.623	0.490383
187.671	0.500638
187.72	0.495755
187.769	0.491567
187.818	0.49302
187.867	0.494354
187.916	0.493581
187.965	0.492658
188.014	0.490539
188.063	0.488974
188.113	0.484984
188.162	0.499907
188.211	0.493508
188.26	0.494023
188.308	0.500856
188.357	0.49609
188.406	0.501631
188.455	0.493414
188.505	0.489064
188.553	0.496856
188.602	0.497201
188.651	0.488869
188.7	0.492899
188.75	0.487436
188.798	0.49907
188.847	0.494889
188.896	0.499102
188.945	0.496601
188.994	0.502264
189.043	0.497741
189.093	0.492228
189.142	0.496498
189.191	0.494008
189.239	0.504827
189.289	0.490637
189.337	0.501069
189.387	0.49215
189.436	0.49507
189.485	0.50099
189.533	0.503524
189.583	0.500192
189.631	0.506067
189.68	0.501044
189.729	0.504764
189.778	0.506718
189.827	0.502566
189.876	0.504733
189.925	0.493693
189.973	0.514758
190.023	0.495813
190.071	0.504752
190.121	0.497533
190.169	0.508157
190.218	0.501995
190.267	0.509456
190.316	0.503983
190.365	0.508339
190.414	0.506434
190.462	0.505836
190.512	0.500569
190.56	0.510692
190.609	0.508189
190.657	0.507315
190.706	0.501533
190.756	0.497892
190.804	0.505856
190.853	0.503296
190.902	0.506488
190.951	0.507431
191	0.50446
191.049	0.509292
191.098	0.506859
191.147	0.504032
191.195	0.5123
191.244	0.506668
191.294	0.499492
191.343	0.498739
191.391	0.516983
191.44	0.502715
191.49	0.502355
191.538	0.509579
191.587	0.511677
191.636	0.504479
191.685	0.511421
191.734	0.507374
191.783	0.50366
191.832	0.51636
191.881	0.503086
191.93	0.50233
191.978	0.516418
192.028	0.499038
192.077	0.506942
192.125	0.509036
192.175	0.504981
192.223	0.508311
192.272	0.50758
192.321	0.508369
192.371	0.508713
192.42	0.505175
192.469	0.512075
192.517	0.514877
192.566	0.505057
192.616	0.50322
192.665	0.50539
192.714	0.505728
192.762	0.516047
192.811	0.505541
192.861	0.505038
192.91	0.509893
192.958	0.512944
193.008	0.50479
193.057	0.503346
193.106	0.510849
193.155	0.509393
193.203	0.512474
193.252	0.506
193.302	0.491577
193.351	0.504109
193.4	0.507131
193.45	0.506413
193.499	0.505826
193.547	0.51151
193.597	0.503647
193.646	0.510672
193.695	0.511031
193.743	0.51313
193.793	0.506131
193.842	0.500996
193.891	0.503698
193.94	0.509709
193.989	0.506489
194.038	0.505253
194.087	0.503979
194.137	0.505518
194.186	0.507799
194.235	0.507367
194.284	0.513455
194.333	0.510057
194.382	0.504914
194.431	0.511331
194.481	0.504923
194.529	0.514723
194.578	0.510471
194.627	0.508736
194.677	0.508163
194.725	0.512095
194.775	0.504423
194.823	0.52141
194.874	0.49513
194.922	0.523688
194.971	0.514048
195.02	0.51812
195.069	0.512295
195.118	0.516533
195.168	0.513558
195.216	0.518367
195.266	0.512222
195.315	0.512053
195.364	0.516389
195.413	0.513789
195.462	0.518712
195.511	0.519442
195.56	0.520764
195.609	0.520295
195.658	0.518042
195.707	0.524263
195.756	0.525567
195.805	0.514381
195.854	0.530165
195.902	0.527086
195.952	0.512926
196.001	0.516808
196.05	0.529693
196.098	0.525442
196.148	0.516186
196.196	0.52827
196.245	0.517238
196.295	0.521826
196.343	0.528816
196.392	0.524373
196.441	0.525002
196.49	0.522002
196.54	0.519171
196.589	0.525184
196.637	0.522434
196.685	0.53289
196.735	0.51606
196.784	0.516233
196.832	0.52956
196.882	0.519377
196.93	0.529028
196.979	0.521031
197.029	0.51638
197.078	0.524623
197.127	0.521671
197.176	0.526354
197.225	0.520494
197.274	0.519993
197.323	0.522462
197.372	0.523043
197.421	0.51879
197.47	0.521962
197.52	0.511261
197.569	0.519907
197.618	0.522567
197.666	0.530159
197.715	0.520209
197.765	0.514592
197.814	0.521736
197.862	0.529433
197.912	0.506587
197.961	0.521944
198.01	0.520976
198.059	0.519607
198.108	0.515416
198.157	0.521258
198.206	0.518584
198.255	0.519411
198.304	0.520549
198.354	0.516637
198.403	0.524084
198.452	0.517518
198.501	0.519998
198.55	0.516815
198.599	0.525646
198.648	0.512714
198.698	0.513514
198.746	0.521079
198.795	0.519649
198.845	0.518759
198.894	0.519379
198.943	0.519571
198.992	0.524623
199.041	0.523161
199.09	0.516228
199.139	0.515961
199.188	0.518259
199.238	0.515857
199.287	0.518272
199.337	0.50875
199.385	0.525961
199.434	0.522131
199.484	0.518419
199.532	0.526428
199.582	0.518403
199.632	0.520783
199.681	0.518275
199.729	0.537729
199.778	0.520827
199.828	0.516726
199.877	0.51878
199.926	0.524841
199.976	0.517045
200.025	0.522708
200.074	0.520622
200.123	0.519195
200.172	0.525965
200.221	0.525321
200.271	0.520956
200.32	0.522113
200.37	0.522742
200.418	0.527574
200.468	0.521904
200.518	0.515352
200.566	0.534011
200.615	0.521473
200.665	0.526111
200.714	0.522498
200.764	0.522008
200.813	0.529073
200.862	0.528598
200.911	0.520502
200.961	0.528455
201.009	0.532559
201.059	0.527321
201.108	0.522603
201.157	0.52533
201.207	0.523329
201.256	0.53009
201.305	0.523926
201.354	0.529532
201.403	0.527493
201.453	0.524721
201.502	0.52358
201.551	0.535437
201.601	0.522514
201.65	0.527305
201.7	0.522453
201.749	0.524004
201.798	0.531154
201.847	0.52741
201.896	0.52851
201.946	0.524289
201.996	0.522537
202.044	0.540312
202.094	0.519931
202.143	0.5297
202.193	0.527178
202.241	0.532533
202.291	0.527809
202.34	0.527031
202.389	0.528164
202.439	0.525504
202.488	0.527729
202.537	0.526233
202.587	0.529529
202.636	0.530477
202.685	0.523599
202.734	0.526298
202.784	0.527907
202.833	0.529275
202.882	0.523522
202.932	0.520587
202.981	0.526002
203.029	0.530786
203.079	0.522551
203.128	0.525654
203.177	0.528184
203.227	0.518927
203.277	0.525906
203.326	0.523701
203.375	0.524041
203.424	0.526982
203.474	0.51975
203.523	0.520673
203.573	0.523315
203.622	0.525903
203.671	0.523473
203.721	0.518796
203.77	0.527077
203.818	0.530568
203.868	0.521016
203.917	0.532559
203.967	0.521551
204.016	0.526238
204.065	0.535615
204.115	0.522224
204.164	0.533729
204.214	0.530153
204.263	0.531385
204.313	0.53135
204.362	0.529636
204.411	0.533921
204.461	0.533943
204.51	0.533574
204.559	0.534483
204.608	0.538455
204.658	0.528261
204.706	0.549953
204.756	0.528049
204.806	0.533725
204.855	0.53547
204.904	0.542396
204.953	0.541115
205.002	0.537177
205.052	0.537813
205.101	0.538725
205.15	0.537136
205.199	0.537581
205.249	0.535839
205.298	0.53793
205.348	0.534125
205.396	0.543475
205.446	0.537196
205.494	0.541806
205.544	0.536066
205.593	0.53824
205.642	0.533519
205.691	0.54214
205.741	0.536925
205.789	0.540872
205.839	0.534427
205.889	0.532235
205.938	0.535515
205.987	0.540273
206.036	0.537256
206.085	0.54194
206.134	0.537459
206.183	0.538355
206.232	0.537318
206.282	0.530917
206.331	0.542972
206.38	0.537489
206.43	0.540455
206.479	0.535623
206.528	0.539351
206.577	0.541114
206.626	0.546034
206.676	0.533961
206.725	0.540662
206.774	0.541992
206.824	0.533944
206.873	0.542646
206.923	0.533358
206.972	0.53938
207.021	0.545522
207.07	0.547217
207.119	0.545953
207.169	0.539806
207.218	0.539745
207.267	0.55424
207.316	0.539604
207.365	0.544225
207.415	0.536762
207.465	0.541318
207.514	0.543229
207.564	0.53071
207.613	0.550832
207.662	0.545392
207.712	0.537274
207.76	0.55281
207.809	0.542304
207.859	0.535686
207.909	0.538741
207.958	0.542897
208.007	0.538352
208.057	0.533474
208.106	0.547615
208.155	0.536649
208.205	0.542106
208.254	0.547255
208.303	0.546454
208.353	0.541471
208.402	0.546765
208.451	0.547902
208.501	0.545004
208.55	0.542216
208.599	0.551852
208.649	0.54541
208.698	0.543611
208.748	0.538976
208.797	0.556157
208.847	0.538971
208.896	0.550689
208.945	0.548572
208.994	0.553642
209.044	0.548
209.093	0.548116
209.143	0.539713
209.192	0.550625
209.242	0.542243
209.291	0.547276
209.341	0.54523
209.39	0.547709
209.439	0.554006
209.489	0.548455
209.538	0.550505
209.587	0.560765
209.636	0.547158
209.685	0.557291
209.735	0.541229
209.785	0.55005
209.834	0.553762
209.884	0.541754
209.933	0.546981
209.982	0.549192
210.032	0.543778
210.081	0.546304
210.131	0.543292
210.18	0.557953
210.229	0.547676
210.279	0.548968
210.329	0.539438
210.378	0.55013
210.427	0.548677
210.476	0.548665
210.526	0.545414
210.575	0.54844
210.625	0.54376
210.674	0.546364
210.724	0.545556
210.773	0.550335
210.822	0.551023
210.872	0.548325
210.921	0.545279
210.97	0.555118
211.02	0.551326
211.069	0.548834
211.118	0.551999
211.169	0.541453
211.217	0.554854
211.267	0.549139
211.317	0.545459
211.366	0.550698
211.415	0.550871
211.465	0.547697
211.514	0.560838
211.563	0.550222
211.613	0.547696
211.662	0.555875
211.711	0.554112
211.761	0.544706
211.81	0.554152
211.86	0.54502
211.91	0.549101
211.959	0.553693
212.008	0.54718
212.058	0.544641
212.107	0.555877
212.157	0.546122
212.206	0.551679
212.255	0.558382
212.305	0.543246
212.355	0.543234
212.404	0.551176
212.454	0.545943
212.503	0.556437
212.553	0.542502
212.602	0.557329
212.652	0.548482
212.701	0.54718
212.751	0.554193
212.8	0.550994
212.85	0.550309
212.899	0.549583
212.949	0.543655
212.998	0.55363
213.048	0.545017
213.098	0.55462
213.147	0.54841
213.197	0.546311
213.247	0.554245
213.296	0.546717
213.345	0.558036
213.395	0.548241
213.445	0.545642
213.494	0.546169
213.544	0.546361
213.593	0.550005
213.643	0.550245
213.692	0.551
213.742	0.552452
213.791	0.551527
213.841	0.546961
213.892	0.542748
213.941	0.550631
213.99	0.556371
214.04	0.546576
214.09	0.553911
214.139	0.551044
214.188	0.557844
214.238	0.552629
214.288	0.548929
214.338	0.546822
214.386	0.565917
214.436	0.553249
214.485	0.555102
214.535	0.550692
214.584	0.558517
214.634	0.554304
214.683	0.550396
214.732	0.55711
214.782	0.54853
214.832	0.545998
214.881	0.556152
214.93	0.561632
214.98	0.545893
215.029	0.559801
215.078	0.554975
215.129	0.545378
215.177	0.564441
215.227	0.550831
215.276	0.555954
215.325	0.55432
215.375	0.556435
215.424	0.548065
215.474	0.550542
215.523	0.556173
215.573	0.550735
215.622	0.560605
215.671	0.55636
215.72	0.557807
215.769	0.56368
215.819	0.559895
215.868	0.552757
215.918	0.554109
215.967	0.562287
216.017	0.551524
216.066	0.560952
216.115	0.55703
216.165	0.548234
216.214	0.556944
216.263	0.554885
216.313	0.549788
216.363	0.555899
216.412	0.563224
216.461	0.558864
216.51	0.565506
216.56	0.555048
216.609	0.561814
216.658	0.556795
216.708	0.553349
216.757	0.562547
216.806	0.555246
216.855	0.560407
216.906	0.546246
216.955	0.563801
217.004	0.561051
217.053	0.560102
217.103	0.561433
217.152	0.563413
217.201	0.564741
217.251	0.559885
217.3	0.566344
217.349	0.560594
217.398	0.560109
217.448	0.550642
217.498	0.555444
217.546	0.565238
217.596	0.550865
217.645	0.563936
217.695	0.549757
217.744	0.552742
217.793	0.567601
217.844	0.547172
217.892	0.567321
217.942	0.553649
217.991	0.563854
218.041	0.559504
218.09	0.560299
218.139	0.558977
218.188	0.56047
218.238	0.558418
218.287	0.56289
218.336	0.562102
218.386	0.559574
218.435	0.561215
218.485	0.556499
218.535	0.555987
218.583	0.566479
218.633	0.55905
218.682	0.564829
218.732	0.551746
218.781	0.565834
218.83	0.565991
218.88	0.558168
218.929	0.565119
218.978	0.562825
219.028	0.556497
219.078	0.558444
219.127	0.568908
219.176	0.566326
219.226	0.558465
219.275	0.564708
219.325	0.559543
219.374	0.565842
219.424	0.565182
219.473	0.572087
219.522	0.565171
219.572	0.568545
219.622	0.562694
219.671	0.573851
219.72	0.569383
219.769	0.570465
219.819	0.56453
219.868	0.5705
219.918	0.56696
219.967	0.570634
220.016	0.566133
220.066	0.567225
220.115	0.567875
220.164	0.574902
220.214	0.561777
220.264	0.571606
220.313	0.569489
220.363	0.568185
220.412	0.568621
220.461	0.570027
220.51	0.57759
220.559	0.565171
220.609	0.562721
220.659	0.56165
220.708	0.570225
220.758	0.56679
220.807	0.565691
220.856	0.570211
220.906	0.565829
220.955	0.56829
221.005	0.55842
221.055	0.564906
221.104	0.568845
221.153	0.565765
221.203	0.563869
221.252	0.56817
221.301	0.562648
221.351	0.563802
221.4	0.562421
221.449	0.566091
221.498	0.567887
221.547	0.568351
221.598	0.553778
221.647	0.560924
221.695	0.580622
221.745	0.564611
221.795	0.563197
221.844	0.563266
221.894	0.563948
221.943	0.574919
221.992	0.571452
222.041	0.568219
222.09	0.576835
222.14	0.569646
222.189	0.568177
222.239	0.569247
222.288	0.571847
222.337	0.565452
222.387	0.569451
222.436	0.56315
222.485	0.573028
222.535	0.563178
222.585	0.561957
222.634	0.566103
222.683	0.571699
222.733	0.566865
222.782	0.570273
222.832	0.566022
222.881	0.573528
222.93	0.568093
222.979	0.573682
223.028	0.569531
223.078	0.5646
223.127	0.56514
223.177	0.566565
223.227	0.558407
223.276	0.565607
223.325	0.573981
223.374	0.563633
223.423	0.572516
223.473	0.570194
223.522	0.571616
223.571	0.573279
223.621	0.573326
223.67	0.572779
223.72	0.569808
223.769	0.576996
223.818	0.572679
223.867	0.57022
223.916	0.574068
223.965	0.577355
224.015	0.568569
224.064	0.576131
224.113	0.571513
224.163	0.574415
224.211	0.580056
224.261	0.570633
224.31	0.57465
224.36	0.574748
224.409	0.569162
224.458	0.583134
224.507	0.5742
224.557	0.572888
224.606	0.573053
224.655	0.580084
224.704	0.575663
224.754	0.577193
224.803	0.576737
224.853	0.576753
224.902	0.582005
224.951	0.576659
225	0.572932
225.049	0.583177
225.098	0.577151
225.148	0.563661
225.197	0.572751
225.246	0.583801
225.295	0.576613
225.346	0.564232
225.395	0.580854
225.444	0.583386
225.493	0.577643
225.542	0.581078
225.592	0.57721
225.641	0.577213
225.69	0.576647
225.74	0.571025
225.789	0.582082
225.838	0.570295
225.888	0.574548
225.937	0.577494
225.986	0.582279
226.036	0.580476
226.085	0.581546
226.135	0.574374
226.184	0.582677
226.234	0.576131
226.283	0.583608
226.332	0.581211
226.382	0.575827
226.432	0.572367
226.48	0.593836
226.53	0.572714
226.579	0.584429
226.628	0.591376
226.678	0.574122
226.727	0.585404
226.777	0.585541
226.825	0.592438
226.874	0.589153
226.925	0.571403
226.974	0.588882
227.024	0.581452
227.073	0.589876
227.122	0.58851
227.171	0.591093
227.22	0.590858
227.27	0.587799
227.32	0.584241
227.368	0.596538
227.417	0.595571
227.467	0.592811
227.516	0.59074
227.565	0.595157
227.614	0.588861
227.663	0.59194
227.713	0.586994
227.762	0.591679
227.811	0.588353
227.86	0.588286
227.909	0.590437
227.958	0.59271
228.008	0.586174
228.057	0.597667
228.106	0.592907
228.155	0.594931
228.204	0.590725
228.253	0.592284
228.302	0.588363
228.351	0.592234
228.4	0.596504
228.449	0.594197
228.498	0.586639
228.547	0.586974
228.596	0.591931
228.645	0.591981
228.694	0.596409
228.744	0.586974
228.793	0.594069
228.842	0.598342
228.891	0.593057
228.94	0.590046
228.989	0.591124
229.038	0.586569
229.087	0.589665
229.136	0.596272
229.185	0.581928
229.234	0.588162
229.283	0.597694
229.332	0.589566
229.381	0.592525
229.43	0.586387
229.479	0.592959
229.528	0.594112
229.578	0.591826
229.627	0.584895
229.676	0.597777
229.725	0.587023
229.774	0.593987
229.822	0.596342
229.872	0.588943
229.92	0.59693
229.97	0.586426
230.019	0.59572
230.068	0.584882
230.118	0.5931
230.166	0.599693
230.215	0.588319
230.264	0.59542
230.313	0.59035
230.363	0.583272
230.411	0.590759
230.461	0.585009
230.51	0.590963
230.559	0.585448
230.608	0.593289
230.657	0.602412
230.706	0.591019
230.755	0.590122
230.804	0.600498
230.854	0.581062
230.903	0.592723
230.952	0.588565
231.001	0.600141
231.05	0.597161
231.099	0.595077
231.148	0.595702
231.198	0.598315
231.247	0.597582
231.296	0.605509
231.345	0.59819
231.394	0.603968
231.443	0.601489
231.493	0.591718
231.542	0.59973
231.591	0.609778
231.639	0.604522
231.689	0.589822
231.739	0.593357
231.788	0.605291
231.837	0.599805
231.886	0.596581
231.936	0.598708
231.985	0.593869
232.034	0.603188
232.084	0.59576
232.133	0.59309
232.181	0.606481
232.231	0.593984
232.281	0.583926
232.33	0.601014
232.379	0.59917
232.428	0.59252
232.478	0.591722
232.527	0.594536
232.576	0.592121
232.625	0.594516
232.675	0.584981
232.724	0.596353
232.773	0.589963
232.823	0.58632
232.872	0.590604
232.921	0.585406
232.97	0.593764
233.019	0.590054
233.069	0.583254
233.119	0.582908
233.168	0.587202
233.217	0.590921
233.266	0.587539
233.316	0.58299
233.364	0.594899
233.414	0.580274
233.464	0.587015
233.513	0.586296
233.562	0.593828
233.611	0.588662
233.66	0.593253
233.71	0.577463
233.759	0.596801
233.808	0.593933
233.857	0.589214
233.907	0.588618
233.956	0.592205
234.005	0.586302
234.054	0.602402
234.103	0.588743
234.153	0.591507
234.202	0.590696
234.251	0.599876
234.301	0.58757
234.35	0.597255
234.399	0.595385
234.449	0.589226
234.498	0.58756
234.547	0.597098
234.597	0.590289
234.646	0.59668
234.695	0.590242
234.745	0.588074
234.793	0.604591
234.843	0.593848
234.893	0.592224
234.942	0.596343
234.991	0.593523
235.041	0.592384
235.09	0.591079
235.14	0.593127
235.189	0.593676
235.238	0.597322
235.288	0.59432
235.337	0.599686
235.387	0.590273
235.436	0.604837
235.486	0.589793
235.536	0.603211
235.585	0.600732
235.634	0.601344
235.684	0.593039
235.734	0.594829
235.783	0.59678
235.832	0.596966
235.882	0.595395
235.931	0.596196
235.981	0.598055
236.03	0.599691
236.08	0.596722
236.129	0.603257
236.179	0.595223
236.228	0.611995
236.278	0.594171
236.327	0.59322
236.376	0.602023
236.426	0.596536
236.475	0.592289
236.525	0.593199
236.574	0.605151
236.623	0.592507
236.673	0.595833
236.722	0.604825
236.771	0.606271
236.82	0.598926
236.871	0.590505
236.919	0.607734
236.969	0.599199
237.019	0.592435
237.068	0.603364
237.117	0.603866
237.166	0.603349
237.216	0.591382
237.265	0.602465
237.314	0.600835
237.363	0.604306
237.412	0.604691
237.461	0.606885
237.511	0.599668
237.56	0.596361
237.609	0.608931
237.658	0.605386
237.708	0.591493
237.757	0.601493
237.806	0.600916
237.855	0.60295
237.904	0.598989
237.953	0.609667
238.002	0.601018
238.052	0.596718
238.101	0.603159
238.15	0.602154
238.199	0.604907
238.249	0.604927
238.298	0.600956
238.347	0.605654
238.397	0.598127
238.446	0.600127
238.494	0.616979
238.544	0.600243
238.593	0.604584
238.642	0.610164
238.691	0.610427
238.74	0.606572
238.789	0.609753
238.838	0.608257
238.888	0.598826
238.937	0.610602
238.986	0.605041
239.036	0.598111
239.084	0.617209
239.134	0.594746
239.183	0.605469
239.233	0.603017
239.282	0.607907
239.331	0.609844
239.38	0.607738
239.429	0.600511
239.478	0.61128
239.527	0.608478
239.577	0.59957
239.626	0.603397
239.675	0.605855
239.725	0.600473
239.774	0.601625
239.823	0.604868
239.873	0.601908
239.921	0.614702
239.971	0.596303
240.02	0.603781
240.069	0.608579
240.119	0.600305
240.168	0.60173
240.218	0.600775
240.267	0.600463
240.316	0.604299
240.365	0.597747
240.414	0.605281
240.463	0.598233
240.513	0.602681
240.563	0.589075
240.612	0.605753
240.661	0.605286
240.71	0.601649
240.759	0.608585
240.809	0.594851
240.859	0.604306
240.908	0.599706
240.957	0.61099
241.007	0.602218
241.056	0.606992
241.105	0.607979
241.154	0.608841
241.204	0.6055
241.254	0.596542
241.303	0.605113
241.352	0.607034
241.402	0.599634
241.451	0.602468
241.5	0.602019
241.55	0.607622
241.6	0.592469
241.649	0.608163
241.699	0.60549
241.748	0.608207
241.797	0.60583
241.847	0.59189
241.896	0.615201
241.945	0.604127
241.995	0.603739
242.044	0.602387
242.094	0.603235
242.143	0.613158
242.192	0.61017
242.243	0.594634
242.292	0.607173
242.341	0.615175
242.391	0.605636
242.44	0.6101
242.49	0.601972
242.539	0.609264
242.588	0.601855
242.638	0.604295
242.687	0.607421
242.737	0.611168
242.786	0.608234
242.836	0.608337
242.886	0.608353
242.935	0.614315
242.984	0.613587
243.034	0.61332
243.083	0.612446
243.132	0.612188
243.182	0.609568
243.231	0.617794
243.281	0.601367
243.33	0.621571
243.38	0.608781
243.43	0.612829
243.479	0.614551
243.529	0.610688
243.577	0.623618
243.627	0.608485
243.676	0.618853
243.726	0.615964
243.775	0.611698
243.825	0.604571
243.875	0.612944
243.925	0.606435
243.974	0.612404
244.023	0.615737
244.073	0.6101
244.122	0.617772
244.172	0.616036
244.221	0.611365
244.27	0.621397
244.32	0.613911
244.37	0.610936
244.419	0.612272
244.468	0.613247
244.518	0.610596
244.567	0.610431
244.617	0.61752
244.666	0.616941
244.716	0.603683
244.765	0.616687
244.815	0.61844
244.864	0.613706
244.914	0.615372
244.964	0.60879
245.013	0.616299
245.062	0.613103
245.112	0.610978
245.161	0.618708
245.211	0.610413
245.259	0.62868
245.309	0.609743
245.359	0.610596
245.408	0.622377
245.458	0.61826
245.507	0.616037
245.557	0.616091
245.606	0.622849
245.656	0.620204
245.705	0.618021
245.755	0.614562
245.804	0.619995
245.854	0.618339
245.903	0.620523
245.952	0.628509
246.002	0.615981
246.051	0.621947
246.101	0.613175
246.15	0.62387
246.2	0.618564
246.248	0.632823
246.298	0.60994
246.348	0.610715
246.397	0.624725
246.447	0.613306
246.496	0.627176
246.546	0.614827
246.595	0.623946
246.645	0.617752
246.693	0.62591
246.743	0.620196
246.793	0.617841
246.842	0.626543
246.891	0.616388
246.941	0.611154
246.99	0.624002
247.039	0.62263
247.089	0.622426
247.138	0.621823
247.188	0.610879
247.237	0.624127
247.286	0.616287
247.336	0.613124
247.385	0.62692
247.434	0.618035
247.484	0.61773
247.533	0.613379
247.583	0.619014
247.632	0.614033
247.681	0.62267
247.73	0.621047
247.78	0.618177
247.83	0.615439
247.879	0.617706
247.928	0.621747
247.977	0.61888
248.027	0.616219
248.077	0.609566
248.126	0.620434
248.176	0.6057
248.225	0.620287
248.274	0.614535
248.323	0.623676
248.373	0.609378
248.423	0.62132
248.471	0.62542
248.522	0.607914
248.571	0.619303
248.621	0.614169
248.67	0.623587
248.719	0.617525
248.768	0.623667
248.818	0.615746
248.868	0.611037
248.917	0.633041
248.966	0.61494
249.015	0.631881
249.065	0.614459
249.115	0.619787
249.164	0.627667
249.213	0.627077
249.262	0.625278
249.312	0.622369
249.362	0.623697
249.411	0.628681
249.46	0.626358
249.51	0.621805
249.559	0.63076
249.608	0.622826
249.657	0.63659
249.707	0.61747
249.756	0.630922
249.806	0.627428
249.855	0.632279
249.904	0.628008
249.953	0.627669
250.003	0.622248
250.053	0.626275
250.102	0.629445
250.151	0.626665
250.2	0.631434
250.249	0.626779
250.299	0.624984
250.348	0.631968
250.397	0.625857
250.447	0.627171
250.496	0.62535
250.546	0.626059
250.595	0.623528
250.644	0.633307
250.694	0.624729
250.743	0.627412
250.792	0.626181
250.842	0.623292
250.891	0.627248
250.94	0.6265
250.99	0.628543
251.039	0.628414
251.089	0.621983
251.137	0.630952
251.187	0.622714
251.236	0.625787
251.286	0.621025
251.335	0.626424
251.384	0.625088
251.434	0.612191
251.484	0.624192
251.533	0.630831
251.582	0.62694
251.631	0.628404
251.681	0.627996
251.73	0.633852
251.779	0.624991
251.828	0.630494
251.878	0.621729
251.928	0.62326
251.977	0.63555
252.026	0.625892
252.075	0.637263
252.125	0.627222
252.174	0.626752
252.224	0.631675
252.273	0.629166
252.322	0.641435
252.372	0.62658
252.421	0.625395
252.471	0.629258
252.521	0.627543
252.57	0.636928
252.619	0.626892
252.669	0.630256
252.718	0.629073
252.767	0.643252
252.816	0.631297
252.866	0.625934
252.915	0.6421
252.964	0.640634
253.014	0.632149
253.063	0.637843
253.113	0.631321
253.161	0.647379
253.211	0.625465
253.261	0.627997
253.31	0.638557
253.359	0.638685
253.409	0.62766
253.458	0.640032
253.508	0.631146
253.557	0.642873
253.607	0.630916
253.655	0.647589
253.705	0.628805
253.755	0.63672
253.804	0.639655
253.853	0.63263
253.903	0.634318
253.952	0.637492
254.001	0.629402
254.051	0.638551
254.1	0.638081
254.15	0.633465
254.199	0.638389
254.248	0.63794
254.298	0.631623
254.347	0.641166
254.397	0.636472
254.446	0.634715
254.496	0.632626
254.546	0.632379
254.595	0.634319
254.644	0.636584
254.693	0.646649
254.743	0.639588
254.792	0.635606
254.842	0.639146
254.891	0.640613
254.94	0.643999
254.989	0.645579
255.039	0.635129
255.088	0.649785
255.138	0.628589
255.187	0.642708
255.237	0.637548
255.286	0.644055
255.335	0.649548
255.385	0.645759
255.434	0.635883
255.484	0.642191
255.533	0.649211
255.582	0.64424
255.632	0.634178
255.681	0.644706
255.73	0.646588
255.78	0.638071
255.829	0.651241
255.879	0.637605
255.927	0.65373
255.977	0.640958
256.026	0.647771
256.076	0.645961
256.124	0.652632
256.174	0.641425
256.224	0.638523
256.273	0.650679
256.322	0.647234
256.371	0.644324
256.421	0.63566
256.47	0.644469
256.519	0.643548
256.569	0.644826
256.618	0.647522
256.668	0.631047
256.717	0.646902
256.766	0.652659
256.816	0.639906
256.865	0.650855
256.914	0.639104
256.964	0.641123
257.013	0.645086
257.062	0.651125
257.111	0.641183
257.161	0.640105
257.21	0.638722
257.26	0.645636
257.309	0.650682
257.358	0.639603
257.408	0.647488
257.457	0.648137
257.506	0.644373
257.556	0.643664
257.605	0.640748
257.655	0.646428
257.704	0.641423
257.753	0.643324
257.803	0.638435
257.852	0.653114
257.901	0.643888
257.95	0.651654
258	0.636119
258.049	0.65387
258.099	0.647785
258.148	0.644113
258.197	0.655482
258.247	0.64097
258.296	0.650605
258.345	0.642749
258.394	0.648588
258.443	0.648101
258.493	0.637999
258.542	0.654546
258.591	0.650823
258.64	0.646885
258.689	0.654123
258.738	0.653221
258.788	0.637978
258.837	0.652801
258.887	0.641518
258.936	0.646707
258.985	0.653723
259.035	0.640804
259.084	0.653374
259.133	0.64979
259.181	0.654134
259.232	0.635668
259.28	0.655157
259.329	0.649914
259.378	0.655493
259.428	0.637752
259.477	0.655036
259.526	0.648176
259.575	0.64837
259.624	0.647474
259.673	0.633753
259.723	0.640331
259.772	0.640501
259.821	0.652361
259.871	0.635386
259.919	0.651914
259.969	0.648418
260.018	0.637052
260.068	0.646053
260.117	0.642278
260.166	0.650635
260.215	0.636828
260.264	0.654895
260.313	0.640354
260.362	0.653682
260.412	0.633856
260.461	0.649889
260.509	0.660046
260.56	0.637047
260.609	0.651967
260.658	0.64473
260.707	0.653815
260.756	0.649534
260.806	0.64405
260.855	0.649117
260.904	0.644944
260.953	0.649676
261.002	0.645769
261.052	0.640652
261.1	0.659022
261.149	0.651878
261.199	0.643699
261.248	0.64663
261.297	0.652184
261.346	0.660032
261.395	0.653399
261.444	0.640954
261.494	0.644637
261.542	0.657061
261.591	0.649839
261.641	0.640905
261.69	0.654784
261.739	0.643562
261.788	0.662445
261.837	0.640669
261.887	0.650199
261.935	0.658376
261.984	0.647097
262.034	0.641919
262.083	0.649647
262.132	0.647829
262.181	0.649467
262.23	0.637871
262.279	0.654993
262.328	0.644818
262.377	0.656372
262.426	0.652642
262.475	0.646512
262.524	0.652874
262.573	0.652707
262.622	0.649661
262.672	0.646596
262.721	0.639588
262.769	0.666324
262.819	0.642047
262.868	0.656935
262.918	0.642585
262.966	0.657421
263.015	0.652066
263.065	0.649069
263.114	0.650397
263.164	0.64556
263.213	0.648693
263.262	0.659364
263.311	0.657722
263.359	0.658573
263.409	0.641385
263.458	0.653496
263.508	0.652378
263.556	0.657838
263.606	0.653134
263.656	0.641016
263.705	0.655223
263.754	0.662681
263.803	0.649692
263.852	0.657565
263.902	0.651975
263.951	0.653393
264	0.659176
264.049	0.65358
264.099	0.653418
264.148	0.655011
264.197	0.662178
264.247	0.651652
264.296	0.657471
264.345	0.666049
264.395	0.651511
264.444	0.660151
264.493	0.655836
264.543	0.65862
264.592	0.653739
264.642	0.660588
264.691	0.65789
264.74	0.667071
264.789	0.6597
264.838	0.664646
264.888	0.652424
264.938	0.660903
264.987	0.661383
265.037	0.659624
265.086	0.662739
265.135	0.667489
265.184	0.660708
265.234	0.657422
265.283	0.661301
265.333	0.66438
265.382	0.661964
265.431	0.662482
265.481	0.662769
265.53	0.662949
265.579	0.666337
265.629	0.658049
265.678	0.66346
265.727	0.665689
265.777	0.653821
265.827	0.658544
265.876	0.67655
265.925	0.658111
265.974	0.669064
266.024	0.657907
266.073	0.666613
266.123	0.661441
266.172	0.661263
266.221	0.67591
266.27	0.662331
266.32	0.655262
266.369	0.665677
266.418	0.664611
266.468	0.658089
266.517	0.671794
266.566	0.661461
266.615	0.662709
266.665	0.661636
266.714	0.659239
266.763	0.667071
266.812	0.668862
266.862	0.657918
266.911	0.665363
266.96	0.662197
267.009	0.666622
267.059	0.661596
267.108	0.662246
267.157	0.663681
267.207	0.657804
267.255	0.67343
267.305	0.660155
267.354	0.663093
267.403	0.664441
267.453	0.661949
267.502	0.666812
267.551	0.656307
267.6	0.66194
267.649	0.667091
267.698	0.666429
267.748	0.657781
267.797	0.659819
267.846	0.673365
267.895	0.667303
267.945	0.659428
267.994	0.664071
268.043	0.665721
268.092	0.663425
268.142	0.663608
268.191	0.659043
268.241	0.659391
268.29	0.667754
268.339	0.662535
268.388	0.667554
268.437	0.67502
268.487	0.658569
268.536	0.675209
268.585	0.671677
268.634	0.661976
268.683	0.665987
268.733	0.664617
268.782	0.665635
268.831	0.66374
268.881	0.665657
268.929	0.675211
268.979	0.657249
269.029	0.666938
269.078	0.670507
269.127	0.666526
269.176	0.666584
269.226	0.668519
269.275	0.672198
269.325	0.656608
269.373	0.678069
269.423	0.657937
269.472	0.671119
269.522	0.656229
269.571	0.666508
269.62	0.670396
269.67	0.668479
269.719	0.671755
269.768	0.671665
269.817	0.673828
269.866	0.667263
269.915	0.670844
269.963	0.686892
270.014	0.65252
270.063	0.664389
270.112	0.671644
270.161	0.667521
270.21	0.671499
270.26	0.664018
270.309	0.672999
270.358	0.665199
270.407	0.676494
270.456	0.669516
270.506	0.667892
270.554	0.674638
270.603	0.671001
270.652	0.671625
270.701	0.670482
270.75	0.669143
270.799	0.670786
270.849	0.662686
270.897	0.678621
270.946	0.663803
270.995	0.67357
271.044	0.677481
271.093	0.675047
271.142	0.663004
271.191	0.675613
271.24	0.675753
271.289	0.666907
271.337	0.679045
271.386	0.683632
271.435	0.662427
271.484	0.666645
271.533	0.674959
271.582	0.676843
271.631	0.665173
271.68	0.67698
271.729	0.677035
271.777	0.686591
271.826	0.667685
271.875	0.67776
271.924	0.668811
271.973	0.676152
272.021	0.67526
272.071	0.663001
272.119	0.677363
272.168	0.668282
272.217	0.669902
272.266	0.680686
272.314	0.675099
272.362	0.684505
272.411	0.672547
272.461	0.666735
272.509	0.677366
272.558	0.666884
272.607	0.675314
272.656	0.666837
272.705	0.672828
272.754	0.665671
272.803	0.673848
272.852	0.666335
272.9	0.672586
272.949	0.670983
272.998	0.66859
273.047	0.672719
273.096	0.669361
273.145	0.672545
273.194	0.671683
273.243	0.665523
273.292	0.668784
273.341	0.670281
273.389	0.671271
273.438	0.668192
273.487	0.669865
273.536	0.669898
273.585	0.676946
273.634	0.669987
273.682	0.682227
273.732	0.664212
273.781	0.668911
273.831	0.663305
273.88	0.669211
273.929	0.669405
273.977	0.674596
274.027	0.664574
274.076	0.674166
274.125	0.672331
274.173	0.688105
274.223	0.666698
274.271	0.680775
274.321	0.67156
274.37	0.669206
274.419	0.674348
274.468	0.667613
274.517	0.671956
274.566	0.673085
274.616	0.665989
274.664	0.689818
274.713	0.669395
274.763	0.673116
274.813	0.662353
274.861	0.685786
274.911	0.666174
274.96	0.677025
275.01	0.669846
275.059	0.675874
275.108	0.678283
275.157	0.673688
275.206	0.674913
275.255	0.681827
275.305	0.671885
275.354	0.680207
275.403	0.67754
275.452	0.678812
275.501	0.683817
275.551	0.673242
275.6	0.670844
275.649	0.683213
275.699	0.665969
275.748	0.679711
275.796	0.686717
275.846	0.679116
275.896	0.669333
275.945	0.675345
275.994	0.680844
276.044	0.677726
276.093	0.68208
276.142	0.67795
276.191	0.68422
276.241	0.67586
276.291	0.672769
276.339	0.68539
276.388	0.691877
276.437	0.679164
276.487	0.676077
276.536	0.679301
276.585	0.683395
276.634	0.683642
276.683	0.679313
276.733	0.679162
276.782	0.678236
276.832	0.683084
276.881	0.682641
276.93	0.684846
276.979	0.67974
277.028	0.684621
277.077	0.683283
277.127	0.677107
277.175	0.693922
277.225	0.67578
277.274	0.689525
277.322	0.689925
277.372	0.673867
277.421	0.687107
277.471	0.674637
277.52	0.680798
277.569	0.682496
277.618	0.683246
277.667	0.685968
277.716	0.678233
277.766	0.677259
277.815	0.67975
277.863	0.691376
277.913	0.66805
277.962	0.688234
278.011	0.680971
278.061	0.674433
278.11	0.671552
278.159	0.684264
278.209	0.677076
278.257	0.690164
278.307	0.676379
278.356	0.679189
278.406	0.675697
278.455	0.68087
278.504	0.685595
278.553	0.677484
278.601	0.691074
278.652	0.66796
278.701	0.679215
278.75	0.691682
278.799	0.683824
278.848	0.67921
278.898	0.682688
278.946	0.690502
278.996	0.677668
279.046	0.67885
279.095	0.684489
279.144	0.680853
279.194	0.679022
279.243	0.681489
279.292	0.682568
279.341	0.690207
279.391	0.682789
279.44	0.68052
279.49	0.686474
279.539	0.687847
279.588	0.680245
279.636	0.705014
279.686	0.680853
279.735	0.687957
279.785	0.683602
279.834	0.690033
279.884	0.687649
279.933	0.690168
279.982	0.685769
280.032	0.688189
280.081	0.693009
280.131	0.685128
280.18	0.693798
280.229	0.696771
280.279	0.679713
280.328	0.687911
280.378	0.687787
280.426	0.700686
280.476	0.686868
280.525	0.684235
280.575	0.686603
280.624	0.689407
280.673	0.696367
280.723	0.690342
280.772	0.692408
280.821	0.68611
280.87	0.695987
280.92	0.67774
280.969	0.690099
281.019	0.685766
281.068	0.68676
281.117	0.686328
281.166	0.687406
281.216	0.682675
281.265	0.690628
281.314	0.693031
281.364	0.677496
281.413	0.684699
281.462	0.692101
281.512	0.682035
281.561	0.692085
281.61	0.681126
281.66	0.683451
281.709	0.682849
281.759	0.676449
281.807	0.693759
281.857	0.681647
281.906	0.684943
281.955	0.690388
282.005	0.680476
282.054	0.685184
282.104	0.68125
282.153	0.695533
282.202	0.679915
282.251	0.682409
282.301	0.676286
282.351	0.679648
282.401	0.671382
282.45	0.686122
282.499	0.681698
282.548	0.686987
282.598	0.675516
282.647	0.690561
282.697	0.682695
282.746	0.681726
282.796	0.676064
282.845	0.696762
282.894	0.677527
282.944	0.685089
282.994	0.676336
283.043	0.694571
283.092	0.678988
283.142	0.69036
283.191	0.686842
283.241	0.681548
283.29	0.693894
283.339	0.688963
283.389	0.687348
283.438	0.68472
283.488	0.683447
283.538	0.680994
283.587	0.691904
283.636	0.68988
283.685	0.696606
283.735	0.680626
283.784	0.695915
283.834	0.687472
283.883	0.690367
283.932	0.69183
283.981	0.691014
284.032	0.675572
284.08	0.700323
284.13	0.678994
284.18	0.686615
284.229	0.685801
284.278	0.693213
284.328	0.680337
284.378	0.685112
284.427	0.690385
284.476	0.691167
284.525	0.688004
284.575	0.687656
284.624	0.688044
284.675	0.672336
284.723	0.694994
284.773	0.688373
284.822	0.689109
284.872	0.676271
284.921	0.695174
284.971	0.682199
285.02	0.691805