90.0309	0.195872
90.0655	0.198716
90.1003	0.198908
90.1354	0.197465
90.1706	0.197898
90.2058	0.198821
90.2407	0.201606
90.2763	0.197378
90.311	0.202568
90.346	0.201249
90.382	0.195059
90.4172	0.20013
90.4532	0.195263
90.4883	0.200965
90.5237	0.199031
90.5595	0.19666
90.5947	0.201141
90.6309	0.195907
90.6663	0.201523
90.7027	0.196488
90.7385	0.200654
90.774	0.203443
90.8098	0.202053
90.8458	0.20053
90.8817	0.201902
90.9179	0.200037
90.9537	0.20279
90.9898	0.201303
91.0264	0.198699
91.062	0.204729
91.0983	0.2006
91.1344	0.202446
91.1707	0.201518
91.2075	0.199843
91.2436	0.205001
91.2802	0.202719
91.3166	0.203784
91.3532	0.20281
91.3899	0.202795
91.426	0.205944
91.4636	0.198217
91.4997	0.206987
91.5363	0.20488
91.5729	0.20459
91.6095	0.204804
91.647	0.199733
91.6838	0.20471
91.7202	0.207847
91.7574	0.204429
91.7943	0.205477
91.8317	0.203223
91.868	0.209148
91.9056	0.202434
91.9429	0.204256
91.9795	0.208389
92.0167	0.205823
92.0543	0.203896
92.0917	0.204991
92.1289	0.206461
92.1661	0.206563
92.2031	0.208238
92.2412	0.202856
92.2786	0.206729
92.3154	0.211088
92.3534	0.2046
92.3907	0.208661
92.4287	0.205792
92.4659	0.209948
92.5036	0.207443
92.5414	0.207309
92.5786	0.210984
92.6169	0.205438
92.6544	0.210062
92.6927	0.205776
92.7299	0.21129
92.7678	0.208534
92.8061	0.207435
92.8433	0.212861
92.8815	0.208259
92.9198	0.207571
92.9575	0.211317
92.9956	0.209368
93.0341	0.207903
93.0725	0.208814
93.1101	0.213011
93.1484	0.21027
93.1869	0.209431
93.2255	0.208937
93.2642	0.208162
93.3025	0.211027
93.3408	0.211424
93.3791	0.212006
93.4176	0.211762
93.4561	0.21157
93.4951	0.209776
93.5332	0.214386
93.5713	0.215319
93.611	0.207312
93.6497	0.212595
93.6883	0.213754
93.7266	0.215209
93.7656	0.212077
93.8043	0.21415
93.8427	0.216521
93.8819	0.211975
93.9208	0.214185
93.9598	0.213296
93.9984	0.215917
94.0377	0.211815
94.0767	0.214557
94.1157	0.214655
94.1549	0.21362
94.1934	0.218387
94.2333	0.210989
94.2716	0.219927
94.3107	0.216383
94.3503	0.213811
94.3897	0.214914
94.4285	0.219305
94.4675	0.218616
94.5071	0.215589
94.5458	0.220125
94.5849	0.217817
94.6243	0.215505
94.6639	0.214814
94.7034	0.21584
94.743	0.215833
94.782	0.219767
94.822	0.21485
94.8605	0.223517
94.9005	0.215399
94.9394	0.222877
94.9796	0.215642
95.0195	0.217481
95.0593	0.218764
95.0987	0.21983
95.1385	0.217636
95.1782	0.218524
95.2172	0.221379
95.2575	0.215291
95.2966	0.222039
95.3365	0.218045
95.3763	0.219913
95.4159	0.220701
95.4561	0.218366
95.4959	0.221705
95.5358	0.221507
95.5762	0.218157
95.616	0.221693
95.6559	0.221444
95.6958	0.221658
95.7356	0.221493
95.7763	0.21693
95.8158	0.223186
95.8561	0.219828
95.8965	0.219453
95.9361	0.22404
95.9767	0.219521
96.0168	0.222996
96.057	0.223455
96.0974	0.222569
96.1375	0.224434
96.1783	0.220281
96.2184	0.223631
96.2593	0.219689
96.2995	0.223937
96.3403	0.220727
96.3805	0.223411
96.4202	0.226608
96.4618	0.21662
96.5019	0.224592
96.5425	0.222535
96.5833	0.222868
96.6243	0.222272
96.6645	0.228369
96.7054	0.22448
96.7463	0.224545
96.7868	0.226217
96.8274	0.225578
96.8683	0.224206
96.9094	0.223575
96.9504	0.224157
96.991	0.226425
97.032	0.224175
97.0726	0.226046
97.1133	0.226237
97.1538	0.227794
97.1952	0.223207
97.2361	0.226456
97.277	0.227225
97.3175	0.230693
97.3595	0.222137
97.4002	0.229657
97.4412	0.227359
97.4822	0.227918
97.5231	0.2287
97.5645	0.225741
97.6059	0.226583
97.6472	0.226809
97.6879	0.230235
97.7296	0.225138
97.7703	0.230357
97.8115	0.227387
97.853	0.227327
97.894	0.230153
97.9356	0.228006
97.9768	0.231118
98.0176	0.233344
98.0592	0.22925
98.1005	0.230412
98.1421	0.228559
98.1833	0.231395
98.2251	0.228416
98.266	0.233851
98.3078	0.228245
98.3489	0.232145
98.3903	0.23044
98.4321	0.228978
98.4739	0.229097
98.5146	0.236615
98.5558	0.234139
98.5978	0.230611
98.6393	0.233753
98.6813	0.230338
98.7228	0.233938
98.7644	0.23283
98.8058	0.233997
98.848	0.229771
98.8893	0.23542
98.9306	0.235409
98.9727	0.230732
99.0141	0.234793
99.0559	0.232681
99.0977	0.233195
99.1402	0.230164
99.1816	0.237319
99.2235	0.234499
99.2654	0.233935
99.3075	0.233426
99.3493	0.235302
99.3918	0.23178
99.4334	0.236675
99.4752	0.235725
99.5173	0.234809
99.5589	0.2375
99.6016	0.231127
99.6437	0.234952
99.6856	0.236241
99.7277	0.235213
99.7697	0.236022
99.8122	0.233561
99.8546	0.234978
99.8967	0.236817
99.9388	0.237296
99.9813	0.235271
100.023	0.237671
100.066	0.234975
100.108	0.23963
100.15	0.235468
100.193	0.237107
100.235	0.237691
100.277	0.236321
100.319	0.240047
100.361	0.239225
100.404	0.23725
100.446	0.235212
100.489	0.239763
100.531	0.23598
100.574	0.239748
100.616	0.239355
100.659	0.239077
100.701	0.238519
100.743	0.242159
100.786	0.237134
100.829	0.239448
100.871	0.241344
100.913	0.240613
100.956	0.239281
100.999	0.241785
101.041	0.242978
101.084	0.236761
101.127	0.242153
101.169	0.241144
101.212	0.242191
101.254	0.240741
101.297	0.241436
101.34	0.239985
101.382	0.243661
101.425	0.242312
101.468	0.241349
101.511	0.240784
101.553	0.242735
101.596	0.2415
101.639	0.243292
101.682	0.242914
101.725	0.242542
101.767	0.247159
101.811	0.241056
101.853	0.246364
101.896	0.245667
101.939	0.244522
101.982	0.244398
102.025	0.246844
102.068	0.241811
102.111	0.243883
102.155	0.242543
102.197	0.248098
102.24	0.242184
102.284	0.24139
102.326	0.249122
102.37	0.244275
102.413	0.246773
102.456	0.248713
102.499	0.246012
102.542	0.247514
102.586	0.244934
102.629	0.247008
102.672	0.246368
102.715	0.246894
102.758	0.249166
102.801	0.245756
102.844	0.248855
102.888	0.244248
102.931	0.248025
102.974	0.248578
103.017	0.249033
103.061	0.242798
103.104	0.25066
103.147	0.250241
103.19	0.251463
103.234	0.247937
103.277	0.251004
103.321	0.245857
103.364	0.250747
103.408	0.249413
103.45	0.254048
103.494	0.250082
103.537	0.249948
103.581	0.245416
103.625	0.249087
103.668	0.253327
103.711	0.25015
103.754	0.251728
103.798	0.249905
103.841	0.253319
103.885	0.252277
103.928	0.250437
103.972	0.252924
104.016	0.24908
104.058	0.2565
104.102	0.251664
104.145	0.253194
104.189	0.250033
104.232	0.254205
104.275	0.25611
104.319	0.248273
104.363	0.254167
104.406	0.252801
104.451	0.248558
104.493	0.258734
104.538	0.251315
104.581	0.256684
104.625	0.251732
104.668	0.257133
104.712	0.25495
104.756	0.254356
104.799	0.253844
104.843	0.258042
104.886	0.25659
104.93	0.255018
104.974	0.252556
105.017	0.256834
105.061	0.256085
105.105	0.252715
105.149	0.256299
105.193	0.255239
105.236	0.257768
105.281	0.25171
105.324	0.257669
105.368	0.258555
105.412	0.255805
105.456	0.255202
105.5	0.260515
105.544	0.256668
105.588	0.258176
105.632	0.256711
105.676	0.257841
105.72	0.254103
105.764	0.255804
105.808	0.259766
105.852	0.257456
105.896	0.259554
105.94	0.257293
105.984	0.262659
106.028	0.255996
106.072	0.257934
106.116	0.261632
106.16	0.257919
106.205	0.258738
106.249	0.260164
106.293	0.258094
106.338	0.254108
106.381	0.262376
106.425	0.259103
106.469	0.261304
106.514	0.257969
106.558	0.258993
106.603	0.257658
106.647	0.259483
106.691	0.261538
106.736	0.260367
106.779	0.263688
106.824	0.261326
106.868	0.260046
106.912	0.263392
106.957	0.259326
107.001	0.264426
107.046	0.257564
107.089	0.265398
107.134	0.256786
107.178	0.265296
107.222	0.26414
107.267	0.264464
107.311	0.263525
107.356	0.262677
107.4	0.267712
107.444	0.265557
107.489	0.260783
107.534	0.263645
107.577	0.271688
107.622	0.26193
107.666	0.267003
107.711	0.263355
107.755	0.265254
107.8	0.260126
107.844	0.265523
107.889	0.266202
107.933	0.269788
107.977	0.266484
108.022	0.268644
108.067	0.262617
108.111	0.26971
108.156	0.266963
108.2	0.268937
108.245	0.26435
108.289	0.27038
108.334	0.268165
108.378	0.26746
108.423	0.26535
108.468	0.264439
108.513	0.266125
108.557	0.267464
108.602	0.271333
108.647	0.265541
108.691	0.270468
108.736	0.271018
108.78	0.271458
108.825	0.267846
108.87	0.270845
108.915	0.268545
108.959	0.268001
109.004	0.271749
109.049	0.26761
109.093	0.27042
109.138	0.267144
109.183	0.269543
109.227	0.272105
109.272	0.269419
109.317	0.269058
109.362	0.274183
109.406	0.274348
109.451	0.269357
109.496	0.272491
109.541	0.270172
109.586	0.271962
109.631	0.274291
109.676	0.270529
109.721	0.271348
109.766	0.269091
109.81	0.275985
109.855	0.268187
109.9	0.273429
109.945	0.274561
109.99	0.272118
110.034	0.276498
110.08	0.268631
110.125	0.27973
110.17	0.27313
110.215	0.274889
110.26	0.272743
110.305	0.277235
110.35	0.274956
110.396	0.268568
110.44	0.275689
110.484	0.28021
110.53	0.270555
110.575	0.278783
110.62	0.274495
110.664	0.279838
110.71	0.273714
110.755	0.27826
110.8	0.278296
110.845	0.276656
110.891	0.270758
110.935	0.28525
110.98	0.275362
111.026	0.271483
111.071	0.277587
111.116	0.275498
111.161	0.277893
111.206	0.275541
111.252	0.275819
111.297	0.27831
111.343	0.27545
111.387	0.281369
111.432	0.280795
111.478	0.279177
111.523	0.27566
111.568	0.280256
111.614	0.279516
111.659	0.27967
111.704	0.276322
111.749	0.280027
111.794	0.280568
111.84	0.277499
111.885	0.276846
111.93	0.280834
111.976	0.279481
112.021	0.279398
112.066	0.284047
112.111	0.282262
112.157	0.280438
112.202	0.284698
112.247	0.281552
112.293	0.279637
112.338	0.284446
112.383	0.283967
112.428	0.284083
112.473	0.280348
112.518	0.286848
112.564	0.279709
112.609	0.284427
112.655	0.281295
112.699	0.287594
112.745	0.281894
112.79	0.288246
112.835	0.283417
112.88	0.286314
112.925	0.284071
112.971	0.282696
113.016	0.283765
113.062	0.285614
113.107	0.284883
113.152	0.286499
113.197	0.28318
113.243	0.283451
113.289	0.283365
113.334	0.287285
113.379	0.283471
113.424	0.289257
113.47	0.284406
113.515	0.28326
113.56	0.288433
113.606	0.287475
113.651	0.28622
113.696	0.287972
113.741	0.290529
113.787	0.282211
113.832	0.289077
113.878	0.287426
113.923	0.288215
113.968	0.287126
114.014	0.287857
114.059	0.2876
114.105	0.287973
114.151	0.28662
114.196	0.287921
114.242	0.286297
114.287	0.289856
114.333	0.288197
114.378	0.28806
114.424	0.288398
114.469	0.290698
114.515	0.287748
114.56	0.291539
114.606	0.287881
114.652	0.289157
114.698	0.287162
114.743	0.291552
114.788	0.290158
114.834	0.289619
114.88	0.288837
114.926	0.287852
114.971	0.293741
115.018	0.287455
115.063	0.291048
115.109	0.291835
115.154	0.293855
115.2	0.289725
115.245	0.294186
115.291	0.291172
115.337	0.291781
115.383	0.292333
115.428	0.294068
115.474	0.29107
115.52	0.291814
115.566	0.290868
115.612	0.291707
115.657	0.294441
115.703	0.295189
115.749	0.287937
115.795	0.297646
115.841	0.29218
115.886	0.297201
115.932	0.292481
115.978	0.291971
116.024	0.296021
116.07	0.292152
116.115	0.297951
116.161	0.293831
116.207	0.29478
116.253	0.294922
116.299	0.294027
116.344	0.298974
116.39	0.294858
116.436	0.298376
116.482	0.295821
116.528	0.292483
116.574	0.299327
116.619	0.297182
116.665	0.296165
116.711	0.295523
116.757	0.294919
116.803	0.29992
116.849	0.298218
116.894	0.298867
116.941	0.296016
116.986	0.303629
117.032	0.297145
117.078	0.297632
117.124	0.299124
117.17	0.298175
117.216	0.298423
117.262	0.296166
117.308	0.300329
117.354	0.296063
117.4	0.297756
117.446	0.300786
117.492	0.302719
117.538	0.297418
117.584	0.303225
117.63	0.297379
117.677	0.298541
117.723	0.300553
117.769	0.301898
117.815	0.304098
117.86	0.307324
117.907	0.299106
117.953	0.302966
117.999	0.299757
118.045	0.299054
118.091	0.302155
118.137	0.303772
118.183	0.303325
118.229	0.304117
118.275	0.300003
118.322	0.300115
118.368	0.304411
118.413	0.308892
118.46	0.299943
118.506	0.301492
118.553	0.302786
118.598	0.307432
118.644	0.30341
118.69	0.304779
118.736	0.30376
118.782	0.305334
118.829	0.30211
118.875	0.301956
118.92	0.31117
118.966	0.305917
119.013	0.304879
119.059	0.303139
119.105	0.307443
119.151	0.304747
119.197	0.307624
119.244	0.304139
119.29	0.304358
119.336	0.306293
119.382	0.305133
119.428	0.307593
119.474	0.308684
119.521	0.302548
119.567	0.306816
119.613	0.311917
119.66	0.303748
119.705	0.30934
119.751	0.310591
119.798	0.307816
119.843	0.311215
119.89	0.304772
119.935	0.320086
119.982	0.303067
120.029	0.306212
120.075	0.309462
120.121	0.309176
120.168	0.305596
120.214	0.310485
120.26	0.311275
120.306	0.312067
120.352	0.311912
120.399	0.310378
120.445	0.313198
120.491	0.313959
120.537	0.30927
120.583	0.313855
120.63	0.309858
120.677	0.311149
120.723	0.31126
120.769	0.313232
120.815	0.313193
120.862	0.30725
120.909	0.312201
120.954	0.319454
121	0.313123
121.047	0.312438
121.093	0.314768
121.139	0.314595
121.186	0.312561
121.232	0.31788
121.278	0.316842
121.325	0.310047
121.372	0.311385
121.418	0.316358
121.463	0.318416
121.51	0.311932
121.556	0.315247
121.604	0.308184
121.65	0.317366
121.696	0.315341
121.742	0.319068
121.789	0.31149
121.835	0.319593
121.881	0.317613
121.927	0.318738
121.974	0.313691
122.021	0.31803
122.067	0.31491
122.114	0.315132
122.16	0.319242
122.206	0.317386
122.253	0.317263
122.299	0.316928
122.346	0.315035
122.392	0.324021
122.438	0.317852
122.485	0.318793
122.531	0.319841
122.577	0.321039
122.624	0.316199
122.67	0.323892
122.717	0.31599
122.763	0.31979
122.81	0.31922
122.856	0.318884
122.902	0.321517
122.949	0.317743
122.995	0.320682
123.043	0.316677
123.088	0.32563
123.135	0.323539
123.182	0.318256
123.228	0.322033
123.275	0.321738
123.321	0.322224
123.368	0.32207
123.414	0.32462
123.461	0.317607
123.507	0.322667
123.554	0.319792
123.601	0.320367
123.647	0.325416
123.693	0.322064
123.74	0.318753
123.787	0.324005
123.833	0.323066
123.88	0.325841
123.926	0.325061
123.973	0.326164
124.019	0.322304
124.066	0.322186
124.112	0.328908
124.159	0.320409
124.205	0.328712
124.252	0.322141
124.299	0.326012
124.346	0.32332
124.392	0.327301
124.438	0.325806
124.485	0.326122
124.531	0.326375
124.578	0.325404
124.625	0.324582
124.671	0.328992
124.719	0.322605
124.765	0.328561
124.811	0.331533
124.858	0.32482
124.905	0.328579
124.951	0.326967
124.998	0.326894
125.045	0.321811
125.091	0.332532
125.138	0.327505
125.184	0.332829
125.231	0.331468
125.278	0.328558
125.324	0.331948
125.372	0.324352
125.418	0.332196
125.465	0.328001
125.512	0.325872
125.559	0.331922
125.605	0.329311
125.651	0.333228
125.698	0.327439
125.745	0.32843
125.792	0.33293
125.839	0.330709
125.886	0.329301
125.932	0.331532
125.979	0.335031
126.025	0.335964
126.073	0.32536
126.119	0.330725
126.165	0.338449
126.213	0.326648
126.259	0.337487
126.307	0.32498
126.354	0.331639
126.4	0.339563
126.446	0.333672
126.493	0.331682
126.54	0.333258
126.587	0.331164
126.634	0.333256
126.681	0.335517
126.728	0.335302
126.775	0.333634
126.821	0.335587
126.868	0.332638
126.915	0.338307
126.962	0.333988
127.009	0.336307
127.055	0.338409
127.102	0.335256
127.149	0.337668
127.196	0.328795
127.243	0.337464
127.289	0.343182
127.337	0.328594
127.383	0.343303
127.43	0.334706
127.477	0.339617
127.523	0.339528
127.571	0.3347
127.617	0.340363
127.665	0.332402
127.712	0.337288
127.758	0.34271
127.805	0.337449
127.852	0.342287
127.898	0.340352
127.946	0.333292
127.993	0.339481
128.039	0.341248
128.086	0.337729
128.133	0.33924
128.18	0.340465
128.226	0.349043
128.274	0.332775
128.32	0.343167
128.367	0.344395
128.414	0.338093
128.461	0.341531
128.508	0.338092
128.555	0.34121
128.601	0.342539
128.648	0.337399
128.695	0.339039
128.743	0.338621
128.789	0.343154
128.837	0.336081
128.884	0.341443
128.93	0.343594
128.976	0.344662
129.023	0.342984
129.071	0.33608
129.118	0.339478
129.165	0.342177
129.212	0.343517
129.259	0.338363
129.306	0.342813
129.352	0.343752
129.4	0.337934
129.447	0.342708
129.494	0.341125
129.541	0.339629
129.588	0.345135
129.635	0.339574
129.683	0.339578
129.729	0.347559
129.777	0.33766
129.823	0.347918
129.871	0.340629
129.917	0.34666
129.965	0.34006
130.012	0.342887
130.059	0.343806
130.106	0.344582
130.153	0.344776
130.2	0.344042
130.247	0.341881
130.294	0.346909
130.342	0.343152
130.389	0.344419
130.436	0.344864
130.483	0.349009
130.53	0.346329
130.577	0.341133
130.625	0.345016
130.671	0.349665
130.718	0.34355
130.766	0.34249
130.813	0.34616
130.86	0.347338
130.907	0.34316
130.954	0.351089
131.001	0.344121
131.048	0.352842
131.096	0.342833
131.143	0.351835
131.191	0.342224
131.237	0.354858
131.284	0.346946
131.332	0.347429
131.378	0.34942
131.426	0.344946
131.473	0.346516
131.521	0.346855
131.567	0.35741
131.615	0.339843
131.662	0.352498
131.71	0.346063
131.756	0.357276
131.803	0.348278
131.85	0.352041
131.897	0.352951
131.945	0.349342
131.992	0.349707
132.039	0.35659
132.086	0.348783
132.133	0.353842
132.18	0.347554
132.227	0.352563
132.275	0.349773
132.322	0.352577
132.37	0.34848
132.416	0.357727
132.463	0.354876
132.511	0.352555
132.558	0.352775
132.605	0.354378
132.653	0.350438
132.7	0.355595
132.747	0.351174
132.794	0.359883
132.841	0.347463
132.889	0.35328
132.936	0.355853
132.983	0.35543
133.03	0.355324
133.077	0.354916
133.125	0.354475
133.172	0.354994
133.219	0.357629
133.266	0.356714
133.313	0.355921
133.36	0.355394
133.407	0.356312
133.454	0.357447
133.502	0.353284
133.549	0.358508
133.596	0.354747
133.643	0.353379
133.69	0.359876
133.738	0.355462
133.785	0.354538
133.833	0.356848
133.88	0.35648
133.927	0.36029
133.974	0.357635
134.021	0.35885
134.069	0.353723
134.116	0.362661
134.163	0.353211
134.211	0.357921
134.258	0.359738
134.305	0.358348
134.352	0.358898
134.399	0.357703
134.447	0.358884
134.494	0.356162
134.541	0.361543
134.588	0.360167
134.636	0.355198
134.683	0.363375
134.73	0.360778
134.778	0.360242
134.824	0.363844
134.872	0.358029
134.92	0.355464
134.967	0.364689
135.014	0.357272
135.061	0.364764
135.109	0.360747
135.157	0.35832
135.204	0.364011
135.252	0.358292
135.299	0.363713
135.346	0.367506
135.394	0.357621
135.441	0.364949
135.489	0.359668
135.537	0.359338
135.583	0.365748
135.631	0.360114
135.679	0.360833
135.726	0.363609
135.774	0.362636
135.821	0.367011
135.868	0.361828
135.916	0.360626
135.964	0.366946
136.011	0.364744
136.059	0.363861
136.106	0.362721
136.153	0.371663
136.201	0.363491
136.249	0.360978
136.296	0.368182
136.343	0.361839
136.39	0.369228
136.438	0.362227
136.486	0.366286
136.533	0.36787
136.581	0.366867
136.628	0.365802
136.676	0.365652
136.723	0.368513
136.771	0.367848
136.818	0.366373
136.866	0.369052
136.913	0.368247
136.961	0.367421
137.008	0.365511
137.055	0.371726
137.103	0.366705
137.151	0.366548
137.198	0.369594
137.245	0.37134
137.294	0.36433
137.341	0.373078
137.388	0.367364
137.436	0.372178
137.483	0.372758
137.53	0.37203
137.578	0.367013
137.626	0.370087
137.674	0.367194
137.721	0.371852
137.769	0.368346
137.816	0.373696
137.864	0.3709
137.911	0.372567
137.959	0.371575
138.006	0.370893
138.054	0.369736
138.101	0.376555
138.149	0.372916
138.196	0.374995
138.244	0.372441
138.291	0.375203
138.339	0.370934
138.387	0.371124
138.434	0.375094
138.482	0.373005
138.529	0.372121
138.577	0.374735
138.625	0.369872
138.672	0.375986
138.72	0.371915
138.767	0.377143
138.815	0.37258
138.863	0.376602
138.911	0.372401
138.959	0.371465
139.006	0.381121
139.054	0.370795
139.101	0.375331
139.148	0.379545
139.197	0.369763
139.243	0.382105
139.292	0.36893
139.338	0.384892
139.387	0.369646
139.435	0.375607
139.482	0.376332
139.529	0.381789
139.577	0.37828
139.624	0.377777
139.672	0.378082
139.72	0.377976
139.767	0.378387
139.815	0.378723
139.863	0.369821
139.91	0.385825
139.958	0.374665
140.005	0.382455
140.053	0.377417
140.101	0.376758
140.148	0.380144
140.196	0.381384
140.244	0.377969
140.291	0.382642
140.339	0.382068
140.386	0.384039
140.434	0.380067
140.482	0.379024
140.529	0.381927
140.576	0.38327
140.624	0.375165
140.671	0.384859
140.719	0.382622
140.767	0.377636
140.814	0.382289
140.862	0.382615
140.91	0.380922
140.958	0.38326
141.005	0.385961
141.052	0.385937
141.101	0.3771
141.148	0.389461
141.195	0.381561
141.243	0.380958
141.291	0.383183
141.338	0.388078
141.386	0.38452
141.434	0.380765
141.482	0.382252
141.529	0.385557
141.577	0.386472
141.624	0.383813
141.672	0.382695
141.72	0.385915
141.768	0.380452
141.816	0.386861
141.863	0.38559
141.911	0.387804
141.959	0.383645
142.006	0.382089
142.054	0.383766
142.102	0.386855
142.15	0.382931
142.197	0.386581
142.245	0.382536
142.293	0.388476
142.34	0.389399
142.389	0.382419
142.436	0.389987
142.484	0.385726
142.532	0.387451
142.58	0.384874
142.627	0.392355
142.675	0.383883
142.722	0.387194
142.77	0.385328
142.818	0.385174
142.866	0.386318
142.914	0.387993
142.962	0.388035
143.01	0.389087
143.057	0.393149
143.105	0.38798
143.153	0.389101
143.201	0.387938
143.248	0.39437
143.296	0.384026
143.343	0.392642
143.392	0.387283
143.44	0.387212
143.487	0.390835
143.535	0.38951
143.583	0.38926
143.631	0.391467
143.678	0.391558
143.726	0.393805
143.774	0.388801
143.821	0.394212
143.869	0.390011
143.918	0.386406
143.965	0.393052
144.013	0.394456
144.061	0.393058
144.108	0.391955
144.156	0.395047
144.204	0.391636
144.252	0.388711
144.299	0.396426
144.347	0.393051
144.395	0.395936
144.443	0.391574
144.491	0.392914
144.539	0.388883
144.586	0.400427
144.634	0.391915
144.683	0.392018
144.73	0.399435
144.778	0.393206
144.826	0.390979
144.874	0.396488
144.922	0.394446
144.969	0.396909
145.017	0.39623
145.066	0.389371
145.113	0.397679
145.161	0.39679
145.208	0.4022
145.257	0.391585
145.305	0.397062
145.352	0.39899
145.4	0.399031
145.448	0.398629
145.496	0.391942
145.544	0.39569
145.592	0.393935
145.64	0.39859
145.688	0.399654
145.735	0.400713
145.783	0.398621
145.832	0.394066
145.88	0.397626
145.927	0.400786
145.975	0.398521
146.023	0.402066
146.071	0.395408
146.119	0.403864
146.167	0.39494
146.215	0.401331
146.262	0.400518
146.311	0.396505
146.359	0.397798
146.407	0.397947
146.455	0.40054
146.503	0.402311
146.55	0.403322
146.598	0.398393
146.646	0.400893
146.695	0.399652
146.742	0.404009
146.789	0.409754
146.838	0.392579
146.886	0.403653
146.934	0.398825
146.982	0.40436
147.03	0.399307
147.078	0.404065
147.125	0.405699
147.174	0.397935
147.221	0.407709
147.269	0.404682
147.317	0.403445
147.365	0.400842
147.413	0.403967
147.461	0.405263
147.509	0.400668
147.557	0.405214
147.605	0.405113
147.653	0.407388
147.701	0.403812
147.749	0.399477
147.796	0.40913
147.845	0.399444
147.893	0.405608
147.941	0.404043
147.989	0.407491
148.036	0.409518
148.084	0.40562
148.132	0.403757
148.181	0.403646
148.228	0.408821
148.276	0.40462
148.324	0.406242
148.372	0.405353
148.42	0.411145
148.468	0.404531
148.516	0.406948
148.564	0.406405
148.611	0.407797
148.659	0.406784
148.707	0.413705
148.755	0.403026
148.803	0.411736
148.851	0.409762
148.898	0.412865
148.947	0.406554
148.995	0.407788
149.043	0.408058
149.091	0.409968
149.138	0.410511
149.186	0.4069
149.234	0.408951
149.282	0.409471
149.33	0.40819
149.378	0.415958
149.426	0.408445
149.473	0.415857
149.522	0.407652
149.57	0.411434
149.618	0.411887
149.665	0.418117
149.713	0.408947
149.761	0.412791
149.81	0.406222
149.857	0.419718
149.905	0.406004
149.952	0.42087
150.001	0.403187
150.048	0.41907
150.097	0.409624
150.144	0.415784
150.193	0.408581
150.241	0.41384
150.289	0.41661
150.336	0.416355
150.384	0.41164
150.432	0.418532
150.48	0.412022
150.528	0.413789
150.577	0.406233
150.624	0.419592
150.673	0.411286
150.721	0.412839
150.77	0.409071
150.817	0.422267
150.865	0.415371
150.913	0.417915
150.961	0.410257
151.009	0.41638
151.057	0.412393
151.106	0.414593
151.154	0.416919
151.202	0.413722
151.25	0.413549
151.298	0.418307
151.346	0.41366
151.394	0.413342
151.442	0.419171
151.49	0.420163
151.538	0.412174
151.586	0.419438
151.634	0.418789
151.683	0.414568
151.73	0.41899
151.778	0.420054
151.827	0.415688
151.874	0.422919
151.922	0.424693
151.97	0.417359
152.018	0.419175
152.066	0.421804
152.114	0.420151
152.162	0.420411
152.21	0.423962
152.258	0.421465
152.306	0.422961
152.354	0.41746
152.401	0.428966
152.449	0.422115
152.497	0.41945
152.545	0.424502
152.593	0.421845
152.641	0.428247
152.688	0.423691
152.736	0.422554
152.784	0.428433
152.832	0.416698
152.88	0.422977
152.928	0.421977
152.975	0.426118
153.023	0.425633
153.071	0.420705
153.118	0.431284
153.166	0.422488
153.214	0.427481
153.262	0.423943
153.31	0.425777
153.357	0.426266
153.405	0.429628
153.453	0.423736
153.5	0.427262
153.548	0.427588
153.596	0.42246
153.644	0.424017
153.691	0.427587
153.739	0.429163
153.787	0.425074
153.835	0.423026
153.883	0.426823
153.93	0.428024
153.978	0.4268
154.026	0.422287
154.074	0.432655
154.122	0.423298
154.169	0.429822
154.217	0.430406
154.265	0.423458
154.313	0.425619
154.361	0.426531
154.409	0.426807
154.456	0.433161
154.504	0.420027
154.551	0.436961
154.599	0.428111
154.647	0.430483
154.695	0.423281
154.742	0.432394
154.79	0.425826
154.838	0.428483
154.887	0.423759
154.934	0.432229
154.981	0.430183
155.03	0.424758
155.077	0.429114
155.125	0.429276
155.173	0.435092
155.221	0.423965
155.269	0.428458
155.316	0.433885
155.365	0.425444
155.412	0.431692
155.46	0.431634
155.508	0.431719
155.556	0.429748
155.604	0.426694
155.652	0.427239
155.7	0.427791
155.748	0.433404
155.796	0.430943
155.844	0.427944
155.891	0.4318
155.939	0.431728
155.987	0.428966
156.035	0.429743
156.083	0.432616
156.132	0.424273
156.18	0.431596
156.227	0.434867
156.275	0.43412
156.323	0.425263
156.371	0.432134
156.419	0.431913
156.466	0.437144
156.514	0.430848
156.563	0.428699
156.61	0.435157
156.658	0.435262
156.706	0.433965
156.755	0.425419
156.802	0.437904
156.85	0.436195
156.898	0.434392
156.946	0.433772
156.994	0.432785
157.042	0.436548
157.091	0.428725
157.138	0.436396
157.186	0.433915
157.234	0.437826
157.282	0.437114
157.33	0.432856
157.378	0.435194
157.426	0.432992
157.474	0.438615
157.522	0.434874
157.569	0.44101
157.618	0.42951
157.666	0.438672
157.713	0.440348
157.761	0.432234
157.809	0.439133
157.857	0.432229
157.905	0.436636
157.953	0.4362
158.001	0.44225
158.049	0.436798
158.097	0.437576
158.145	0.440235
158.193	0.437741
158.241	0.437236
158.289	0.438515
158.337	0.433672
158.385	0.442916
158.432	0.44057
158.481	0.434775
158.528	0.440246
158.576	0.436883
158.624	0.442311
158.673	0.432418
158.72	0.440388
158.768	0.442181
158.817	0.434263
158.865	0.443408
158.912	0.442654
158.961	0.437444
159.009	0.441243
159.057	0.442838
159.104	0.44456
159.153	0.43438
159.2	0.446708
159.249	0.434359
159.296	0.447911
159.345	0.435134
159.393	0.438733
159.44	0.447431
159.489	0.440208
159.537	0.44108
159.585	0.440648
159.633	0.439671
159.681	0.441939
159.729	0.441948
159.778	0.436018
159.826	0.443065
159.873	0.446752
159.922	0.438747
159.97	0.44288
160.018	0.441139
160.066	0.443533
160.114	0.440379
160.163	0.436786
160.211	0.443534
160.259	0.444626
160.307	0.443472
160.355	0.448464
160.403	0.442498
160.451	0.444774
160.5	0.441141
160.547	0.447504
160.596	0.440532
160.643	0.450395
160.691	0.443456
160.74	0.441013
160.787	0.45132
160.836	0.439467
160.884	0.448003
160.932	0.446058
160.979	0.449346
161.027	0.448135
161.075	0.446095
161.123	0.447966
161.171	0.449672
161.219	0.445174
161.267	0.449471
161.316	0.445023
161.363	0.455045
161.411	0.448501
161.459	0.450586
161.506	0.452293
161.555	0.441746
161.603	0.450426
161.651	0.450776
161.699	0.447801
161.747	0.448627
161.794	0.453121
161.842	0.455106
161.89	0.449972
161.938	0.449867
161.986	0.451715
162.034	0.448418
162.081	0.455859
162.129	0.452523
162.177	0.451551
162.225	0.450386
162.272	0.45648
162.32	0.446407
162.368	0.452166
162.416	0.449115
162.465	0.449172
162.512	0.460419
162.56	0.448355
162.608	0.455319
162.655	0.459418
162.703	0.449646
162.75	0.458525
162.799	0.449794
162.847	0.452909
162.894	0.454062
162.942	0.454592
162.99	0.449628
163.038	0.453847
163.086	0.458363
163.134	0.45027
163.182	0.452568
163.23	0.455437
163.278	0.455053
163.325	0.457012
163.373	0.454654
163.421	0.456034
163.47	0.448977
163.517	0.459936
163.566	0.450047
163.613	0.457567
163.662	0.450863
163.709	0.458758
163.757	0.454228
163.805	0.456034
163.853	0.453269
163.901	0.454786
163.95	0.451015
163.997	0.462331
164.046	0.453465
164.094	0.453296
164.142	0.458875
164.189	0.463459
164.238	0.452036
164.285	0.457768
164.333	0.45899
164.382	0.453161
164.429	0.458607
164.478	0.451081
164.526	0.456951
164.574	0.460447
164.623	0.451511
164.67	0.464065
164.719	0.453142
164.766	0.462089
164.814	0.457203
164.862	0.460519
164.911	0.453003
164.959	0.458744
165.007	0.458625
165.055	0.456111
165.103	0.465131
165.15	0.464424
165.199	0.450062
165.247	0.468813
165.296	0.451598
165.344	0.46183
165.391	0.466638
165.439	0.458755
165.487	0.461485
165.535	0.463863
165.584	0.457864
165.631	0.46516
165.679	0.466166
165.727	0.461591
165.775	0.462568
165.823	0.46691
165.871	0.456041
165.92	0.462044
165.967	0.464753
166.015	0.46684
166.064	0.458126
166.111	0.469427
166.159	0.466866
166.207	0.46407
166.255	0.468504
166.303	0.464446
166.35	0.467056
166.399	0.461838
166.447	0.464453
166.495	0.465953
166.543	0.464371
166.591	0.469748
166.638	0.467535
166.686	0.468657
166.735	0.459124
166.782	0.474012
166.83	0.468451
166.878	0.464393
166.926	0.466406
166.973	0.47274
167.022	0.463772
167.069	0.469682
167.117	0.467014
167.165	0.474367
167.212	0.470242
167.26	0.471155
167.308	0.464875
167.356	0.466628
167.404	0.472739
167.452	0.466823
167.499	0.47185
167.547	0.47187
167.595	0.466358
167.643	0.467715
167.691	0.473285
167.739	0.467061
167.786	0.471561
167.834	0.468203
167.883	0.467511
167.931	0.469088
167.978	0.471965
168.026	0.466571
168.074	0.474715
168.122	0.469875
168.17	0.463654
168.218	0.472996
168.266	0.468958
168.314	0.471173
168.362	0.470394
168.41	0.467721
168.458	0.468951
168.505	0.476114
168.553	0.46939
168.601	0.472816
168.65	0.466767
168.698	0.470314
168.745	0.477338
168.793	0.467176
168.84	0.478035
168.889	0.468228
168.937	0.466108
168.986	0.465786
169.033	0.475919
169.082	0.466
169.13	0.471879
169.178	0.473266
169.226	0.471314
169.274	0.472326
169.322	0.472014
169.37	0.471695
169.418	0.471856
169.467	0.468594
169.515	0.471776
169.563	0.469742
169.611	0.475482
169.659	0.474329
169.707	0.470832
169.755	0.473169
169.803	0.472621
169.852	0.470457
169.9	0.474133
169.949	0.467341
169.996	0.478932
170.044	0.475465
170.093	0.47019
170.141	0.473907
170.19	0.468836
170.238	0.475606
170.285	0.476579
170.334	0.472335
170.382	0.478772
170.431	0.468172
170.478	0.478531
170.527	0.4763
170.575	0.474343
170.623	0.475727
170.671	0.478604
170.72	0.473823
170.768	0.474473
170.815	0.483023
170.864	0.468625
170.913	0.473165
170.96	0.483736
171.009	0.468661
171.057	0.483714
171.105	0.479014
171.153	0.477131
171.202	0.475843
171.25	0.480554
171.299	0.473526
171.347	0.479944
171.395	0.481991
171.443	0.477129
171.491	0.479229
171.539	0.477942
171.588	0.470841
171.635	0.490436
171.684	0.473041
171.732	0.477469
171.781	0.480016
171.829	0.474955
171.877	0.485012
171.925	0.485793
171.973	0.481957
172.022	0.470415
172.07	0.485614
172.118	0.479772
172.167	0.475036
172.214	0.48612
172.263	0.47546
172.312	0.478532
172.36	0.480873
172.408	0.482803
172.456	0.483682
172.505	0.481147
172.553	0.476761
172.602	0.480548
172.65	0.480873
172.698	0.481615
172.746	0.485884
172.795	0.482121
172.843	0.479345
172.892	0.481081
172.94	0.480812
172.988	0.485746
173.037	0.475278
173.085	0.482676
173.133	0.486867
173.181	0.483676
173.23	0.482405
173.278	0.481966
173.327	0.477677
173.375	0.491193
173.424	0.48111
173.473	0.47725
173.52	0.488727
173.569	0.479367
173.617	0.487572
173.666	0.482444
173.714	0.482191
173.762	0.487404
173.811	0.478396
173.859	0.489181
173.908	0.475836
173.957	0.486982
174.005	0.484999
174.054	0.481981
174.102	0.486434
174.151	0.484339
174.199	0.48179
174.248	0.488723
174.296	0.486891
174.345	0.485083
174.393	0.485784
174.441	0.486628
174.489	0.491308
174.538	0.484863
174.587	0.481573
174.635	0.491787
174.684	0.483454
174.732	0.493026
174.781	0.487536
174.829	0.4862
174.878	0.491899
174.927	0.483971
174.975	0.488883
175.023	0.497112
175.071	0.489372
175.12	0.488015
175.168	0.49211
175.217	0.485384
175.266	0.485519
175.313	0.498414
175.362	0.486351
175.411	0.488693
175.459	0.4913
175.508	0.489764
175.556	0.494926
175.605	0.48891
175.653	0.490956
175.701	0.497671
175.75	0.487146
175.798	0.497168
175.847	0.486684
175.895	0.493437
175.943	0.496264
175.992	0.485353
176.04	0.497728
176.089	0.485387
176.138	0.49283
176.186	0.495545
176.234	0.49512
176.283	0.486306
176.331	0.501641
176.38	0.491075
176.428	0.491729
176.477	0.496708
176.525	0.490561
176.573	0.502378
176.623	0.48422
176.671	0.495717
176.719	0.494722
176.767	0.500706
176.816	0.4903
176.865	0.486909
176.913	0.49938
176.962	0.495917
177.01	0.498158
177.058	0.49457
177.107	0.491364
177.155	0.503032
177.204	0.490807
177.252	0.500034
177.301	0.493081
177.349	0.497472
177.398	0.493628
177.446	0.495974
177.495	0.499515
177.544	0.491809
177.592	0.500891
177.641	0.493683
177.69	0.492213
177.738	0.496836
177.786	0.503392
177.835	0.497671
177.883	0.497626
177.932	0.498629
177.981	0.492507
178.029	0.50373
178.078	0.490944
178.126	0.501803
178.174	0.499962
178.223	0.496757
178.272	0.49719
178.321	0.496412
178.369	0.500477
178.417	0.501658
178.467	0.49271
178.516	0.497559
178.564	0.501199
178.613	0.498829
178.661	0.499174
178.71	0.499983
178.759	0.492818
178.808	0.501029
178.856	0.500543
178.905	0.50101
178.953	0.506638
179.002	0.492642
179.051	0.502762
179.099	0.499654
179.148	0.498253
179.196	0.50542
179.245	0.502415
179.294	0.499099
179.343	0.497514
179.391	0.506972
179.44	0.495233
179.489	0.503283
179.538	0.493468
179.587	0.505157
179.634	0.515348
179.683	0.496871
179.732	0.50365
179.781	0.501534
179.829	0.503706
179.878	0.502517
179.927	0.502906
179.976	0.502491
180.024	0.503746
180.073	0.505006
180.121	0.504749
180.171	0.499159
180.219	0.508296
180.268	0.502511
180.316	0.503508
180.365	0.500131
180.414	0.508272
180.462	0.506039
180.511	0.509803
180.559	0.507589
180.608	0.503621
180.656	0.508425
180.705	0.503157
180.754	0.506645
180.803	0.500246
180.851	0.513365
180.9	0.498672
180.948	0.521399
180.997	0.503322
181.045	0.508358
181.094	0.50248
181.142	0.514171
181.191	0.506823
181.239	0.512134
181.289	0.501488
181.337	0.511781
181.385	0.512301
181.434	0.503876
181.483	0.509391
181.531	0.509772
181.581	0.501009
181.629	0.513917
181.677	0.512496
181.726	0.508187
181.775	0.503621
181.823	0.512882
181.872	0.511625
181.921	0.505904
181.969	0.511988
182.018	0.509039
182.066	0.5124
182.115	0.513323
182.164	0.502764
182.212	0.516636
182.262	0.502106
182.31	0.513051
182.359	0.512802
182.408	0.504391
182.456	0.516364
182.504	0.517967
182.553	0.50509
182.602	0.516476
182.651	0.502976
182.699	0.516989
182.748	0.514694
182.796	0.517783
182.845	0.503844
182.894	0.510342
182.943	0.505809
182.992	0.512012
183.04	0.51747
183.089	0.514043
183.138	0.510574
183.186	0.510096
183.235	0.513566
183.283	0.520118
183.333	0.498545
183.381	0.518472
183.43	0.513108
183.479	0.512327
183.527	0.514445
183.576	0.511793
183.624	0.518628
183.673	0.510641
183.722	0.512924
183.771	0.51491
183.82	0.512479
183.869	0.512775
183.917	0.513573
183.966	0.51735
184.015	0.510308
184.064	0.513145
184.113	0.513189
184.161	0.518417
184.21	0.517665
184.258	0.518014
184.307	0.512918
184.355	0.520228
184.404	0.514566
184.453	0.515827
184.502	0.509289
184.551	0.52291
184.599	0.519166
184.647	0.520238
184.696	0.517164
184.745	0.512391
184.794	0.515926
184.843	0.518217
184.891	0.524302
184.94	0.512841
184.989	0.512735
185.037	0.521966
185.086	0.518121
185.134	0.527266
185.183	0.516491
185.231	0.521871
185.28	0.517786
185.329	0.512186
185.377	0.531137
185.426	0.514572
185.475	0.513244
185.524	0.520874
185.572	0.520917
185.62	0.52231
185.669	0.523292
185.717	0.523335
185.766	0.514047
185.815	0.52341
185.864	0.51746
185.912	0.525471
185.96	0.521356
186.009	0.519102
186.058	0.520882
186.106	0.519069
186.155	0.518715
186.204	0.522551
186.252	0.52514
186.301	0.516459
186.349	0.525166
186.397	0.52281
186.446	0.517582
186.495	0.522418
186.543	0.525417
186.592	0.519397
186.641	0.515952
186.689	0.527804
186.738	0.52313
186.787	0.516534
186.835	0.525037
186.884	0.517511
186.932	0.527759
186.981	0.514938
187.03	0.520363
187.079	0.521755
187.127	0.525373
187.176	0.522089
187.224	0.527179
187.273	0.524997
187.322	0.513783
187.37	0.528769
187.419	0.52039
187.468	0.524481
187.517	0.523553
187.566	0.519285
187.614	0.52543
187.662	0.52733
187.712	0.518292
187.761	0.52147
187.809	0.528628
187.858	0.520125
187.906	0.526374
187.956	0.52033
188.004	0.526386
188.053	0.523875
188.102	0.524037
188.15	0.52615
188.2	0.518659
188.248	0.526145
188.297	0.525673
188.345	0.531235
188.395	0.51649
188.444	0.521881
188.492	0.534061
188.541	0.52498
188.589	0.529257
188.638	0.525168
188.687	0.524085
188.736	0.528581
188.785	0.527814
188.834	0.519341
188.882	0.535605
188.931	0.524413
188.979	0.529922
189.029	0.520149
189.077	0.53326
189.126	0.528631
189.175	0.523892
189.224	0.529297
189.272	0.529878
189.321	0.533419
189.37	0.529227
189.418	0.529978
189.467	0.525612
189.516	0.531746
189.565	0.529356
189.613	0.528854
189.662	0.5314
189.711	0.528717
189.76	0.528635
189.808	0.537622
189.856	0.533264
189.906	0.523364
189.954	0.530116
190.003	0.53209
190.052	0.529908
190.1	0.534765
190.149	0.527155
190.197	0.538637
190.246	0.528103
190.295	0.534012
190.344	0.525471
190.392	0.538467
190.441	0.534832
190.49	0.530887
190.538	0.533803
190.587	0.530121
190.636	0.536033
190.685	0.531264
190.734	0.528681
190.782	0.537813
190.831	0.533775
190.88	0.533032
190.928	0.536235
190.977	0.534294
191.026	0.53028
191.075	0.531273
191.124	0.532383
191.172	0.532913
191.221	0.529971
191.27	0.534458
191.319	0.534063
191.368	0.531956
191.417	0.532755
191.466	0.534752
191.514	0.534848
191.563	0.532445
191.612	0.535741
191.661	0.535272
191.709	0.53949
191.758	0.531058
191.807	0.536038
191.856	0.531868
191.904	0.538377
191.953	0.533464
192.003	0.531856
192.052	0.532454
192.1	0.539094
192.149	0.536092
192.198	0.538261
192.247	0.529939
192.296	0.533849
192.344	0.54479
192.393	0.532754
192.443	0.531242
192.491	0.537667
192.54	0.53562
192.588	0.544827
192.637	0.534036
192.686	0.535265
192.735	0.535599
192.784	0.535414
192.834	0.535157
192.882	0.544453
192.931	0.537235
192.98	0.537337
193.029	0.531131
193.078	0.538972
193.127	0.535275
193.176	0.542991
193.224	0.540104
193.274	0.533525
193.323	0.530755
193.372	0.5451
193.42	0.542793
193.469	0.544218
193.518	0.534366
193.567	0.534744
193.616	0.543979
193.665	0.541039
193.714	0.538486
193.762	0.5434
193.811	0.540023
193.86	0.538607
193.909	0.543128
193.958	0.535827
194.007	0.548145
194.056	0.538753
194.105	0.532484
194.154	0.54651
194.203	0.53621
194.251	0.550211
194.3	0.536905
194.349	0.546423
194.398	0.542032
194.446	0.544194
194.496	0.538148
194.544	0.546637
194.593	0.545811
194.642	0.546534
194.69	0.544321
194.739	0.54103
194.788	0.543109
194.837	0.542393
194.886	0.539113
194.935	0.548812
194.984	0.54219
195.033	0.541015
195.082	0.548761
195.13	0.544237
195.179	0.55246
195.228	0.543772
195.276	0.547695
195.325	0.550642
195.373	0.550219
195.422	0.540403
195.472	0.540744
195.52	0.548071
195.569	0.543705
195.617	0.555764
195.667	0.54037
195.715	0.546906
195.764	0.551378
195.813	0.541357
195.861	0.55343
195.91	0.546628
195.959	0.552494
196.007	0.548768
196.056	0.544804
196.105	0.548853
196.154	0.543386
196.203	0.547284
196.251	0.554028
196.3	0.550769
196.349	0.540428
196.397	0.556498
196.447	0.537963
196.496	0.551036
196.544	0.553235
196.593	0.550368
196.642	0.54469
196.69	0.554926
196.739	0.546125
196.788	0.550035
196.837	0.544893
196.886	0.55028
196.935	0.548864
196.984	0.546955
197.033	0.549337
197.082	0.543528
197.131	0.551168
197.179	0.552719
197.228	0.546388
197.277	0.551275
197.326	0.548205
197.375	0.546873
197.424	0.55209
197.473	0.548371
197.522	0.548085
197.572	0.54202
197.62	0.552454
197.669	0.552144
197.718	0.55142
197.767	0.549965
197.816	0.547251
197.865	0.5536
197.914	0.548545
197.963	0.547874
198.012	0.553305
198.061	0.551459
198.11	0.550316
198.158	0.554113
198.208	0.548845
198.257	0.545763
198.306	0.552967
198.355	0.549984
198.404	0.554096
198.453	0.552815
198.502	0.551151
198.551	0.552935
198.6	0.548877
198.648	0.55842
198.698	0.547088
198.746	0.555985
198.796	0.545837
198.845	0.555619
198.893	0.556676
198.942	0.55643
198.991	0.550248
199.041	0.551411
199.09	0.548901
199.139	0.556707
199.188	0.555792
199.236	0.558151
199.286	0.549571
199.335	0.555047
199.383	0.559691
199.433	0.548535
199.482	0.555441
199.53	0.557983
199.58	0.546961
199.628	0.565695
199.678	0.551594
199.727	0.552178
199.776	0.555342
199.826	0.549645
199.874	0.55952
199.923	0.562417
199.972	0.553913
200.021	0.554385
200.07	0.562918
200.119	0.551609
200.168	0.564245
200.217	0.546339
200.267	0.552168
200.315	0.564308
200.365	0.552693
200.414	0.556637
200.463	0.56113
200.512	0.549104
200.561	0.566081
200.61	0.554934
200.66	0.551615
200.708	0.561175
200.757	0.558541
200.807	0.555729
200.855	0.562119
200.905	0.553532
200.954	0.56032
201.003	0.562345
201.052	0.556506
201.101	0.563936
201.15	0.551134
201.199	0.567343
201.248	0.559814
201.297	0.558958
201.346	0.557799
201.396	0.555801
201.444	0.564953
201.494	0.559147
201.542	0.562164
201.591	0.571865
201.64	0.558289
201.689	0.556569
201.739	0.555824
201.788	0.56507
201.837	0.561667
201.886	0.557894
201.935	0.567216
201.984	0.560949
202.033	0.565521
202.081	0.563954
202.131	0.553617
202.18	0.565044
202.229	0.559407
202.278	0.566266
202.327	0.567589
202.376	0.562086
202.425	0.565347
202.474	0.557755
202.523	0.567384
202.572	0.55983
202.621	0.569972
202.67	0.565329
202.719	0.560688
202.769	0.558322
202.817	0.574663
202.866	0.560744
202.915	0.563055
202.964	0.566984
203.013	0.55888
203.062	0.565213
203.112	0.561739
203.16	0.570756
203.21	0.558516
203.259	0.560158
203.307	0.570766
203.357	0.562286
203.405	0.569029
203.455	0.558852
203.504	0.561632
203.553	0.561418
203.602	0.568026
203.651	0.56711
203.701	0.559149
203.75	0.562674
203.799	0.568304
203.848	0.559003
203.897	0.567101
203.947	0.558868
203.996	0.568998
204.045	0.563252
204.094	0.563152
204.143	0.562353
204.193	0.563707
204.241	0.570398
204.29	0.57204
204.34	0.56339
204.389	0.564539
204.438	0.564755
204.487	0.569721
204.537	0.563378
204.586	0.568774
204.634	0.57115
204.684	0.560839
204.733	0.569615
204.782	0.570492
204.831	0.566787
204.88	0.569144
204.929	0.566834
204.979	0.566152
205.028	0.572226
205.076	0.573816
205.126	0.568847
205.175	0.5693
205.224	0.566737
205.273	0.576097
205.322	0.562384
205.371	0.576984
205.42	0.565838
205.47	0.565657
205.519	0.573821
205.567	0.5743
205.616	0.572768
205.665	0.573978
205.715	0.567097
205.763	0.575287
205.812	0.574594
205.861	0.569634
205.911	0.569139
205.959	0.579714
206.008	0.57048
206.057	0.579001
206.106	0.567586
206.156	0.569056
206.204	0.584073
206.254	0.563131
206.302	0.578641
206.351	0.580929
206.4	0.56793
206.449	0.574572
206.498	0.578905
206.547	0.56619
206.596	0.580597
206.645	0.573304
206.694	0.571126
206.743	0.579076
206.792	0.56953
206.841	0.577487
206.89	0.58027
206.939	0.566354
206.988	0.580052
207.037	0.571851
207.087	0.572554
207.135	0.582082
207.184	0.571716
207.233	0.578151
207.283	0.565782
207.332	0.582501
207.381	0.574715
207.43	0.576773
207.479	0.578689
207.527	0.579746
207.576	0.575093
207.626	0.573213
207.675	0.578019
207.724	0.577037
207.772	0.57985
207.822	0.576029
207.87	0.578354
207.919	0.578733
207.969	0.572569
208.018	0.578906
208.067	0.579192
208.116	0.574319
208.165	0.583056
208.214	0.570449
208.264	0.573664
208.313	0.576982
208.361	0.582129
208.411	0.574961
208.459	0.581598
208.509	0.571132
208.557	0.586099
208.607	0.573957
208.656	0.57902
208.705	0.575377
208.754	0.58593
208.803	0.568249
208.852	0.581502
208.901	0.578954
208.951	0.578647
209	0.571774
209.049	0.587042
209.097	0.582103
209.147	0.577737
209.196	0.57567
209.245	0.57968
209.294	0.575805
209.343	0.585733
209.392	0.57683
209.442	0.578143
209.49	0.583751
209.539	0.581309
209.589	0.577862
209.637	0.585999
209.687	0.574942
209.735	0.588314
209.785	0.572197
209.834	0.585628
209.882	0.586152
209.932	0.575998
209.981	0.579776
210.03	0.583016
210.08	0.572568
210.129	0.586641
210.177	0.583511
210.227	0.581481
210.275	0.585233
210.325	0.580985
210.374	0.576543
210.422	0.59343
210.471	0.583824
210.521	0.57662
210.57	0.584741
210.619	0.581152
210.668	0.580147
210.716	0.590462
210.766	0.574254
210.815	0.591313
210.864	0.580039
210.912	0.590257
210.962	0.577859
211.01	0.591945
211.059	0.582768
211.109	0.582506
211.157	0.58928
211.206	0.581572
211.255	0.587183
211.304	0.584416
211.354	0.57808
211.402	0.589962
211.451	0.58752
211.5	0.586544
211.549	0.585619
211.598	0.58535
211.647	0.584107
211.696	0.588726
211.745	0.586205
211.794	0.584291
211.844	0.582306
211.892	0.59223
211.942	0.583929
211.99	0.59774
212.039	0.580798
212.088	0.586709
212.137	0.58618
212.186	0.584783
212.235	0.590368
212.285	0.581458
212.334	0.590979
212.383	0.585053
212.432	0.58909
212.481	0.58691
212.53	0.593112
212.578	0.591407
212.627	0.59049
212.677	0.574886
212.726	0.593582
212.775	0.588927
212.825	0.581395
212.873	0.5948
212.922	0.586595
212.972	0.584628
213.02	0.597051
213.069	0.584306
213.118	0.592634
213.167	0.587574
213.217	0.581572
213.266	0.589558
213.316	0.58038
213.364	0.596617
213.413	0.58298
213.463	0.584816
213.512	0.588267
213.561	0.586836
213.61	0.587536
213.659	0.588828
213.708	0.58672
213.758	0.583138
213.807	0.587429
213.856	0.597561
213.905	0.587794
213.954	0.593773
214.004	0.579749
214.053	0.592261
214.102	0.582622
214.151	0.592477
214.2	0.594475
214.249	0.584823
214.299	0.583542
214.348	0.595506
214.398	0.58208
214.446	0.596815
214.495	0.598209
214.545	0.579513
214.594	0.594259
214.642	0.594191
214.692	0.584414
214.741	0.591103
214.79	0.595232
214.839	0.592389
214.888	0.588796
214.937	0.594669
214.987	0.591136
215.035	0.597615
215.085	0.583799
215.134	0.599713
215.182	0.59792
215.231	0.594165
215.281	0.591159
215.33	0.591829
215.379	0.596189
215.428	0.597458
215.476	0.603146
215.525	0.58999
215.575	0.591616
215.624	0.594245
215.673	0.597752
215.722	0.590252
215.771	0.603692
215.82	0.595899
215.869	0.588817
215.918	0.595085
215.967	0.595188
216.016	0.604229
216.065	0.590453
216.114	0.59724
216.163	0.599891
216.212	0.597091
216.261	0.59945
216.31	0.594204
216.359	0.592334
216.408	0.599423
216.458	0.592114
216.507	0.593839
216.556	0.596689
216.604	0.604369
216.654	0.593152
216.703	0.600943
216.752	0.595891
216.801	0.591561
216.85	0.601734
216.899	0.593822
216.948	0.596095
216.997	0.603917
217.046	0.593137
217.095	0.602751
217.144	0.594289
217.194	0.59531
217.242	0.603629
217.291	0.596189
217.34	0.596903
217.389	0.60049
217.438	0.596301
217.487	0.597799
217.537	0.593506
217.586	0.602169
217.635	0.596465
217.684	0.594848
217.733	0.601918
217.783	0.591715
217.831	0.609192
217.88	0.595268
217.929	0.597716
217.979	0.594144
218.028	0.59934
218.077	0.599805
218.126	0.602372
218.175	0.598193
218.225	0.593107
218.274	0.596956
218.322	0.611287
218.371	0.598061
218.421	0.594371
218.471	0.59122
218.52	0.599968
218.569	0.601428
218.618	0.6009
218.667	0.602976
218.716	0.593614
218.766	0.599942
218.814	0.607482
218.864	0.595551
218.912	0.613508
218.962	0.591909
219.011	0.605419
219.059	0.608064
219.109	0.598761
219.159	0.594027
219.208	0.596634
219.256	0.616798
219.305	0.605507
219.354	0.601682
219.404	0.603263
219.453	0.596866
219.502	0.606165
219.552	0.600229
219.6	0.611015
219.65	0.595399
219.698	0.612132
219.748	0.598074
219.796	0.613111
219.846	0.594065
219.895	0.60468
219.945	0.598978
219.994	0.608823
220.043	0.605608
220.092	0.604729
220.141	0.603748
220.191	0.602515
220.24	0.604845
220.289	0.604799
220.338	0.603566
220.388	0.602532
220.437	0.609011
220.485	0.612374
220.535	0.601346
220.584	0.605101
220.634	0.601097
220.683	0.607571
220.731	0.610423
220.781	0.606762
220.83	0.5998
220.879	0.609367
220.928	0.606112
220.977	0.614358
221.026	0.603208
221.075	0.609604
221.125	0.60586
221.174	0.601375
221.223	0.605381
221.273	0.607138
221.322	0.608803
221.371	0.610329
221.42	0.612439
221.469	0.602893
221.519	0.60712
221.568	0.606824
221.617	0.612985
221.666	0.607474
221.716	0.606032
221.764	0.617791
221.814	0.599852
221.863	0.61128
221.913	0.605685
221.961	0.618629
222.011	0.603532
222.06	0.610508
222.109	0.612838
222.159	0.605449
222.208	0.608598
222.257	0.612815
222.307	0.605149
222.356	0.617406
222.406	0.596218
222.455	0.616544
222.504	0.603829
222.553	0.614773
222.603	0.608892
222.653	0.6022
222.702	0.609124
222.751	0.612693
222.8	0.61248
222.85	0.6126
222.899	0.606147
222.949	0.611705
222.998	0.606643
223.047	0.621283
223.096	0.613403
223.145	0.608719
223.195	0.608571
223.244	0.609783
223.294	0.612789
223.344	0.601319
223.393	0.616527
223.442	0.610051
223.492	0.609903
223.541	0.613685
223.59	0.614922
223.639	0.616928
223.689	0.610335
223.738	0.61379
223.788	0.611823
223.837	0.609511
223.887	0.606108
223.936	0.616783
223.985	0.616052
224.035	0.612165
224.084	0.614214
224.133	0.61385
224.182	0.616483
224.232	0.604709
224.281	0.628464
224.33	0.610671
224.379	0.616293
224.428	0.616201
224.478	0.612954
224.527	0.615448
224.576	0.614942
224.626	0.609175
224.675	0.620921
224.724	0.615968
224.774	0.609071
224.823	0.617152
224.872	0.617027
224.921	0.622349
224.971	0.607149
225.02	0.617896
225.069	0.616901
225.119	0.612889
225.168	0.6156
225.217	0.623066
225.266	0.623201
225.315	0.612633
225.365	0.613278
225.414	0.613787
225.463	0.627405
225.512	0.612319
225.561	0.620858
225.611	0.613187
225.66	0.6197
225.71	0.612578
225.758	0.623732
225.807	0.620118
225.857	0.612511
225.906	0.61653
225.956	0.615052
226.005	0.620491
226.054	0.616542
226.104	0.619901
226.152	0.626358
226.201	0.6184
226.251	0.614903
226.301	0.613528
226.35	0.620598
226.399	0.619487
226.448	0.619148
226.497	0.62629
226.546	0.612952
226.595	0.622726
226.645	0.616869
226.694	0.616488
226.743	0.621187
226.793	0.616673
226.842	0.620419
226.892	0.613795
226.941	0.617833
226.99	0.624952
227.039	0.622741
227.088	0.616398
227.137	0.623635
227.187	0.619203
227.236	0.622939
227.285	0.621876
227.334	0.620925
227.384	0.612678
227.434	0.613942
227.483	0.624988
227.532	0.629796
227.581	0.615661
227.63	0.62601
227.679	0.62227
227.729	0.611472
227.779	0.617615
227.827	0.632086
227.878	0.611281
227.927	0.620517
227.976	0.617467
228.025	0.624825
228.075	0.61959
228.124	0.625537
228.174	0.610613
228.223	0.622852
228.272	0.620592
228.322	0.618674
228.371	0.622558
228.42	0.623832
228.47	0.616862
228.519	0.617978
228.569	0.619124
228.618	0.622567
228.667	0.625726
228.717	0.620684
228.767	0.616761
228.815	0.630515
228.865	0.623409
228.915	0.614909
228.964	0.629901
229.014	0.617199
229.063	0.622985
229.113	0.620516
229.162	0.618544
229.211	0.636228
229.261	0.614988
229.31	0.626237
229.36	0.616462
229.409	0.629411
229.458	0.626306
229.509	0.611858
229.558	0.631385
229.607	0.625769
229.657	0.623003
229.706	0.630033
229.755	0.620094
229.805	0.62297
229.854	0.625287
229.904	0.627207
229.953	0.625341
230.002	0.628639
230.052	0.625925
230.101	0.627575
230.151	0.624442
230.2	0.628523
230.25	0.622495
230.299	0.626849
230.348	0.630296
230.397	0.628366
230.446	0.632741
230.496	0.62308
230.545	0.629771
230.595	0.622859
230.644	0.627539
230.693	0.630462
230.743	0.629796
230.792	0.62666
230.841	0.635091
230.891	0.621361
230.94	0.626053
230.99	0.626479
231.039	0.635473
231.088	0.628412
231.138	0.625554
231.187	0.626165
231.236	0.630568
231.286	0.624249
231.336	0.628167
231.384	0.635773
231.434	0.629025
231.484	0.625085
231.533	0.627555
231.581	0.64378
231.631	0.623429
231.681	0.628811
231.731	0.623173
231.779	0.639359
231.829	0.617842
231.878	0.63646
231.928	0.624557
231.978	0.631092
232.026	0.636623
232.076	0.630026
232.125	0.635225
232.175	0.625473
232.224	0.627139
232.274	0.629631
232.324	0.628759
232.373	0.629619
232.422	0.635457
232.472	0.628809
232.521	0.638105
232.57	0.628388
232.62	0.629706
232.67	0.625274
232.719	0.636307
232.768	0.633283
232.818	0.628071
232.867	0.634446
232.917	0.632186
232.966	0.632809
233.016	0.628082
233.065	0.636527
233.115	0.628263
233.164	0.638225
233.213	0.62572
233.264	0.62237
233.313	0.635853
233.362	0.633365
233.412	0.631947
233.462	0.628884
233.511	0.635867
233.561	0.626591
233.61	0.63182
233.66	0.633731
233.709	0.631089
233.759	0.631508
233.808	0.631959
233.858	0.630986
233.907	0.630949
233.957	0.638348
234.006	0.628907
234.055	0.640808
234.105	0.631842
234.154	0.636763
234.204	0.629661
234.254	0.624044
234.304	0.636298
234.354	0.628184
234.403	0.635152
234.452	0.635519
234.502	0.634058
234.551	0.634373
234.601	0.633321
234.65	0.637641
234.7	0.627423
234.75	0.630811
234.799	0.638592
234.849	0.634211
234.899	0.629007
234.948	0.641148
234.998	0.626232
235.048	0.639912
235.098	0.630824
235.147	0.63805
235.197	0.633436
235.246	0.639966
235.296	0.634595
235.346	0.633976
235.396	0.63294
235.445	0.639915
235.495	0.631351
235.545	0.635267
235.594	0.642645
235.644	0.63968
235.693	0.641325
235.743	0.634761
235.792	0.64193
235.842	0.635237
235.892	0.641874
235.941	0.635329
235.991	0.64083
236.041	0.638996
236.09	0.640823
236.139	0.652866
236.189	0.635122
236.239	0.637935
236.287	0.654562
236.338	0.627502
236.387	0.649225
236.436	0.637458
236.486	0.643118
236.535	0.640413
236.584	0.64797
236.634	0.64134
236.683	0.640856
236.733	0.640873
236.781	0.653092
236.832	0.631742
236.881	0.64595
236.931	0.635965
236.98	0.650908
237.029	0.637391
237.079	0.640805
237.128	0.644367
237.177	0.652874
237.227	0.638781
237.276	0.63898
237.326	0.645795
237.375	0.640581
237.424	0.646598
237.474	0.639742
237.524	0.644666
237.573	0.6455
237.622	0.648599
237.672	0.640321
237.721	0.64116
237.771	0.640858
237.82	0.648944
237.869	0.647143
237.919	0.642632
237.968	0.650717
238.017	0.642623
238.067	0.642373
238.116	0.650577
238.166	0.636039
238.215	0.65087
238.265	0.6398
238.315	0.641181
238.364	0.654362
238.413	0.64667
238.462	0.644448
238.512	0.641639
238.562	0.644639
238.612	0.638443
238.66	0.659921
238.71	0.637859
238.759	0.649431
238.81	0.63259
238.859	0.653505
238.908	0.644135
238.958	0.648392
239.007	0.648071
239.057	0.644287
239.106	0.644784
239.156	0.645994
239.205	0.655355
239.254	0.640691
239.304	0.643375
239.354	0.646941
239.402	0.653045
239.453	0.63422
239.502	0.657955
239.551	0.646145
239.6	0.651602
239.65	0.641799
239.7	0.645161
239.749	0.646967
239.799	0.64264
239.848	0.6582
239.897	0.644054
239.947	0.641371
239.997	0.648501
240.046	0.652997
240.095	0.646921
240.144	0.650718
240.194	0.649085
240.244	0.642423
240.293	0.648071
240.342	0.654006
240.391	0.651062
240.441	0.641149
240.49	0.653708
240.54	0.643918
240.59	0.646517
240.639	0.650669
240.689	0.644519
240.738	0.65
240.788	0.645672
240.837	0.652882
240.887	0.646268
240.936	0.654095
240.986	0.643575
241.035	0.656203
241.084	0.646218
241.133	0.655908
241.183	0.644561
241.233	0.639822
241.282	0.657108
241.332	0.647242
241.381	0.651276
241.431	0.644413
241.481	0.651264
241.53	0.657349
241.58	0.643276
241.629	0.655188
241.679	0.642947
241.728	0.657354
241.778	0.644251
241.828	0.640915
241.878	0.648412
241.927	0.659648
241.976	0.655387
242.026	0.644991
242.075	0.656027
242.125	0.647071
242.174	0.655592
242.224	0.650523
242.274	0.649679
242.324	0.645775
242.373	0.659269
242.423	0.650551
242.472	0.655035
242.522	0.648703
242.572	0.652602
242.621	0.658601
242.671	0.642986
242.72	0.658578
242.77	0.657889
242.819	0.654547
242.87	0.642133
242.919	0.658782
242.968	0.657417
243.018	0.647154
243.068	0.652921
243.117	0.661401
243.167	0.653077
243.216	0.657409
243.266	0.648759
243.316	0.656259
243.365	0.652785
243.415	0.65756
243.464	0.656708
243.514	0.656704
243.563	0.657375
243.613	0.654677
243.663	0.647057
243.712	0.666643
243.761	0.659716
243.811	0.658536
243.861	0.652171
243.91	0.653011
243.96	0.653951
244.01	0.657601
244.059	0.660014
244.108	0.659008
244.158	0.661931
244.208	0.646104
244.257	0.663989
244.307	0.661697
244.356	0.663677
244.405	0.663474
244.455	0.652965
244.505	0.655425
244.553	0.668938
244.603	0.653389
244.653	0.659975
244.702	0.662564
244.752	0.659177
244.802	0.652001
244.851	0.660116
244.9	0.660628
244.95	0.660523
245	0.64846
245.048	0.678488
245.099	0.651938
245.148	0.662865
245.198	0.657895
245.247	0.66692
245.296	0.657433
245.346	0.657442
245.395	0.66012
245.445	0.657361
245.494	0.666669
245.544	0.660254
245.593	0.661048
245.642	0.666246
245.692	0.657714
245.742	0.657317
245.791	0.664141
245.84	0.671606
245.89	0.657439
245.94	0.658984
245.989	0.666903
246.038	0.660281
246.087	0.667894
246.138	0.648797
246.186	0.674662
246.236	0.656407
246.286	0.659358
246.335	0.663839
246.385	0.65511
246.434	0.670969
246.484	0.656141
246.533	0.664139
246.583	0.662792
246.632	0.667953
246.682	0.657086
246.731	0.669079
246.781	0.655997
246.83	0.658732
246.88	0.665916
246.93	0.657067
246.979	0.667999
247.028	0.663797
247.078	0.655053
247.128	0.661522
247.177	0.667724
247.226	0.666201
247.276	0.65949
247.325	0.669753
247.375	0.661603
247.424	0.672383
247.474	0.658732
247.522	0.678874
247.572	0.663689
247.621	0.669738
247.671	0.653624
247.72	0.666569
247.77	0.664382
247.819	0.668308
247.869	0.66433
247.918	0.670981
247.967	0.6697
248.016	0.674005
248.065	0.664711
248.114	0.676275
248.165	0.650593
248.213	0.673608
248.263	0.665438
248.312	0.674373
248.361	0.6663
248.411	0.664753
248.459	0.679283
248.509	0.664248
248.558	0.661073
248.608	0.668616
248.657	0.668856
248.705	0.679875
248.755	0.665882
248.804	0.664705
248.853	0.672774
248.903	0.662942
248.952	0.669066
249.002	0.664077
249.05	0.680736
249.099	0.665778
249.149	0.671053
249.198	0.667941
249.247	0.664758
249.296	0.675991
249.346	0.664584
249.395	0.671821
249.443	0.676377
249.493	0.662057
249.542	0.670941
249.592	0.668054
249.64	0.673962
249.689	0.677214
249.739	0.66277
249.788	0.668704
249.837	0.677109
249.887	0.663405
249.936	0.672789
249.985	0.665455
250.034	0.671121
250.084	0.670448
250.133	0.666735
250.182	0.674918
250.231	0.67577
250.28	0.664197
250.329	0.684615
250.379	0.662077
250.428	0.670801
250.478	0.661951
250.527	0.670587
250.576	0.669934
250.626	0.67053
250.675	0.672975
250.724	0.675131
250.773	0.668648
250.822	0.670092
250.872	0.662603
250.921	0.676665
250.97	0.675036
251.019	0.667894
251.069	0.666957
251.118	0.677452
251.167	0.674403
251.217	0.660295
251.266	0.672462
251.315	0.670981
251.365	0.670808
251.414	0.662548
251.464	0.67184
251.513	0.67646
251.562	0.669394
251.611	0.669857
251.661	0.664002
251.709	0.688307
251.759	0.664718
251.809	0.672242
251.858	0.671882
251.907	0.670821
251.956	0.673808
252.007	0.661876
252.055	0.684435
252.104	0.673746
252.153	0.677346
252.203	0.671457
252.252	0.675305
252.301	0.674912
252.351	0.671525
252.401	0.663894
252.45	0.671937
252.5	0.669688
252.548	0.680312
252.597	0.679062
252.647	0.671677
252.696	0.683112
252.745	0.67022
252.795	0.669554
252.843	0.68323
252.893	0.673783
252.942	0.677824
252.991	0.673353
253.04	0.677607
253.09	0.668362
253.139	0.67917
253.188	0.676152
253.238	0.675925
253.287	0.672367
253.336	0.673263
253.386	0.673906
253.435	0.680506
253.484	0.674985
253.533	0.675891
253.583	0.675978
253.632	0.67976
253.681	0.673528
253.731	0.672194
253.78	0.682051
253.829	0.672856
253.878	0.677848
253.927	0.681072
253.976	0.679985
254.027	0.667078
254.076	0.676389
254.125	0.67477
254.174	0.680237
254.224	0.668948
254.273	0.681438
254.322	0.681103
254.372	0.674084
254.421	0.682208
254.471	0.672439
254.52	0.67834
254.57	0.670295
254.62	0.670873
254.668	0.684995
254.717	0.686817
254.767	0.673544
254.816	0.676051
254.865	0.681716
254.915	0.680565
254.964	0.673256
255.014	0.677806
255.064	0.673045
255.112	0.687004
255.162	0.671881
255.211	0.685069
255.26	0.683359
255.31	0.675157
255.359	0.679691
255.408	0.688041
255.458	0.667483
255.507	0.687754
255.556	0.678229
255.606	0.679218
255.654	0.692584
255.705	0.665668
255.753	0.693084
255.803	0.674999
255.852	0.677071
255.901	0.683484
255.951	0.678189
256	0.681885
256.049	0.685048
256.099	0.678377
256.148	0.675494
256.197	0.692013
256.246	0.683859
256.296	0.6793
256.345	0.67922
256.394	0.679259
256.444	0.681067
256.493	0.686762
256.543	0.675371
256.592	0.681412
256.641	0.681332
256.69	0.683277
256.74	0.673542
256.789	0.686456
256.839	0.685994
256.888	0.67996
256.937	0.691444
256.987	0.674397
257.035	0.692782
257.086	0.66791
257.134	0.691742
257.183	0.685199
257.233	0.67331
257.282	0.690454
257.332	0.677771
257.381	0.688759
257.43	0.682433
257.48	0.677436
257.529	0.680642
257.579	0.679723
257.628	0.690578
257.678	0.677513
257.727	0.68731
257.777	0.673571
257.826	0.679367
257.876	0.68363
257.925	0.68163
257.974	0.686926
258.024	0.68272
258.074	0.67821
258.123	0.685448
258.172	0.689856
258.221	0.68687
258.271	0.676843
258.32	0.688125
258.37	0.680249
258.419	0.682584
258.469	0.683217
258.517	0.693565
258.567	0.678725
258.617	0.685604
258.667	0.677117
258.716	0.685376
258.765	0.691868
258.815	0.674732
258.864	0.691894
258.914	0.678244
258.963	0.690135
259.013	0.679105
259.062	0.689964
259.111	0.681302
259.161	0.68667
259.21	0.694669
259.259	0.680427
259.309	0.686714
259.359	0.676099
259.408	0.698291
259.457	0.681698
259.507	0.688562
259.557	0.67579
259.606	0.698681
259.655	0.684099
259.705	0.683707
259.754	0.688299
259.803	0.684789
259.852	0.692663
259.902	0.679802
259.952	0.686219
260.002	0.676245
260.051	0.701841
260.101	0.680734
260.151	0.680045
260.199	0.697492
260.249	0.687647
260.298	0.686569
260.348	0.682852
260.397	0.699109
260.447	0.681868
260.496	0.690758
260.546	0.681305
260.595	0.691088
260.645	0.684183
260.695	0.683789
260.743	0.703739
260.793	0.681484
260.842	0.696419
260.891	0.694641
260.941	0.680994
260.991	0.684709
261.04	0.687985
261.089	0.693901
261.139	0.689621
261.189	0.681959
261.239	0.681386
261.288	0.700295
261.337	0.686116
261.387	0.68379
261.436	0.696197
261.486	0.68362
261.535	0.70011
261.584	0.691478
261.634	0.68596
261.684	0.687699
261.733	0.691407
261.783	0.680493
261.832	0.697283
261.882	0.68572
261.931	0.699398
261.981	0.686953
262.03	0.69141
262.08	0.688396
262.13	0.68248
262.179	0.697597
262.228	0.692298
262.278	0.685869
262.328	0.691063
262.377	0.69308
262.426	0.693265
262.476	0.685102
262.525	0.692802
262.575	0.69219
262.625	0.687485
262.675	0.67862
262.724	0.706344
262.773	0.687122
262.823	0.694499
262.872	0.689982
262.922	0.689448
262.971	0.695254
263.021	0.690973
263.072	0.671155
263.12	0.706375
263.17	0.684974
263.219	0.705744
263.269	0.681157
263.318	0.701517
263.368	0.691897
263.417	0.699924
263.467	0.680173
263.516	0.701743
263.566	0.69248
263.616	0.685051
263.664	0.708743
263.714	0.693348
263.764	0.690798
263.814	0.690648
263.863	0.694452
263.913	0.688662
263.962	0.699781
264.011	0.702124
264.061	0.695863
264.11	0.69491
264.161	0.68692
264.21	0.690513
264.26	0.698595
264.309	0.69843
264.359	0.694884
264.408	0.698791
264.458	0.695249
264.507	0.698783
264.557	0.695593
264.606	0.697647
264.657	0.688124
264.706	0.705301
264.755	0.692101
264.805	0.697111
264.855	0.697951
264.904	0.700202
264.954	0.692048
265.004	0.693417
265.053	0.697624
265.102	0.705465
265.152	0.695422
265.201	0.702995
265.251	0.69392
265.301	0.693974
265.35	0.706794
265.4	0.690807
265.45	0.699169
265.499	0.698395
265.549	0.697608
265.598	0.700795
265.647	0.704001
265.697	0.696571
265.747	0.690342
265.797	0.70395
265.846	0.702923
265.895	0.70486
265.945	0.689186
265.994	0.707839
266.044	0.693616
266.094	0.702875
266.143	0.707302
266.193	0.68967
266.242	0.708881
266.292	0.68726
266.341	0.707761
266.391	0.691656
266.441	0.702664
266.49	0.707501
266.54	0.694182
266.59	0.694093
266.639	0.706646
266.689	0.696096
266.738	0.704138
266.788	0.708292
266.838	0.693597
266.888	0.69402
266.937	0.707636
266.987	0.695469
267.036	0.70715
267.086	0.698614
267.135	0.710011
267.184	0.697853
267.235	0.694029
267.284	0.707925
267.333	0.700719
267.383	0.694142
267.432	0.713956
267.482	0.698114
267.532	0.703046
267.581	0.69619
267.631	0.702996
267.679	0.716072
267.729	0.697336
267.779	0.698829
267.828	0.704827
267.878	0.697247
267.927	0.7128
267.977	0.700361
268.026	0.702092
268.075	0.712209
268.125	0.705447
268.174	0.703256
268.224	0.704354
268.273	0.706116
268.323	0.693136
268.372	0.716064
268.421	0.702842
268.471	0.703748
268.52	0.705759
268.569	0.707936
268.618	0.708612
268.668	0.698956
268.718	0.699548
268.766	0.72503
268.815	0.706891
268.865	0.709851
268.914	0.702183
268.964	0.696908
269.014	0.706004
269.063	0.703264
269.112	0.712187
269.161	0.71247
269.21	0.708989
269.26	0.704887
269.309	0.706957
269.359	0.704173
269.408	0.706696
269.457	0.705875
269.507	0.703885
269.556	0.716245
269.605	0.712766
269.655	0.699651
269.704	0.706098
269.753	0.711162
269.803	0.705629
269.852	0.705137
269.901	0.706353
269.949	0.72937
269.999	0.698974
270.049	0.701626
270.098	0.709224
270.147	0.716421
270.197	0.704935
270.247	0.696286
270.296	0.71708
270.345	0.71158
270.394	0.716075
270.444	0.700139
270.493	0.709104
270.542	0.708502
270.592	0.706106
270.642	0.705309
270.691	0.713541
270.74	0.706488
270.79	0.706703
270.839	0.706953
270.888	0.715546
270.938	0.701908
270.987	0.712471
271.036	0.711719
271.086	0.70467
271.135	0.710842
271.185	0.708309
271.234	0.701806
271.283	0.718899
271.332	0.712638
271.381	0.71434
271.431	0.702524
271.481	0.703386
271.53	0.708488
271.58	0.70999
271.629	0.712066
271.678	0.712231
271.728	0.704908
271.777	0.709159
271.826	0.715528
271.875	0.710339
271.925	0.712842
271.974	0.706469
272.023	0.713665
272.072	0.71805
272.122	0.708176
272.171	0.718179
272.22	0.70744
272.269	0.718327
272.319	0.707731
272.368	0.71162
272.417	0.714439
272.466	0.711317
272.515	0.714454
272.564	0.714442
272.614	0.711456
272.663	0.716069
272.713	0.704814
272.762	0.719049
272.811	0.712787
272.86	0.717958
272.909	0.713106
272.959	0.706978
273.008	0.708567
273.057	0.724917
273.106	0.706834
273.155	0.717918
273.204	0.714994
273.254	0.7131
273.303	0.711455
273.352	0.717764
273.401	0.715445
273.451	0.708904
273.5	0.711155
273.549	0.713489
273.597	0.734153
273.647	0.697085
273.697	0.714122
273.746	0.716381
273.795	0.7062
273.844	0.713986
273.894	0.705363
273.943	0.720571
273.992	0.718959
274.041	0.717368
274.091	0.707142
274.14	0.71596
274.189	0.715611
274.239	0.706064
274.288	0.720835
274.337	0.716825
274.386	0.720374
274.435	0.711336
274.484	0.71879
274.533	0.719683
274.583	0.71463
274.632	0.709855
274.681	0.717084
274.73	0.721491
274.779	0.716143
274.829	0.703283
274.878	0.724688
274.928	0.704202
274.977	0.723885
275.026	0.711615
275.075	0.7261
275.125	0.706867
275.173	0.726872
275.222	0.718131
275.272	0.712265
275.322	0.711664
275.37	0.727449
275.42	0.70673
275.469	0.717069
275.518	0.721635
275.568	0.70759
275.617	0.725126
275.666	0.716623
275.715	0.714881
275.764	0.729545
275.813	0.717221
275.863	0.712173
275.912	0.71763
275.961	0.716966
276.011	0.712964
276.06	0.720566
276.109	0.720741
276.158	0.720603
276.207	0.718495
276.256	0.725551
276.304	0.729434
276.354	0.711886
276.403	0.722348
276.452	0.73018
276.501	0.719265
276.55	0.712578
276.599	0.724144
276.649	0.711427
276.698	0.727667
276.747	0.716791
276.796	0.72527
276.845	0.722991
276.894	0.717843
276.943	0.719074
276.992	0.731974
277.041	0.71348
277.09	0.720263
277.139	0.725668
277.188	0.721951
277.237	0.717516
277.287	0.719331
277.336	0.716639
277.384	0.735295
277.433	0.719264
277.483	0.713618
277.532	0.727246
277.581	0.711053
277.63	0.729708
277.679	0.720299
277.729	0.71786
277.777	0.724986
277.827	0.713691
277.876	0.727221
277.924	0.732687
277.974	0.711156
278.022	0.7345
278.072	0.711672
278.121	0.717691
278.17	0.723823
278.22	0.712848
278.269	0.724829
278.318	0.721983
278.367	0.716044
278.416	0.732412
278.465	0.71427
278.513	0.73709
278.563	0.713874
278.612	0.721746
278.661	0.721329
278.711	0.715709
278.76	0.725975
278.809	0.723337
278.858	0.720302
278.907	0.727649
278.957	0.713263
279.006	0.718759
279.055	0.722947
279.104	0.725858
279.154	0.706555
279.202	0.733606
279.252	0.717205
279.301	0.727507
279.35	0.715618
279.399	0.735975
279.449	0.711352
279.498	0.720945
279.547	0.729573
279.596	0.721102
279.645	0.726283
279.694	0.718065
279.743	0.730601
279.793	0.716497
279.842	0.716007
279.892	0.719346
279.941	0.723065
279.991	0.718099
280.039	0.739002
280.088	0.719001
280.137	0.735295
280.187	0.716266
280.236	0.724386
280.285	0.720155
280.334	0.727535
280.384	0.722016
280.432	0.738928
280.481	0.722431
280.531	0.720222
280.58	0.726026
280.629	0.725742
280.678	0.730447
280.727	0.726754
280.777	0.724462
280.826	0.726363
280.875	0.724654
280.924	0.729866
280.973	0.731062
281.022	0.729509
281.072	0.719766
281.121	0.731823
281.169	0.731718
281.218	0.731973
281.267	0.734137
281.316	0.728401
281.365	0.721868
281.414	0.728262
281.463	0.731676
281.513	0.718461
281.562	0.731316
281.611	0.731042
281.66	0.726544
281.709	0.73396
281.758	0.724805
281.808	0.726492
281.856	0.734461
281.905	0.727445
281.954	0.733681
282.003	0.728038
282.052	0.740761
282.102	0.71174
282.15	0.747736
282.2	0.713527
282.248	0.741621
282.298	0.725966
282.347	0.724557
282.396	0.731986
282.445	0.728798
282.494	0.729055
282.543	0.728827
282.592	0.736501
282.641	0.724789
282.691	0.725794
282.74	0.730615
282.789	0.732725
282.837	0.739589
282.887	0.726418
282.935	0.733265
282.985	0.728161
283.034	0.72187
283.083	0.731743
283.132	0.736434
283.182	0.719572
283.231	0.73631
283.279	0.740287
283.329	0.725301
283.378	0.729888
283.426	0.741275
283.476	0.719071
283.525	0.733543
283.574	0.734247
283.623	0.73613
283.672	0.740131
283.722	0.719249
283.771	0.739448
283.819	0.735971
283.868	0.734733
283.917	0.737415
283.967	0.726108
284.016	0.733022
284.064	0.742363
284.113	0.738426
284.162	0.734771
284.211	0.733635
284.261	0.727365
284.309	0.744639
284.358	0.741693
284.406	0.743312
284.456	0.727742
284.505	0.744083
284.554	0.73077
284.603	0.735378
284.651	0.750179
284.7	0.737864
284.748	0.743355
284.798	0.730793
284.846	0.748888
284.896	0.72777
284.944	0.744981
284.993	0.741741
285.041	0.741171