90.0065	0.193058
90.0411	0.192217
90.076	0.190482
90.11	0.196321
90.145	0.190653
90.179	0.196756
90.214	0.19167
90.2494	0.190009
90.2844	0.193088
90.3187	0.197438
90.3537	0.194122
90.3892	0.191627
90.4233	0.199444
90.4589	0.191127
90.494	0.194581
90.5297	0.19191
90.5646	0.196291
90.5998	0.195202
90.6353	0.193494
90.6698	0.199197
90.7056	0.193089
90.7416	0.192309
90.7772	0.194688
90.8126	0.196852
90.8478	0.197999
90.8835	0.196059
90.9194	0.195316
90.9554	0.194756
90.9906	0.199619
91.0261	0.198262
91.0622	0.194875
91.0982	0.196207
91.1338	0.198793
91.1704	0.19341
91.2062	0.197941
91.2425	0.196257
91.2781	0.200255
91.3149	0.193924
91.3508	0.199994
91.3869	0.199015
91.4226	0.200958
91.4594	0.19562
91.4958	0.198356
91.5323	0.197888
91.5685	0.199517
91.6049	0.199253
91.6411	0.200465
91.6776	0.199539
91.715	0.194663
91.7512	0.202077
91.7876	0.201219
91.8246	0.198321
91.8612	0.200633
91.8977	0.201371
91.9345	0.20026
91.9711	0.201673
92.0081	0.199368
92.0447	0.202434
92.0817	0.200708
92.1188	0.199936
92.1557	0.201902
92.193	0.199969
92.23	0.20198
92.2676	0.198509
92.3042	0.205075
92.3415	0.201393
92.3788	0.201857
92.4156	0.205
92.4531	0.201222
92.4906	0.202039
92.5273	0.206702
92.5647	0.202933
92.6026	0.200486
92.64	0.203614
92.678	0.200947
92.7149	0.206936
92.7525	0.203103
92.7905	0.201223
92.8281	0.204153
92.8653	0.206411
92.903	0.204567
92.9407	0.204563
92.9784	0.204592
93.0168	0.201887
93.0546	0.204813
93.092	0.207869
93.1302	0.203276
93.1679	0.207115
93.2063	0.203172
93.2437	0.208639
93.2823	0.20223
93.3212	0.201613
93.359	0.207547
93.3971	0.20623
93.4357	0.203694
93.4732	0.210171
93.5118	0.204092
93.5502	0.206236
93.5888	0.205493
93.6268	0.209124
93.6659	0.203487
93.7042	0.208087
93.7426	0.207827
93.7809	0.209092
93.8192	0.20869
93.8578	0.208066
93.8967	0.205869
93.9351	0.208727
93.9741	0.20608
94.0126	0.209195
94.0514	0.208547
94.0902	0.208779
94.1294	0.207395
94.1682	0.209324
94.2076	0.206762
94.2463	0.21093
94.2857	0.207598
94.324	0.213336
94.3631	0.209406
94.4024	0.208488
94.441	0.212987
94.4803	0.209086
94.5191	0.212733
94.5583	0.211245
94.5969	0.214469
94.6362	0.21103
94.6761	0.208031
94.7154	0.211214
94.7548	0.211506
94.7943	0.210615
94.8328	0.217228
94.8727	0.20913
94.9123	0.211248
94.9513	0.214004
94.9907	0.212509
95.0304	0.211597
95.0697	0.214212
95.1094	0.212698
95.1497	0.209318
95.1889	0.215806
95.2281	0.215745
95.2677	0.213892
95.3075	0.212727
95.3473	0.213798
95.3865	0.217078
95.4265	0.212711
95.4659	0.216343
95.5057	0.214056
95.5459	0.211994
95.585	0.217883
95.6251	0.213652
95.6658	0.210175
95.7053	0.217631
95.7451	0.21641
95.7855	0.213038
95.8253	0.216837
95.8649	0.217662
95.9051	0.215661
95.9451	0.21627
95.9844	0.22103
96.0243	0.217307
96.0648	0.214952
96.1046	0.218273
96.1452	0.214776
96.1856	0.215751
96.2262	0.215425
96.2661	0.219989
96.3065	0.216648
96.3467	0.218519
96.3874	0.216134
96.4274	0.220353
96.4682	0.215838
96.5083	0.220074
96.549	0.216842
96.5892	0.219751
96.6298	0.217746
96.6704	0.217485
96.7111	0.217866
96.7516	0.219622
96.7918	0.221487
96.8326	0.218765
96.8735	0.218085
96.914	0.220957
96.9544	0.221188
96.9953	0.219212
97.0359	0.220887
97.0768	0.219194
97.1181	0.21722
97.1581	0.224669
97.1988	0.220944
97.2397	0.219697
97.2804	0.221426
97.3214	0.220131
97.363	0.218096
97.4035	0.224209
97.4448	0.220045
97.486	0.220614
97.5265	0.224582
97.5675	0.222063
97.6089	0.220718
97.6498	0.222574
97.6908	0.222549
97.7319	0.221711
97.7735	0.219328
97.8143	0.223988
97.8554	0.223548
97.8964	0.224244
97.9379	0.222231
97.9786	0.226991
98.0206	0.220253
98.0611	0.228463
98.1027	0.222544
98.1445	0.221743
98.1857	0.225027
98.2267	0.225982
98.2681	0.223947
98.309	0.227478
98.3507	0.223349
98.3923	0.224346
98.4343	0.222349
98.4751	0.229475
98.5171	0.223399
98.5584	0.227547
98.6003	0.22444
98.6421	0.225342
98.6833	0.228799
98.7251	0.22542
98.7659	0.231359
98.8079	0.224473
98.8493	0.227248
98.8912	0.225109
98.9333	0.223908
98.9745	0.22963
99.0166	0.225172
99.0583	0.227397
99.1001	0.227564
99.1422	0.226322
99.1835	0.231028
99.2257	0.226997
99.2674	0.228926
99.3093	0.228549
99.3516	0.226367
99.3931	0.230757
99.4349	0.228987
99.4768	0.229119
99.5191	0.227001
99.5606	0.231467
99.6033	0.225604
99.645	0.231622
99.6871	0.229344
99.729	0.231209
99.771	0.230897
99.8129	0.231999
99.8552	0.229528
99.8977	0.228639
99.939	0.235427
99.9813	0.230351
100.023	0.231366
100.065	0.235646
100.107	0.228309
100.15	0.23048
100.191	0.234112
100.233	0.23221
100.276	0.232709
100.318	0.23405
100.36	0.231492
100.402	0.233713
100.445	0.23144
100.487	0.234582
100.528	0.238953
100.571	0.231203
100.613	0.233094
100.655	0.236183
100.698	0.2324
100.74	0.23178
100.782	0.235054
100.824	0.234863
100.867	0.234647
100.909	0.234702
100.951	0.234177
100.993	0.23856
101.036	0.235832
101.079	0.232793
101.121	0.236599
101.164	0.232465
101.206	0.237961
101.248	0.236925
101.29	0.237344
101.334	0.230926
101.376	0.237741
101.418	0.237538
101.46	0.2382
101.503	0.236187
101.545	0.236405
101.588	0.235411
101.631	0.238152
101.673	0.239318
101.716	0.235034
101.758	0.242304
101.801	0.236472
101.844	0.236866
101.887	0.236362
101.929	0.243042
101.972	0.234516
102.015	0.236486
102.058	0.24029
102.101	0.23516
102.144	0.236812
102.187	0.241235
102.229	0.240569
102.272	0.240299
102.315	0.238724
102.358	0.238907
102.401	0.240147
102.445	0.235892
102.487	0.244391
102.53	0.237307
102.573	0.242019
102.616	0.237169
102.66	0.239827
102.703	0.241096
102.746	0.240422
102.789	0.238465
102.832	0.244153
102.876	0.237147
102.918	0.243308
102.961	0.243462
103.005	0.239531
103.048	0.241027
103.091	0.240013
103.134	0.245835
103.178	0.238287
103.221	0.244095
103.264	0.241774
103.308	0.241034
103.351	0.244543
103.394	0.244523
103.438	0.241755
103.481	0.244603
103.524	0.245022
103.568	0.237602
103.611	0.243702
103.655	0.242327
103.698	0.243808
103.742	0.242679
103.785	0.244363
103.828	0.245265
103.872	0.243835
103.915	0.246738
103.959	0.242655
104.003	0.24533
104.046	0.245584
104.089	0.246232
104.133	0.242261
104.177	0.243925
104.22	0.248776
104.264	0.244934
104.307	0.248442
104.351	0.241675
104.394	0.250076
104.438	0.243992
104.482	0.247183
104.525	0.247766
104.569	0.247798
104.612	0.246103
104.656	0.245657
104.7	0.246991
104.743	0.25074
104.787	0.248389
104.831	0.246493
104.874	0.250625
104.918	0.244932
104.962	0.248564
105.006	0.247773
105.049	0.249332
105.093	0.250285
105.136	0.252037
105.18	0.247958
105.225	0.246199
105.268	0.250461
105.313	0.245579
105.356	0.249885
105.4	0.250513
105.444	0.250366
105.488	0.249197
105.532	0.250708
105.576	0.247994
105.62	0.250516
105.664	0.250874
105.708	0.251486
105.751	0.254665
105.796	0.248347
105.84	0.250335
105.883	0.255807
105.928	0.244823
105.972	0.253106
106.016	0.252999
106.059	0.253257
106.104	0.248666
106.148	0.251822
106.192	0.254736
106.236	0.252418
106.281	0.249649
106.325	0.251951
106.368	0.256766
106.413	0.250053
106.457	0.255321
106.5	0.256423
106.545	0.248513
106.589	0.255904
106.634	0.252143
106.678	0.252187
106.722	0.256336
106.766	0.256483
106.81	0.25193
106.855	0.254977
106.899	0.25662
106.943	0.253969
106.987	0.256955
107.031	0.255928
107.076	0.255513
107.121	0.252819
107.165	0.25652
107.209	0.255883
107.253	0.258683
107.298	0.251591
107.342	0.256878
107.387	0.256624
107.431	0.258142
107.475	0.256136
107.519	0.262937
107.564	0.253167
107.608	0.258143
107.653	0.257238
107.697	0.257449
107.742	0.258206
107.786	0.256867
107.831	0.254676
107.875	0.260263
107.919	0.261778
107.964	0.256721
108.009	0.258004
108.053	0.258071
108.098	0.256298
108.143	0.262276
108.187	0.257858
108.232	0.259599
108.277	0.26067
108.322	0.2575
108.366	0.260531
108.41	0.260202
108.455	0.260795
108.5	0.260609
108.545	0.258009
108.589	0.25967
108.634	0.261487
108.678	0.263522
108.724	0.258197
108.768	0.26489
108.813	0.258319
108.857	0.264399
108.902	0.259619
108.947	0.263257
108.992	0.26145
109.037	0.259939
109.081	0.26441
109.126	0.260806
109.171	0.264288
109.216	0.260486
109.26	0.26466
109.305	0.264677
109.35	0.262837
109.395	0.260291
109.439	0.268355
109.485	0.261895
109.53	0.260335
109.574	0.269371
109.619	0.263195
109.664	0.267311
109.709	0.263942
109.753	0.265302
109.798	0.264207
109.843	0.264673
109.888	0.268515
109.933	0.263468
109.977	0.270849
110.023	0.260815
110.067	0.269039
110.113	0.265012
110.157	0.268093
110.202	0.268194
110.247	0.266051
110.292	0.264338
110.337	0.267708
110.382	0.269817
110.427	0.26764
110.472	0.268409
110.517	0.2658
110.561	0.271437
110.607	0.263087
110.652	0.27059
110.697	0.267545
110.742	0.268397
110.787	0.270507
110.832	0.269335
110.877	0.27061
110.921	0.272158
110.967	0.266974
111.012	0.266642
111.057	0.271424
111.102	0.268943
111.147	0.273772
111.192	0.265868
111.237	0.271741
111.283	0.266537
111.328	0.271942
111.373	0.27156
111.418	0.268899
111.463	0.270615
111.509	0.270787
111.554	0.271993
111.6	0.268049
111.645	0.270563
111.69	0.274607
111.735	0.271917
111.781	0.268938
111.825	0.275531
111.871	0.267487
111.916	0.272413
111.962	0.272049
112.007	0.273807
112.052	0.274648
112.098	0.269045
112.143	0.276054
112.189	0.269245
112.233	0.276789
112.279	0.270204
112.324	0.277999
112.369	0.271635
112.415	0.274726
112.46	0.276081
112.506	0.269412
112.551	0.275929
112.596	0.275021
112.642	0.273678
112.687	0.278917
112.731	0.278654
112.778	0.269812
112.823	0.279984
112.868	0.275504
112.913	0.276344
112.959	0.272571
113.004	0.279168
113.05	0.273909
113.095	0.2765
113.14	0.278056
113.185	0.278784
113.231	0.274757
113.277	0.276512
113.322	0.275749
113.367	0.280479
113.413	0.278947
113.458	0.277894
113.504	0.278987
113.549	0.279009
113.595	0.276487
113.64	0.278864
113.685	0.279637
113.73	0.282862
113.776	0.277095
113.822	0.27516
113.866	0.284079
113.912	0.277212
113.958	0.278058
114.003	0.280711
114.049	0.279875
114.094	0.283032
114.14	0.275944
114.185	0.28448
114.231	0.281388
114.277	0.276223
114.322	0.284879
114.367	0.279849
114.413	0.278183
114.459	0.281785
114.505	0.279937
114.55	0.281793
114.597	0.27717
114.642	0.285038
114.687	0.285206
114.732	0.284103
114.779	0.278233
114.824	0.281612
114.869	0.287341
114.915	0.27791
114.961	0.28138
115.006	0.285509
115.052	0.281938
115.098	0.281383
115.144	0.284836
115.189	0.282592
115.235	0.284823
115.281	0.283673
115.327	0.283089
115.372	0.286667
115.418	0.284939
115.463	0.287647
115.509	0.280456
115.555	0.285831
115.601	0.282337
115.646	0.287378
115.693	0.281953
115.738	0.287478
115.784	0.284996
115.83	0.285597
115.876	0.285496
115.922	0.284072
115.967	0.2918
116.013	0.285204
116.059	0.284432
116.105	0.285599
116.15	0.289039
116.196	0.286265
116.242	0.285825
116.288	0.285671
116.333	0.289395
116.38	0.284789
116.425	0.289961
116.471	0.285722
116.517	0.286607
116.563	0.287078
116.609	0.287153
116.655	0.293483
116.701	0.282488
116.746	0.293513
116.792	0.290524
116.838	0.285726
116.884	0.289742
116.929	0.292153
116.976	0.285173
117.022	0.288367
117.067	0.293499
117.113	0.289697
117.159	0.289876
117.205	0.29069
117.252	0.290148
117.298	0.286542
117.343	0.295731
117.39	0.289252
117.435	0.290913
117.481	0.292722
117.527	0.289553
117.573	0.292124
117.619	0.294613
117.665	0.288996
117.711	0.293646
117.757	0.294193
117.803	0.290445
117.849	0.296276
117.895	0.292209
117.941	0.294287
117.986	0.295266
118.033	0.29093
118.079	0.291307
118.125	0.293939
118.171	0.294137
118.217	0.294583
118.262	0.298454
118.309	0.290864
118.354	0.298245
118.401	0.292308
118.446	0.29641
118.493	0.29437
118.539	0.296497
118.584	0.297984
118.631	0.29337
118.676	0.297036
118.722	0.298956
118.769	0.291006
118.814	0.301854
118.86	0.295843
118.906	0.296068
118.952	0.29521
118.998	0.29698
119.044	0.296522
119.09	0.297402
119.136	0.297749
119.182	0.299624
119.228	0.299712
119.275	0.292925
119.32	0.300834
119.366	0.2972
119.412	0.298685
119.458	0.300169
119.504	0.297821
119.551	0.297675
119.597	0.295487
119.643	0.299666
119.689	0.301763
119.735	0.295676
119.781	0.301792
119.828	0.295222
119.873	0.304243
119.919	0.302224
119.965	0.299093
120.011	0.300476
120.058	0.29671
120.104	0.301858
120.15	0.299078
120.196	0.300733
120.243	0.298622
120.289	0.302142
120.335	0.301742
120.381	0.300329
120.428	0.297605
120.474	0.304305
120.521	0.298643
120.567	0.303302
120.613	0.303768
120.659	0.299284
120.705	0.302955
120.752	0.302302
120.798	0.302664
120.844	0.303068
120.89	0.306632
120.937	0.298984
120.983	0.307747
121.029	0.301191
121.076	0.301494
121.122	0.304329
121.168	0.302617
121.214	0.30862
121.261	0.302155
121.308	0.300818
121.354	0.306393
121.4	0.303352
121.446	0.309338
121.493	0.303318
121.539	0.302831
121.585	0.307425
121.632	0.304298
121.678	0.306326
121.724	0.308175
121.771	0.303251
121.817	0.304041
121.864	0.307166
121.91	0.307389
121.956	0.306332
122.003	0.307018
122.049	0.306856
122.096	0.305948
122.142	0.305984
122.188	0.310182
122.234	0.309147
122.282	0.302987
122.328	0.309126
122.374	0.309436
122.42	0.309299
122.467	0.307952
122.513	0.309463
122.559	0.30968
122.606	0.307114
122.653	0.302789
122.699	0.313761
122.745	0.310789
122.792	0.310252
122.838	0.310207
122.885	0.308806
122.931	0.310573
122.978	0.311325
123.024	0.312449
123.071	0.307791
123.117	0.310504
123.163	0.31196
123.21	0.311274
123.256	0.314703
123.303	0.305895
123.35	0.311474
123.396	0.314986
123.442	0.312103
123.489	0.310364
123.536	0.313598
123.582	0.315769
123.629	0.309176
123.675	0.312605
123.721	0.316116
123.768	0.312121
123.815	0.310713
123.861	0.313254
123.907	0.316177
123.954	0.311298
124	0.31721
124.047	0.313397
124.094	0.314532
124.14	0.315298
124.187	0.310065
124.233	0.316596
124.279	0.319214
124.327	0.310424
124.373	0.317145
124.42	0.311161
124.466	0.317389
124.513	0.315775
124.559	0.318195
124.606	0.315254
124.652	0.316677
124.699	0.316575
124.745	0.317564
124.791	0.320393
124.838	0.317258
124.885	0.313091
124.932	0.315721
124.978	0.320963
125.024	0.317266
125.071	0.316098
125.118	0.318176
125.164	0.321569
125.21	0.316747
125.257	0.321228
125.304	0.316052
125.35	0.318345
125.396	0.323208
125.443	0.318617
125.49	0.317313
125.537	0.318166
125.583	0.317371
125.63	0.322231
125.677	0.314134
125.723	0.326363
125.769	0.318806
125.816	0.31795
125.863	0.320337
125.909	0.324018
125.955	0.322463
126.003	0.317449
126.049	0.325433
126.096	0.31756
126.141	0.32803
126.188	0.318552
126.235	0.320999
126.282	0.324532
126.329	0.31938
126.375	0.324736
126.421	0.322782
126.468	0.324363
126.514	0.322733
126.562	0.3189
126.608	0.326355
126.654	0.323762
126.701	0.325193
126.747	0.323662
126.794	0.326771
126.841	0.321792
126.887	0.329593
126.934	0.321379
126.98	0.327376
127.026	0.326479
127.073	0.324406
127.12	0.323223
127.166	0.328146
127.213	0.325691
127.259	0.327875
127.306	0.325929
127.352	0.327308
127.399	0.324461
127.445	0.328462
127.492	0.323477
127.538	0.330606
127.586	0.319952
127.632	0.332528
127.679	0.327532
127.725	0.327695
127.772	0.325068
127.819	0.328351
127.865	0.326556
127.912	0.328703
127.958	0.331077
128.005	0.328305
128.051	0.33048
128.098	0.324058
128.145	0.328422
128.191	0.329674
128.238	0.330075
128.284	0.328219
128.332	0.324578
128.378	0.329126
128.425	0.331228
128.471	0.333353
128.518	0.326472
128.565	0.327638
128.612	0.327588
128.658	0.331187
128.705	0.327698
128.752	0.331875
128.799	0.327553
128.845	0.335932
128.892	0.327077
128.938	0.33098
128.985	0.327898
129.032	0.332989
129.079	0.328645
129.125	0.333904
129.172	0.328521
129.219	0.329346
129.265	0.335048
129.313	0.328549
129.36	0.329034
129.407	0.331191
129.453	0.334693
129.5	0.328323
129.547	0.333533
129.594	0.332501
129.641	0.329201
129.688	0.331885
129.734	0.333341
129.781	0.336104
129.828	0.331446
129.874	0.333961
129.921	0.334435
129.968	0.334155
130.014	0.335142
130.062	0.330285
130.109	0.332601
130.155	0.338306
130.202	0.334871
130.248	0.335302
130.294	0.341085
130.341	0.333104
130.388	0.33622
130.435	0.33439
130.481	0.339096
130.527	0.341628
130.574	0.334519
130.621	0.334216
130.668	0.337205
130.714	0.341431
130.761	0.335541
130.807	0.337277
130.854	0.33832
130.901	0.335775
130.947	0.339575
130.994	0.338489
131.04	0.335758
131.087	0.340051
131.133	0.342696
131.18	0.337396
131.226	0.341842
131.272	0.339696
131.318	0.344004
131.365	0.337274
131.411	0.34219
131.457	0.344476
131.504	0.335631
131.551	0.342673
131.597	0.341245
131.644	0.337975
131.69	0.343203
131.736	0.343045
131.783	0.340854
131.829	0.341157
131.876	0.34371
131.923	0.337077
131.968	0.350091
132.015	0.34323
132.061	0.342933
132.108	0.34094
132.154	0.34599
132.2	0.342281
132.247	0.34208
132.294	0.339515
132.34	0.343787
132.387	0.34114
132.433	0.345839
132.48	0.340023
132.526	0.345151
132.573	0.340138
132.62	0.34298
132.667	0.339709
132.713	0.346487
132.759	0.343081
132.806	0.346405
132.852	0.343797
132.899	0.338622
132.945	0.348003
132.992	0.344158
133.039	0.343751
133.086	0.339266
133.133	0.343542
133.179	0.346366
133.225	0.3464
133.272	0.340721
133.319	0.342083
133.365	0.348904
133.412	0.344607
133.459	0.340389
133.505	0.347851
133.552	0.345987
133.599	0.338171
133.646	0.342162
133.693	0.343661
133.74	0.34773
133.786	0.344789
133.833	0.344234
133.88	0.343429
133.927	0.341252
133.973	0.349303
134.02	0.346664
134.067	0.342067
134.114	0.346469
134.161	0.346424
134.208	0.346162
134.254	0.348358
134.301	0.347716
134.348	0.344845
134.395	0.341072
134.442	0.345547
134.488	0.352084
134.535	0.347058
134.583	0.343735
134.629	0.347292
134.677	0.343255
134.723	0.351588
134.771	0.343898
134.818	0.344929
134.865	0.349779
134.912	0.348461
134.959	0.346138
135.006	0.349502
135.052	0.348888
135.1	0.343602
135.147	0.351679
135.194	0.349775
135.241	0.349793
135.288	0.347886
135.335	0.353633
135.383	0.343657
135.429	0.352482
135.477	0.348137
135.524	0.35211
135.571	0.34767
135.618	0.35379
135.666	0.345323
135.713	0.349171
135.76	0.352787
135.807	0.35227
135.854	0.354823
135.901	0.349395
135.948	0.356292
135.995	0.347273
136.043	0.352271
136.089	0.355004
136.136	0.356232
136.184	0.349974
136.231	0.352911
136.278	0.355915
136.325	0.352692
136.371	0.358629
136.419	0.3523
136.466	0.351038
136.513	0.359416
136.56	0.354234
136.606	0.358538
136.654	0.35417
136.701	0.354931
136.747	0.357806
136.794	0.360181
136.841	0.353562
136.888	0.357075
136.936	0.355677
136.983	0.3563
137.029	0.359863
137.076	0.359145
137.123	0.356984
137.17	0.359511
137.217	0.358787
137.264	0.356511
137.311	0.358526
137.358	0.362088
137.405	0.35824
137.452	0.356647
137.499	0.359294
137.546	0.357928
137.593	0.359148
137.639	0.364316
137.686	0.360237
137.734	0.354777
137.781	0.36128
137.827	0.364222
137.874	0.360381
137.921	0.362635
137.968	0.358472
138.015	0.358293
138.062	0.362934
138.109	0.362645
138.156	0.362914
138.203	0.358619
138.25	0.360817
138.297	0.363102
138.344	0.358516
138.392	0.360616
138.438	0.36231
138.485	0.364995
138.533	0.355208
138.58	0.361286
138.627	0.359662
138.674	0.365666
138.721	0.361664
138.768	0.362726
138.815	0.360612
138.862	0.363437
138.91	0.358883
138.957	0.364417
139.004	0.36226
139.05	0.365774
139.098	0.355967
139.145	0.366195
139.193	0.360659
139.24	0.361558
139.287	0.364169
139.334	0.361317
139.382	0.363346
139.429	0.362343
139.476	0.366554
139.523	0.364529
139.57	0.359914
139.617	0.366004
139.665	0.36351
139.713	0.358232
139.759	0.368248
139.807	0.362996
139.854	0.365534
139.901	0.365817
139.949	0.362834
139.996	0.366197
140.043	0.361968
140.091	0.364921
140.138	0.364549
140.185	0.367147
140.233	0.358573
140.28	0.36975
140.327	0.372884
140.374	0.365313
140.422	0.363936
140.469	0.365195
140.516	0.369549
140.564	0.364766
140.611	0.365442
140.658	0.368942
140.705	0.371161
140.754	0.360789
140.801	0.366435
140.849	0.365397
140.896	0.371469
140.944	0.360797
140.991	0.374802
141.038	0.369476
141.085	0.370345
141.133	0.366795
141.179	0.374338
141.227	0.364842
141.274	0.371488
141.322	0.366564
141.369	0.370253
141.417	0.366344
141.465	0.367637
141.512	0.371859
141.56	0.371257
141.606	0.376009
141.653	0.372511
141.701	0.36567
141.749	0.367046
141.797	0.371247
141.844	0.370586
141.892	0.372862
141.939	0.370577
141.986	0.373235
142.034	0.372345
142.081	0.371724
142.129	0.369272
142.176	0.374285
142.224	0.368606
142.271	0.375393
142.319	0.370507
142.366	0.376957
142.414	0.36837
142.461	0.372281
142.509	0.371713
142.557	0.370572
142.604	0.3786
142.651	0.373325
142.698	0.375001
142.746	0.374347
142.793	0.375161
142.841	0.374477
142.889	0.370036
142.936	0.377295
142.983	0.374726
143.031	0.373637
143.079	0.373834
143.127	0.372587
143.174	0.373941
143.222	0.374747
143.269	0.3772
143.316	0.377339
143.364	0.373108
143.412	0.372199
143.459	0.382607
143.506	0.378381
143.555	0.37145
143.601	0.383753
143.649	0.372703
143.697	0.373052
143.745	0.379385
143.793	0.372702
143.84	0.377373
143.888	0.377934
143.935	0.382063
143.983	0.37131
144.031	0.381108
144.079	0.37263
144.126	0.382638
144.174	0.376574
144.221	0.381342
144.269	0.380328
144.318	0.367903
144.365	0.383166
144.413	0.379837
144.461	0.375736
144.509	0.377506
144.556	0.382539
144.604	0.378093
144.652	0.379548
144.7	0.379303
144.747	0.38073
144.795	0.37937
144.843	0.37987
144.891	0.376338
144.939	0.38497
144.987	0.378411
145.034	0.383374
145.083	0.376565
145.131	0.379668
145.178	0.383473
145.226	0.385497
145.274	0.380304
145.322	0.379021
145.37	0.381689
145.417	0.382237
145.465	0.38161
145.513	0.384242
145.561	0.383576
145.609	0.38099
145.657	0.38245
145.704	0.388137
145.752	0.38459
145.8	0.378237
145.848	0.386202
145.896	0.381755
145.943	0.391799
145.991	0.37857
146.039	0.383162
146.086	0.388684
146.134	0.382877
146.182	0.388138
146.229	0.387421
146.277	0.384301
146.325	0.383645
146.373	0.383285
146.421	0.389247
146.469	0.38448
146.516	0.391427
146.564	0.386246
146.612	0.386238
146.66	0.386554
146.707	0.390819
146.755	0.386076
146.802	0.390274
146.85	0.385973
146.898	0.387608
146.945	0.391652
146.993	0.385258
147.041	0.388083
147.089	0.39009
147.136	0.392887
147.184	0.385571
147.232	0.390715
147.279	0.391357
147.327	0.385496
147.375	0.391105
147.423	0.385292
147.471	0.390796
147.519	0.384282
147.566	0.392869
147.614	0.387742
147.662	0.389372
147.71	0.388564
147.758	0.390344
147.806	0.390833
147.853	0.390564
147.901	0.389182
147.949	0.390708
147.997	0.387535
148.045	0.394702
148.093	0.387294
148.141	0.389418
148.189	0.392445
148.236	0.392438
148.284	0.390186
148.333	0.386067
148.381	0.3934
148.428	0.391676
148.477	0.390064
148.524	0.390888
148.572	0.392676
148.62	0.390111
148.668	0.394571
148.717	0.386447
148.765	0.391941
148.812	0.395037
148.86	0.391429
148.909	0.389932
148.957	0.392257
149.004	0.392992
149.052	0.394583
149.1	0.391631
149.148	0.391024
149.197	0.390724
149.244	0.398691
149.293	0.38888
149.341	0.393542
149.389	0.39366
149.437	0.389739
149.485	0.398234
149.533	0.391316
149.581	0.399127
149.629	0.395552
149.677	0.391207
149.725	0.392847
149.773	0.395055
149.821	0.397743
149.87	0.389395
149.918	0.399503
149.966	0.391906
150.014	0.395787
150.062	0.394828
150.11	0.399408
150.158	0.398999
150.206	0.392899
150.254	0.396917
150.302	0.400116
150.35	0.394865
150.399	0.395433
150.447	0.394819
150.495	0.397691
150.543	0.397377
150.592	0.394848
150.64	0.400735
150.688	0.395053
150.736	0.402195
150.784	0.395914
150.833	0.39618
150.881	0.400325
150.928	0.402094
150.977	0.391753
151.025	0.40146
151.073	0.401828
151.121	0.400239
151.169	0.402373
151.217	0.395859
151.265	0.402936
151.313	0.400846
151.361	0.4006
151.409	0.402384
151.457	0.403975
151.505	0.39664
151.553	0.402531
151.601	0.401491
151.649	0.400594
151.698	0.399027
151.746	0.399994
151.793	0.405454
151.841	0.402497
151.889	0.405904
151.937	0.402693
151.986	0.397214
152.034	0.403778
152.082	0.40143
152.129	0.408761
152.178	0.400535
152.226	0.404382
152.273	0.4083
152.322	0.399773
152.369	0.407465
152.418	0.40209
152.466	0.403745
152.513	0.410406
152.561	0.404115
152.61	0.402493
152.658	0.404279
152.706	0.40523
152.754	0.405686
152.802	0.400537
152.85	0.405551
152.898	0.406976
152.947	0.401543
152.994	0.409621
153.043	0.399142
153.091	0.407462
153.139	0.405138
153.186	0.409692
153.235	0.400839
153.283	0.408194
153.331	0.41065
153.379	0.400663
153.427	0.408789
153.475	0.408743
153.524	0.403255
153.571	0.410031
153.62	0.404604
153.668	0.404593
153.716	0.406816
153.765	0.405027
153.812	0.410097
153.861	0.404364
153.909	0.406723
153.957	0.409063
154.006	0.402393
154.055	0.405123
154.102	0.411134
154.151	0.406121
154.199	0.40481
154.247	0.410801
154.297	0.399784
154.344	0.417563
154.392	0.40684
154.441	0.405146
154.489	0.409886
154.537	0.408748
154.586	0.407139
154.634	0.409442
154.682	0.409759
154.73	0.408906
154.779	0.408744
154.827	0.407129
154.875	0.413863
154.923	0.407023
154.972	0.407461
155.02	0.411971
155.069	0.406609
155.117	0.414751
155.165	0.408906
155.213	0.413689
155.261	0.413875
155.31	0.409724
155.358	0.410175
155.406	0.411157
155.455	0.413494
155.502	0.415273
155.551	0.411274
155.599	0.412996
155.646	0.420175
155.695	0.410787
155.743	0.415991
155.792	0.407363
155.84	0.416232
155.888	0.412513
155.935	0.421691
155.984	0.411635
156.032	0.416588
156.08	0.417535
156.128	0.415084
156.176	0.416623
156.224	0.41729
156.272	0.41936
156.319	0.418231
156.368	0.413605
156.415	0.419763
156.463	0.41782
156.511	0.424349
156.559	0.414502
156.608	0.412877
156.655	0.422199
156.703	0.420246
156.752	0.413728
156.799	0.419831
156.847	0.425568
156.895	0.418458
156.943	0.413526
156.991	0.41905
157.038	0.424047
157.086	0.420023
157.134	0.419246
157.182	0.417691
157.23	0.419128
157.278	0.41866
157.326	0.420353
157.374	0.422694
157.422	0.416205
157.47	0.422211
157.518	0.418236
157.566	0.421869
157.614	0.419141
157.661	0.426021
157.71	0.414634
157.758	0.418508
157.805	0.427709
157.854	0.412177
157.902	0.421375
157.949	0.426121
157.997	0.420182
158.045	0.428423
158.093	0.417609
158.141	0.417234
158.189	0.4214
158.237	0.421557
158.285	0.422779
158.333	0.418307
158.381	0.422984
158.429	0.419558
158.477	0.421158
158.525	0.424614
158.573	0.42108
158.621	0.41862
158.67	0.421238
158.717	0.42435
158.765	0.424074
158.813	0.422721
158.861	0.420429
158.909	0.423699
158.958	0.419805
159.006	0.420256
159.054	0.424165
159.102	0.423123
159.15	0.422684
159.198	0.423079
159.246	0.42233
159.295	0.420031
159.343	0.422778
159.391	0.424054
159.439	0.42115
159.487	0.42687
159.535	0.425178
159.583	0.419094
159.632	0.419579
159.68	0.424228
159.728	0.425136
159.776	0.426786
159.825	0.417996
159.873	0.425692
159.921	0.421748
159.97	0.426042
160.018	0.421527
160.066	0.426744
160.115	0.421095
160.163	0.4219
160.212	0.419882
160.261	0.424068
160.308	0.428573
160.357	0.422991
160.406	0.419718
160.454	0.430132
160.502	0.427882
160.55	0.427616
160.599	0.420423
160.647	0.425079
160.695	0.429355
160.744	0.42433
160.792	0.424245
160.841	0.425571
160.889	0.428085
160.938	0.424336
160.985	0.430546
161.034	0.424746
161.083	0.425713
161.13	0.43442
161.179	0.422063
161.227	0.43148
161.275	0.430122
161.325	0.42107
161.373	0.432032
161.421	0.43193
161.469	0.427836
161.518	0.426897
161.566	0.429354
161.614	0.428114
161.662	0.432149
161.711	0.428111
161.759	0.434432
161.807	0.429574
161.855	0.431496
161.904	0.429082
161.952	0.432817
162.001	0.42707
162.049	0.436981
162.097	0.427134
162.145	0.436878
162.193	0.432564
162.242	0.42785
162.29	0.440018
162.338	0.432198
162.387	0.425461
162.435	0.439556
162.484	0.426414
162.532	0.436151
162.58	0.435719
162.628	0.436051
162.675	0.437796
162.724	0.427217
162.773	0.431425
162.82	0.441613
162.869	0.426241
162.918	0.43445
162.966	0.43292
163.014	0.435283
163.063	0.431523
163.111	0.432343
163.16	0.434523
163.208	0.43907
163.256	0.433247
163.304	0.43566
163.353	0.433362
163.401	0.433491
163.449	0.441729
163.498	0.425767
163.547	0.436309
163.595	0.435905
163.642	0.442872
163.692	0.429398
163.74	0.435157
163.789	0.434073
163.836	0.440721
163.886	0.427639
163.934	0.439882
163.982	0.437653
164.031	0.429052
164.079	0.443376
164.127	0.433715
164.176	0.43775
164.224	0.436127
164.273	0.437935
164.321	0.436075
164.37	0.431379
164.418	0.438866
164.468	0.431098
164.516	0.440434
164.564	0.435709
164.612	0.444552
164.661	0.431557
164.71	0.436795
164.758	0.439125
164.806	0.439496
164.856	0.432723
164.904	0.438274
164.952	0.441992
165	0.440498
165.049	0.438262
165.098	0.434565
165.146	0.442938
165.194	0.440352
165.243	0.437928
165.292	0.440364
165.34	0.437389
165.388	0.444397
165.438	0.435181
165.486	0.436727
165.535	0.441551
165.584	0.435524
165.632	0.44188
165.681	0.443235
165.729	0.445792
165.777	0.441155
165.827	0.433456
165.875	0.443628
165.924	0.437605
165.972	0.442673
166.021	0.437129
166.069	0.446021
166.118	0.441611
166.167	0.438506
166.216	0.439052
166.265	0.442538
166.313	0.44352
166.362	0.437435
166.41	0.448203
166.459	0.43882
166.507	0.446661
166.556	0.443461
166.605	0.439334
166.653	0.444872
166.702	0.444984
166.75	0.444874
166.799	0.442992
166.848	0.442874
166.896	0.445275
166.945	0.441772
166.994	0.443453
167.042	0.44631
167.091	0.440553
167.14	0.444701
167.188	0.447795
167.236	0.447383
167.285	0.443511
167.334	0.443381
167.383	0.442315
167.431	0.453249
167.48	0.440666
167.528	0.453339
167.577	0.442581
167.625	0.446799
167.674	0.445047
167.723	0.447293
167.772	0.442577
167.82	0.451813
167.869	0.442285
167.918	0.446809
167.966	0.450977
168.015	0.442938
168.063	0.453868
168.112	0.444394
168.16	0.448538
168.21	0.443345
168.258	0.452828
168.306	0.450492
168.355	0.447507
168.404	0.438899
168.452	0.454902
168.501	0.448296
168.55	0.443495
168.598	0.452541
168.647	0.449554
168.695	0.45039
168.745	0.442749
168.793	0.453166
168.842	0.44858
168.89	0.451359
168.939	0.44641
168.988	0.448911
169.036	0.451747
169.085	0.448965
169.134	0.447891
169.183	0.452049
169.232	0.445794
169.281	0.450329
169.329	0.450766
169.378	0.454062
169.427	0.442325
169.476	0.453127
169.525	0.449219
169.573	0.454228
169.622	0.450197
169.671	0.451337
169.72	0.449774
169.769	0.448548
169.817	0.45414
169.866	0.454857
169.914	0.452209
169.963	0.451249
170.013	0.447395
170.061	0.452752
170.11	0.451017
170.159	0.453219
170.208	0.451351
170.256	0.457275
170.305	0.447616
170.354	0.454843
170.403	0.450238
170.452	0.453125
170.501	0.449163
170.55	0.453097
170.599	0.452809
170.647	0.459805
170.696	0.452123
170.746	0.44909
170.795	0.452998
170.843	0.457299
170.892	0.455757
170.941	0.454995
170.99	0.447742
171.038	0.459416
171.087	0.455108
171.137	0.452194
171.185	0.458339
171.234	0.451489
171.283	0.457601
171.331	0.462069
171.38	0.456977
171.429	0.451507
171.478	0.456322
171.527	0.459736
171.576	0.451712
171.625	0.455195
171.673	0.466354
171.722	0.456962
171.771	0.454737
171.819	0.461662
171.868	0.460572
171.917	0.458353
171.966	0.454253
172.015	0.456407
172.063	0.462736
172.112	0.458425
172.161	0.457283
172.21	0.457869
172.259	0.462175
172.308	0.456916
172.357	0.455489
172.406	0.458155
172.455	0.461495
172.503	0.464753
172.552	0.461149
172.601	0.456387
172.65	0.458702
172.698	0.467007
172.747	0.454775
172.796	0.460854
172.845	0.461269
172.894	0.459047
172.942	0.46334
172.991	0.460716
173.04	0.456649
173.089	0.461628
173.137	0.46833
173.186	0.458746
173.235	0.462383
173.284	0.463183
173.333	0.460323
173.382	0.456347
173.43	0.465764
173.479	0.465194
173.528	0.455042
173.577	0.462887
173.626	0.464875
173.674	0.466314
173.724	0.456242
173.772	0.471568
173.821	0.453943
173.87	0.46311
173.918	0.467522
173.968	0.459937
174.017	0.46275
174.066	0.460835
174.114	0.466965
174.164	0.456231
174.212	0.471872
174.26	0.469329
174.309	0.460216
174.359	0.455979
174.407	0.469732
174.456	0.463587
174.505	0.467518
174.554	0.460878
174.603	0.464339
174.652	0.462946
174.701	0.467406
174.749	0.467735
174.798	0.463687
174.847	0.464411
174.896	0.465275
174.945	0.465938
174.994	0.466228
175.042	0.467313
175.091	0.469802
175.141	0.458218
175.189	0.469294
175.238	0.464072
175.287	0.469643
175.336	0.467727
175.384	0.468732
175.433	0.465079
175.482	0.46807
175.531	0.463102
175.58	0.471871
175.629	0.467252
175.678	0.467445
175.727	0.467639
175.775	0.471051
175.824	0.467779
175.873	0.469609
175.922	0.46651
175.97	0.473851
176.019	0.467886
176.068	0.469652
176.117	0.46629
176.165	0.471591
176.214	0.469136
176.263	0.4698
176.312	0.471053
176.36	0.472489
176.409	0.469638
176.458	0.473473
176.506	0.471045
176.556	0.465989
176.604	0.471747
176.652	0.477418
176.702	0.462746
176.75	0.476144
176.799	0.468501
176.848	0.472274
176.897	0.471889
176.946	0.471255
176.994	0.473188
177.043	0.472208
177.092	0.467485
177.141	0.473577
177.19	0.470764
177.239	0.473781
177.288	0.469291
177.336	0.478744
177.384	0.474448
177.433	0.475977
177.482	0.467609
177.531	0.477115
177.58	0.469017
177.629	0.471464
177.678	0.474801
177.726	0.476474
177.775	0.468459
177.824	0.479899
177.873	0.469227
177.921	0.475094
177.97	0.472334
178.019	0.477482
178.068	0.471943
178.117	0.475096
178.165	0.475633
178.214	0.471737
178.263	0.477583
178.312	0.474224
178.361	0.467867
178.41	0.474098
178.459	0.476497
178.508	0.474693
178.558	0.467824
178.606	0.480009
178.655	0.471337
178.704	0.474947
178.753	0.475273
178.802	0.471187
178.851	0.482076
178.9	0.476144
178.949	0.468172
178.998	0.47748
179.047	0.473143
179.096	0.479266
179.145	0.474718
179.194	0.478321
179.243	0.475688
179.292	0.474175
179.341	0.476231
179.389	0.481919
179.439	0.472108
179.488	0.478078
179.536	0.477189
179.586	0.472909
179.635	0.477083
179.684	0.478634
179.733	0.478036
179.781	0.478824
179.831	0.468992
179.88	0.482484
179.929	0.475433
179.978	0.47848
180.027	0.47795
180.076	0.481034
180.125	0.47396
180.175	0.471787
180.224	0.481701
180.272	0.485663
180.321	0.474209
180.37	0.479153
180.419	0.480163
180.468	0.481373
180.517	0.479286
180.567	0.477028
180.616	0.478774
180.664	0.48349
180.713	0.48171
180.762	0.479068
180.812	0.473536
180.86	0.48972
180.91	0.477082
180.959	0.478232
181.008	0.482887
181.056	0.484597
181.105	0.484607
181.155	0.477111
181.203	0.483388
181.252	0.488371
181.301	0.483612
181.35	0.483358
181.399	0.478407
181.448	0.486241
181.497	0.480219
181.546	0.487095
181.595	0.478255
181.644	0.487742
181.692	0.486008
181.742	0.479226
181.791	0.481654
181.84	0.482364
181.889	0.487174
181.937	0.488764
181.987	0.479222
182.035	0.486629
182.084	0.48899
182.133	0.481347
182.182	0.485788
182.231	0.483295
182.28	0.488939
182.329	0.479459
182.379	0.482962
182.427	0.488878
182.476	0.488437
182.525	0.485285
182.574	0.480404
182.623	0.490576
182.672	0.484508
182.721	0.486312
182.77	0.488442
182.818	0.489073
182.867	0.486533
182.917	0.47912
182.966	0.485102
183.015	0.488825
183.063	0.491572
183.112	0.487472
183.161	0.487356
183.21	0.484991
183.26	0.484677
183.308	0.489743
183.357	0.488609
183.406	0.488151
183.455	0.488096
183.504	0.487716
183.554	0.478885
183.602	0.499185
183.651	0.485921
183.699	0.490399
183.748	0.493661
183.797	0.489891
183.846	0.488688
183.895	0.4879
183.943	0.492353
183.992	0.48962
184.041	0.48511
184.09	0.491297
184.139	0.494653
184.187	0.491582
184.236	0.496116
184.285	0.490135
184.333	0.490966
184.382	0.492894
184.431	0.491777
184.48	0.491032
184.528	0.495462
184.577	0.491978
184.626	0.490308
184.674	0.494484
184.723	0.492002
184.772	0.496157
184.82	0.493895
184.869	0.492058
184.918	0.490261
184.967	0.494501
185.015	0.494354
185.064	0.49131
185.113	0.494285
185.162	0.491517
185.21	0.499489
185.259	0.490024
185.308	0.497531
185.356	0.494542
185.405	0.496863
185.454	0.49236
185.503	0.492564
185.551	0.495005
185.6	0.495465
185.648	0.497356
185.697	0.493904
185.746	0.495478
185.794	0.493121
185.843	0.492524
185.892	0.497745
185.941	0.49075
185.989	0.499507
186.038	0.492498
186.087	0.497918
186.135	0.495095
186.184	0.49483
186.233	0.490357
186.282	0.498199
186.33	0.493601
186.379	0.498392
186.427	0.499493
186.476	0.491404
186.525	0.498547
186.574	0.492587
186.623	0.495243
186.671	0.497689
186.72	0.496
186.768	0.504585
186.818	0.495327
186.866	0.507266
186.914	0.501885
186.963	0.498169
187.012	0.5019
187.062	0.493912
187.11	0.506071
187.158	0.505463
187.208	0.492096
187.257	0.505264
187.306	0.499105
187.355	0.50033
187.403	0.505262
187.451	0.506732
187.501	0.49625
187.549	0.49918
187.599	0.498368
187.648	0.495374
187.696	0.506819
187.745	0.500754
187.793	0.504603
187.842	0.499125
187.891	0.498744
187.94	0.501417
187.989	0.501022
188.038	0.498884
188.087	0.503937
188.136	0.499798
188.185	0.492988
188.234	0.502471
188.282	0.507541
188.331	0.500752
188.38	0.499283
188.428	0.502555
188.477	0.502793
188.526	0.495794
188.574	0.513324
188.624	0.49488
188.672	0.503971
188.721	0.500209
188.77	0.501542
188.819	0.504233
188.867	0.506758
188.915	0.505579
188.964	0.501066
189.013	0.503451
189.061	0.507114
189.11	0.508513
189.159	0.491794
189.208	0.507238
189.256	0.509012
189.305	0.50147
189.354	0.502928
189.402	0.509149
189.451	0.503752
189.5	0.501642
189.548	0.509306
189.596	0.508424
189.645	0.505188
189.694	0.500637
189.742	0.510941
189.791	0.502753
189.839	0.504929
189.887	0.511363
189.936	0.502042
189.985	0.506784
190.033	0.509867
190.082	0.501807
190.13	0.509278
190.179	0.502182
190.228	0.5083
190.276	0.506707
190.325	0.499176
190.374	0.505695
190.423	0.507356
190.471	0.511936
190.519	0.507574
190.568	0.505247
190.617	0.502081
190.665	0.512364
190.714	0.505955
190.763	0.498025
190.812	0.507617
190.86	0.511845
190.909	0.500895
190.958	0.504806
191.006	0.504715
191.055	0.50721
191.104	0.506121
191.153	0.503304
191.201	0.50792
191.25	0.509076
191.299	0.499333
191.348	0.510611
191.397	0.50479
191.445	0.506243
191.495	0.501269
191.543	0.506264
191.592	0.510314
191.64	0.507378
191.689	0.506592
191.738	0.503984
191.787	0.505158
191.836	0.507994
191.885	0.503532
191.934	0.50868
191.983	0.502694
192.031	0.51439
192.08	0.507601
192.129	0.502679
192.178	0.507425
192.227	0.502685
192.276	0.513561
192.325	0.503981
192.373	0.51086
192.422	0.507739
192.471	0.510202
192.52	0.507988
192.569	0.508454
192.618	0.50885
192.666	0.510961
192.715	0.51186
192.763	0.511566
192.813	0.500284
192.862	0.512369
192.91	0.510821
192.958	0.518031
193.008	0.507364
193.057	0.506249
193.105	0.515917
193.154	0.510414
193.202	0.513768
193.251	0.510834
193.3	0.512592
193.349	0.505277
193.397	0.518498
193.446	0.508871
193.496	0.508268
193.544	0.51921
193.593	0.509692
193.642	0.510377
193.69	0.517907
193.738	0.51824
193.788	0.502051
193.836	0.517966
193.885	0.509416
193.934	0.513001
193.983	0.513154
194.032	0.50983
194.081	0.505226
194.13	0.513797
194.178	0.520068
194.227	0.514056
194.276	0.511344
194.325	0.512269
194.374	0.512226
194.422	0.516216
194.471	0.511553
194.521	0.507805
194.57	0.510427
194.618	0.522722
194.667	0.509242
194.715	0.519047
194.765	0.510342
194.813	0.51807
194.862	0.509127
194.911	0.516427
194.96	0.508837
195.009	0.520584
195.058	0.508309
195.107	0.51876
195.156	0.51464
195.205	0.511393
195.253	0.519085
195.302	0.514181
195.351	0.514025
195.4	0.515389
195.449	0.519378
195.498	0.509912
195.547	0.515227
195.596	0.517935
195.645	0.510552
195.694	0.52037
195.743	0.515626
195.792	0.515186
195.841	0.512325
195.889	0.520941
195.938	0.518166
195.987	0.518315
196.036	0.512709
196.085	0.51738
196.134	0.517067
196.183	0.518073
196.232	0.518437
196.281	0.515671
196.329	0.525155
196.379	0.510549
196.428	0.513258
196.477	0.521107
196.526	0.516037
196.574	0.51997
196.623	0.517074
196.672	0.52554
196.721	0.512742
196.77	0.520864
196.819	0.521348
196.868	0.518316
196.917	0.51819
196.966	0.518257
197.015	0.519978
197.064	0.51456
197.113	0.52274
197.163	0.512864
197.211	0.524241
197.26	0.521214
197.309	0.52261
197.358	0.517503
197.407	0.521254
197.456	0.522744
197.505	0.515828
197.553	0.527735
197.602	0.522862
197.651	0.520849
197.7	0.524182
197.749	0.519624
197.797	0.529311
197.847	0.518338
197.896	0.519925
197.944	0.525774
197.993	0.522732
198.042	0.5241
198.091	0.521245
198.14	0.522759
198.189	0.522585
198.238	0.524039
198.286	0.526521
198.335	0.521778
198.384	0.522556
198.432	0.533217
198.481	0.522155
198.53	0.525581
198.579	0.526975
198.628	0.523094
198.676	0.529153
198.725	0.523725
198.773	0.528673
198.823	0.516517
198.871	0.531353
198.921	0.519687
198.969	0.524316
199.018	0.529417
199.067	0.518105
199.116	0.528568
199.164	0.530642
199.213	0.526376
199.262	0.526235
199.311	0.5198
199.36	0.529735
199.409	0.527846
199.457	0.530392
199.506	0.521937
199.555	0.532503
199.604	0.522653
199.653	0.523795
199.701	0.530263
199.751	0.52072
199.8	0.527116
199.848	0.529831
199.896	0.532658
199.945	0.528579
199.994	0.525627
200.042	0.534137
200.092	0.521894
200.14	0.531744
200.189	0.529066
200.238	0.526475
200.286	0.532382
200.336	0.520123
200.384	0.534234
200.433	0.52869
200.482	0.526785
200.531	0.524736
200.579	0.537469
200.628	0.527289
200.677	0.531363
200.725	0.535326
200.774	0.529605
200.823	0.526588
200.871	0.530676
200.92	0.534849
200.969	0.526901
201.017	0.536403
201.066	0.525702
201.114	0.537533
201.163	0.523755
201.212	0.533115
201.26	0.533395
201.309	0.532311
201.358	0.533584
201.406	0.534155
201.455	0.527711
201.503	0.535765
201.553	0.524592
201.601	0.535037
201.65	0.534178
201.699	0.528061
201.748	0.528835
201.796	0.534949
201.845	0.531791
201.893	0.536396
201.943	0.522319
201.991	0.53285
202.04	0.535974
202.088	0.537419
202.137	0.524299
202.185	0.538709
202.234	0.52969
202.283	0.53082
202.332	0.536366
202.381	0.529953
202.429	0.536164
202.478	0.531393
202.526	0.537021
202.575	0.52888
202.624	0.538773
202.673	0.52809
202.721	0.533843
202.77	0.532599
202.819	0.531085
202.868	0.534454
202.916	0.532064
202.965	0.533693
203.014	0.531105
203.063	0.533161
203.112	0.527821
203.16	0.545161
203.209	0.531853
203.258	0.527745
203.307	0.535939
203.356	0.531205
203.405	0.534313
203.454	0.529094
203.502	0.537347
203.551	0.536164
203.6	0.525183
203.648	0.542804
203.697	0.53382
203.746	0.535878
203.795	0.527312
203.844	0.532234
203.893	0.53392
203.942	0.542027
203.991	0.533084
204.039	0.533971
204.088	0.532632
204.137	0.537903
204.186	0.539301
204.235	0.532666
204.283	0.538638
204.332	0.535813
204.381	0.536915
204.43	0.535689
204.478	0.54001
204.527	0.538812
204.575	0.541083
204.624	0.539161
204.673	0.53767
204.722	0.53803
204.77	0.538552
204.819	0.538484
204.868	0.539373
204.916	0.53902
204.965	0.541911
205.014	0.538832
205.062	0.540768
205.111	0.539468
205.159	0.541918
205.208	0.545533
205.256	0.542533
205.305	0.536407
205.353	0.542387
205.402	0.54119
205.451	0.535248
205.498	0.557539
205.547	0.541258
205.596	0.539333
205.644	0.542483
205.692	0.551884
205.741	0.532964
205.789	0.546255
205.838	0.539672
205.887	0.536498
205.936	0.545209
205.983	0.55171
206.032	0.540846
206.081	0.53717
206.129	0.546979
206.178	0.537998
206.226	0.547841
206.275	0.54324
206.323	0.546058
206.372	0.542891
206.42	0.540576
206.469	0.547787
206.518	0.535292
206.566	0.545861
206.615	0.546367
206.663	0.545361
206.712	0.541481
206.76	0.542913
206.809	0.537522
206.858	0.546633
206.907	0.53967
206.955	0.548297
207.004	0.539424
207.053	0.540152
207.1	0.553367
207.149	0.543877
207.198	0.540632
207.246	0.550005
207.295	0.544313
207.344	0.539089
207.391	0.555536
207.441	0.535239
207.489	0.545262
207.538	0.542876
207.587	0.541394
207.635	0.551045
207.683	0.544958
207.733	0.535538
207.782	0.541736
207.83	0.546489
207.878	0.551401
207.927	0.541569
207.976	0.547165
208.025	0.53648
208.073	0.553523
208.122	0.538685
208.171	0.540603
208.22	0.549022
208.268	0.545387
208.317	0.540159
208.366	0.54508
208.415	0.543893
208.463	0.5508
208.512	0.546311
208.561	0.539685
208.609	0.55232
208.658	0.544132
208.707	0.542947
208.755	0.546029
208.804	0.546889
208.853	0.545773
208.902	0.543155
208.951	0.542826
209	0.543083
209.048	0.550303
209.097	0.543916
209.146	0.548561
209.194	0.54743
209.243	0.543206
209.292	0.552072
209.341	0.542031
209.389	0.547447
209.438	0.549109
209.487	0.543723
209.536	0.540706
209.585	0.551204
209.633	0.553349
209.682	0.543938
209.73	0.552707
209.779	0.546851
209.828	0.543467
209.877	0.550402
209.926	0.549168
209.975	0.542312
210.024	0.544067
210.073	0.549944
210.121	0.548729
210.17	0.546319
210.219	0.552964
210.267	0.552309
210.316	0.549087
210.365	0.546681
210.413	0.550795
210.462	0.554927
210.51	0.554194
210.559	0.549463
210.608	0.546059
210.657	0.547243
210.705	0.559307
210.754	0.551396
210.802	0.54978
210.851	0.550596
210.9	0.551012
210.949	0.549647
210.997	0.552354
211.046	0.550068
211.095	0.549307
211.144	0.551834
211.192	0.552421
211.241	0.552959
211.29	0.553306
211.339	0.550557
211.387	0.555411
211.435	0.55735
211.484	0.548108
211.533	0.55525
211.582	0.551064
211.631	0.550046
211.679	0.557391
211.727	0.561038
211.776	0.552779
211.825	0.543907
211.874	0.557788
211.923	0.553851
211.971	0.553894
212.02	0.557225
212.069	0.547112
212.117	0.556245
212.166	0.551586
212.215	0.5495
212.264	0.562155
212.312	0.554505
212.361	0.554382
212.41	0.550279
212.458	0.557182
212.507	0.556988
212.557	0.545206
212.605	0.555418
212.654	0.556655
212.703	0.546507
212.752	0.557478
212.801	0.551413
212.849	0.557434
212.898	0.553488
212.947	0.551431
212.996	0.559341
213.044	0.558697
213.094	0.542335
213.142	0.557729
213.192	0.55081
213.24	0.560155
213.29	0.544443
213.339	0.551464
213.387	0.558519
213.436	0.558035
213.485	0.551189
213.534	0.551118
213.583	0.556469
213.631	0.559969
213.68	0.552789
213.729	0.557005
213.778	0.549752
213.827	0.558065
213.876	0.549931
213.926	0.553818
213.974	0.557263
214.023	0.556086
214.072	0.555154
214.121	0.556464
214.17	0.5542
214.219	0.556578
214.268	0.551766
214.317	0.555654
214.366	0.558182
214.415	0.56162
214.464	0.552248
214.513	0.556745
214.561	0.561325
214.61	0.556167
214.659	0.558084
214.708	0.56067
214.757	0.552563
214.806	0.557035
214.855	0.556752
214.904	0.556283
214.953	0.560616
215.001	0.565773
215.051	0.554842
215.099	0.563473
215.148	0.558668
215.197	0.561007
215.247	0.54902
215.296	0.560147
215.345	0.55785
215.393	0.560877
215.442	0.561228
215.491	0.555474
215.54	0.563692
215.589	0.560583
215.638	0.559631
215.687	0.561929
215.736	0.558974
215.784	0.563281
215.833	0.563645
215.883	0.547051
215.931	0.572719
215.98	0.557776
216.03	0.556732
216.079	0.557952
216.127	0.566512
216.176	0.557783
216.225	0.566795
216.274	0.555677
216.323	0.562023
216.372	0.563465
216.421	0.559189
216.471	0.555851
216.519	0.565035
216.568	0.566242
216.617	0.564221
216.665	0.566106
216.714	0.562092
216.763	0.561959
216.812	0.571843
216.861	0.554932
216.91	0.563399
216.959	0.563217
217.008	0.564796
217.057	0.559322
217.106	0.568538
217.156	0.554838
217.205	0.564775
217.253	0.570311
217.302	0.56523
217.351	0.566897
217.399	0.566465
217.448	0.564549
217.498	0.560606
217.546	0.566988
217.595	0.568531
217.644	0.563685
217.693	0.560374
217.742	0.569251
217.791	0.563779
217.84	0.561642
217.889	0.567197
217.937	0.571491
217.986	0.565793
218.036	0.559874
218.084	0.571001
218.133	0.570695
218.182	0.568788
218.231	0.559617
218.28	0.569171
218.329	0.565552
218.378	0.566569
218.427	0.565102
218.476	0.558094
218.525	0.570873
218.574	0.56205
218.623	0.570161
218.672	0.564761
218.721	0.566801
218.77	0.564139
218.819	0.564905
218.868	0.564844
218.916	0.574222
218.965	0.570562
219.015	0.558655
219.064	0.565766
219.112	0.57362
219.161	0.564914
219.21	0.565286
219.259	0.567016
219.308	0.569238
219.357	0.565938
219.406	0.568749
219.456	0.559108
219.504	0.575299
219.553	0.571078
219.602	0.568517
219.651	0.566605
219.7	0.569742
219.749	0.566461
219.799	0.559844
219.847	0.576448
219.896	0.569856
219.944	0.574975
219.993	0.567485
220.042	0.567679
220.091	0.570911
220.14	0.572811
220.189	0.567033
220.238	0.570242
220.286	0.576133
220.335	0.570738
220.384	0.570744
220.432	0.577486
220.482	0.560985
220.531	0.576523
220.579	0.576453
220.628	0.57027
220.677	0.572411
220.726	0.571199
220.775	0.567712
220.824	0.570871
220.873	0.568067
220.921	0.578057
220.971	0.566994
221.019	0.575452
221.068	0.571491
221.117	0.576888
221.165	0.576607
221.215	0.560566
221.264	0.573401
221.312	0.585599
221.361	0.570803
221.411	0.563789
221.46	0.571916
221.507	0.584661
221.557	0.569781
221.606	0.572532
221.654	0.575497
221.704	0.569345
221.752	0.58085
221.802	0.564286
221.85	0.58314
221.899	0.569478
221.948	0.575008
221.997	0.574921
222.046	0.570956
222.095	0.577072
222.143	0.576
222.193	0.568365
222.241	0.576282
222.29	0.581182
222.34	0.560144
222.388	0.582264
222.437	0.572492
222.487	0.570811
222.535	0.579177
222.584	0.570469
222.634	0.570177
222.683	0.576726
222.731	0.579425
222.782	0.558167
222.83	0.584457
222.879	0.57686
222.928	0.576408
222.977	0.571297
223.026	0.576364
223.075	0.575083
223.124	0.572677
223.172	0.581626
223.222	0.56901
223.27	0.584337
223.319	0.572002
223.369	0.57232
223.417	0.580618
223.467	0.56756
223.516	0.574083
223.564	0.585212
223.614	0.572185
223.662	0.581485
223.711	0.574324
223.76	0.576245
223.809	0.580553
223.859	0.568696
223.907	0.579855
223.957	0.571136
224.005	0.588764
224.054	0.572081
224.103	0.581866
224.152	0.571736
224.201	0.583475
224.25	0.581514
224.299	0.574108
224.348	0.578308
224.397	0.580781
224.446	0.574013
224.494	0.58909
224.543	0.581011
224.592	0.574043
224.641	0.581424
224.69	0.578552
224.738	0.585132
224.787	0.579274
224.837	0.573403
224.885	0.5832
224.934	0.57863
224.983	0.58562
225.032	0.578268
225.081	0.576762
225.129	0.58927
225.179	0.571516
225.227	0.586086
225.276	0.578254
225.326	0.576125
225.374	0.585536
225.423	0.581226
225.472	0.581476
225.521	0.577635
225.571	0.575852
225.619	0.58624
225.668	0.582072
225.717	0.581309
225.766	0.577718
225.815	0.58028
225.864	0.584578
225.913	0.580973
225.961	0.581144
226.011	0.575701
226.06	0.581974
226.109	0.582685
226.158	0.581364
226.207	0.578955
226.256	0.577241
226.305	0.58678
226.353	0.587351
226.403	0.574851
226.452	0.581263
226.5	0.586921
226.55	0.574167
226.599	0.581829
226.647	0.594755
226.696	0.574663
226.745	0.584545
226.795	0.574396
226.844	0.584282
226.892	0.585575
226.942	0.576677
226.991	0.584509
227.039	0.58796
227.088	0.584145
227.138	0.575813
227.186	0.592041
227.235	0.580772
227.284	0.581026
227.333	0.586648
227.382	0.582117
227.431	0.586661
227.48	0.582034
227.529	0.581787
227.578	0.590005
227.626	0.587805
227.676	0.581359
227.725	0.581972
227.774	0.583641
227.822	0.590965
227.872	0.574796
227.92	0.601475
227.969	0.582419
228.019	0.573927
228.066	0.603543
228.116	0.578109
228.164	0.590236
228.213	0.584469
228.262	0.588506
228.311	0.587299
228.36	0.582299
228.409	0.587829
228.457	0.591475
228.507	0.583859
228.556	0.585416
228.604	0.591738
228.653	0.59226
228.701	0.588152
228.75	0.590612
228.799	0.583482
228.848	0.589422
228.897	0.588216
228.946	0.588494
228.995	0.587194
229.044	0.579531
229.093	0.59215
229.141	0.588549
229.19	0.592394
229.239	0.58875
229.287	0.592891
229.336	0.586686
229.385	0.585709
229.434	0.588797
229.483	0.591917
229.531	0.593509
229.581	0.580267
229.63	0.587456
229.679	0.591807
229.728	0.589555
229.776	0.589412
229.825	0.588771
229.874	0.59048
229.923	0.589759
229.972	0.591486
230.021	0.586154
230.069	0.596116
230.118	0.584242
230.167	0.586912
230.216	0.595852
230.265	0.587714
230.314	0.588808
230.362	0.592453
230.411	0.588502
230.461	0.583763
230.509	0.593925
230.558	0.589301
230.607	0.593778
230.656	0.586882
230.705	0.586837
230.755	0.584814
230.803	0.593012
230.852	0.593073
230.901	0.591327
230.949	0.59456
230.998	0.588468
231.047	0.591018
231.097	0.58257
231.145	0.593858
231.195	0.587438
231.243	0.592299
231.292	0.596919
231.341	0.583328
231.39	0.59648
231.44	0.582505
231.488	0.594981
231.537	0.59585
231.586	0.588079
231.635	0.596202
231.684	0.585669
231.733	0.595486
231.782	0.589279
231.831	0.590968
231.879	0.598596
231.93	0.578375
231.978	0.595929
232.027	0.595351
232.076	0.587678
232.125	0.591021
232.174	0.595365
232.223	0.591731
232.272	0.591171
232.321	0.589943
232.37	0.59784
232.419	0.587734
232.468	0.592989
232.517	0.596324
232.566	0.59406
232.615	0.595686
232.664	0.596678
232.713	0.586299
232.763	0.588008
232.811	0.59515
232.86	0.601318
232.909	0.587482
232.958	0.595515
233.007	0.601153
233.056	0.59019
233.104	0.598097
233.154	0.587751
233.202	0.607108
233.251	0.5952
233.301	0.58622
233.349	0.601994
233.399	0.580416
233.447	0.604421
233.496	0.595051
233.545	0.592794
233.594	0.5959
233.644	0.590805
233.693	0.594155
233.742	0.591896
233.791	0.597917
233.84	0.593524
233.889	0.590111
233.937	0.604259
233.987	0.593624
234.036	0.596058
234.084	0.60048
234.133	0.593067
234.183	0.591012
234.231	0.600796
234.28	0.598064
234.33	0.590668
234.379	0.592674
234.427	0.604248
234.477	0.593764
234.525	0.602642
234.575	0.590545
234.624	0.596853
234.672	0.60482
234.721	0.600674
234.77	0.594952
234.82	0.587774
234.868	0.597887
234.917	0.597492
234.966	0.606747
235.016	0.587
235.065	0.597631
235.114	0.593832
235.162	0.60681
235.212	0.589899
235.261	0.600404
235.31	0.597171
235.359	0.598281
235.409	0.588781
235.457	0.603648
235.507	0.592099
235.555	0.605524
235.604	0.598872
235.654	0.583931
235.703	0.603399
235.752	0.607082
235.801	0.597719
235.85	0.59334
235.899	0.604255
235.949	0.590671
235.997	0.601401
236.046	0.600689
236.095	0.602656
236.145	0.590227
236.194	0.599485
236.243	0.600054
236.291	0.607392
236.34	0.60159
236.39	0.594353
236.439	0.595711
236.488	0.604628
236.537	0.601212
236.586	0.596197
236.636	0.597994
236.685	0.601645
236.734	0.603353
236.783	0.596571
236.832	0.604782
236.881	0.59638
236.93	0.609663
236.979	0.594741
237.028	0.601964
237.077	0.603537
237.127	0.598946
237.176	0.6038
237.224	0.604465
237.274	0.594072
237.323	0.607428
237.372	0.606203
237.421	0.595787
237.47	0.603653
237.52	0.597639
237.569	0.60101
237.617	0.609465
237.667	0.594809
237.716	0.607419
237.765	0.601956
237.814	0.598487
237.863	0.601945
237.913	0.602327
237.961	0.613947
238.011	0.593671
238.06	0.594788
238.109	0.605399
238.158	0.608686
238.208	0.596508
238.257	0.606237
238.306	0.603548
238.355	0.600895
238.404	0.607258
238.453	0.608407
238.503	0.595351
238.551	0.609505
238.601	0.600322
238.65	0.607583
238.699	0.60928
238.748	0.604828
238.797	0.605861
238.846	0.601985
238.896	0.601458
238.944	0.610684
238.993	0.610835
239.043	0.601603
239.091	0.612487
239.141	0.596828
239.19	0.610454
239.239	0.608268
239.288	0.609536
239.337	0.604664
239.386	0.606117
239.435	0.606978
239.483	0.622341
239.533	0.597101
239.582	0.612009
239.631	0.598211
239.68	0.608043
239.729	0.609322
239.778	0.613597
239.827	0.602863
239.876	0.610825
239.925	0.610195
239.973	0.613276
240.022	0.609171
240.071	0.609704
240.121	0.604912
240.169	0.611309
240.218	0.609042
240.267	0.607837
240.316	0.608204
240.366	0.608255
240.414	0.615168
240.463	0.607492
240.512	0.614343
240.561	0.606948
240.609	0.616009
240.659	0.605324
240.708	0.604383
240.757	0.614174
240.806	0.608657
240.854	0.612031
240.903	0.621668
240.952	0.607461
241	0.612939
241.049	0.618013
241.099	0.597992
241.147	0.625597
241.196	0.606218
241.245	0.603195
241.295	0.608748
241.343	0.6203
241.392	0.602624
241.441	0.611532
241.49	0.612592
241.539	0.608475
241.588	0.610197
241.638	0.604023
241.687	0.614001
241.735	0.613427
241.785	0.607007
241.834	0.608097
241.883	0.613999
241.932	0.611383
241.98	0.61957
242.03	0.601482
242.079	0.612797
242.127	0.614805
242.177	0.602113
242.225	0.629194
242.274	0.606551
242.324	0.606026
242.373	0.612322
242.422	0.603671
242.471	0.610914
242.519	0.62191
242.569	0.607446
242.618	0.605787
242.667	0.609872
242.717	0.607493
242.765	0.616023
242.815	0.605206
242.864	0.613577
242.913	0.612291
242.962	0.605556
243.011	0.611385
243.06	0.618296
243.109	0.604296
243.158	0.613041
243.208	0.609299
243.257	0.611818
243.306	0.61142
243.354	0.619455
243.404	0.601598
243.453	0.614812
243.502	0.604325
243.551	0.619719
243.601	0.604569
243.649	0.61579
243.699	0.605254
243.748	0.616165
243.797	0.604846
243.846	0.622253
243.896	0.598226
243.945	0.611373
243.994	0.619098
244.043	0.612306
244.092	0.60455
244.141	0.617331
244.19	0.610608
244.24	0.610523
244.289	0.613021
244.338	0.61374
244.387	0.6136
244.436	0.611279
244.485	0.614071
244.534	0.613722
244.583	0.620735
244.633	0.607257
244.681	0.617726
244.731	0.608829
244.78	0.613421
244.829	0.62205
244.878	0.612052
244.927	0.614737
244.976	0.613357
245.025	0.615437
245.074	0.617997
245.123	0.615214
245.172	0.620253
245.221	0.609891
245.27	0.616344
245.319	0.615486
245.368	0.622047
245.417	0.608942
245.466	0.616183
245.515	0.626725
245.564	0.610755
245.614	0.608949
245.662	0.629041
245.711	0.610796
245.761	0.614332
245.809	0.627877
245.858	0.619453
245.907	0.620036
245.955	0.620865
246.004	0.617021
246.053	0.618081
246.103	0.616924
246.152	0.614803
246.201	0.62203
246.25	0.61832
246.299	0.606996
246.347	0.63393
246.397	0.611959
246.446	0.618409
246.495	0.618538
246.544	0.617877
246.593	0.614366
246.641	0.630621
246.69	0.617618
246.739	0.619117
246.788	0.617185
246.837	0.621243
246.886	0.619769
246.935	0.620739
246.984	0.618647
247.034	0.612966
247.082	0.619773
247.131	0.622814
247.181	0.608328
247.23	0.624458
247.279	0.619619
247.328	0.615051
247.376	0.627052
247.425	0.622443
247.474	0.613765
247.523	0.62543
247.573	0.612506
247.622	0.616607
247.671	0.622383
247.72	0.620014
247.769	0.613566
247.818	0.622825
247.867	0.619009
247.917	0.612584
247.965	0.629575
248.014	0.620486
248.063	0.617911
248.112	0.623292
248.162	0.611757
248.211	0.621756
248.26	0.618788
248.309	0.626273
248.358	0.617661
248.408	0.608679
248.457	0.631252
248.506	0.617164
248.554	0.632328
248.604	0.610022
248.653	0.620935
248.703	0.613571
248.752	0.630959
248.801	0.618536
248.85	0.61584
248.899	0.626396
248.949	0.618763
248.998	0.618606
249.047	0.626389
249.096	0.615228
249.145	0.622487
249.194	0.630271
249.243	0.616828
249.293	0.619308
249.342	0.62822
249.391	0.623911
249.44	0.618007
249.49	0.618541
249.539	0.62183
249.588	0.623863
249.637	0.624207
249.686	0.622337
249.736	0.621463
249.785	0.627311
249.834	0.621184
249.883	0.619785
249.933	0.619027
249.981	0.63388
250.031	0.614582
250.08	0.631383
250.129	0.62292
250.178	0.62544
250.228	0.618484
250.277	0.622462
250.327	0.621845
250.375	0.628247
250.425	0.621969
250.474	0.628887
250.523	0.619868
250.573	0.621512
250.622	0.619783
250.671	0.630577
250.72	0.626118
250.769	0.624482
250.819	0.624596
250.868	0.620065
250.917	0.63182
250.967	0.620235
251.015	0.635077
251.065	0.621948
251.114	0.627566
251.163	0.62252
251.213	0.626426
251.262	0.626583
251.311	0.624111
251.36	0.62681
251.409	0.631515
251.459	0.624637
251.507	0.63473
251.557	0.621076
251.606	0.630037
251.655	0.629377
251.704	0.636053
251.754	0.621807
251.803	0.62533
251.851	0.641172
251.9	0.626276
251.95	0.623175
251.999	0.628974
252.048	0.632595
252.097	0.633144
252.146	0.626315
252.195	0.629327
252.245	0.626861
252.294	0.629618
252.343	0.628835
252.392	0.629062
252.442	0.625827
252.49	0.635036
252.539	0.63101
252.589	0.621125
252.638	0.634846
252.687	0.628611
252.737	0.624421
252.786	0.628144
252.835	0.632467
252.884	0.627037
252.933	0.635405
252.982	0.622504
253.031	0.636062
253.08	0.626841
253.13	0.625933
253.178	0.643109
253.228	0.619636
253.277	0.633684
253.326	0.633584
253.375	0.630155
253.425	0.622285
253.474	0.632774
253.523	0.626323
253.572	0.639575
253.621	0.630495
253.67	0.634094
253.718	0.639772
253.768	0.625725
253.818	0.621804
253.867	0.630366
253.916	0.638312
253.965	0.629271
254.014	0.635097
254.064	0.623979
254.113	0.632678
254.162	0.63152
254.211	0.631805
254.261	0.627687
254.31	0.629721
254.359	0.632864
254.409	0.622544
254.457	0.6489
254.507	0.621178
254.556	0.630864
254.605	0.63498
254.654	0.634002
254.703	0.633542
254.753	0.633119
254.802	0.629688
254.851	0.635574
254.901	0.624434
254.95	0.63493
254.999	0.639661
255.048	0.627998
255.098	0.621299
255.147	0.636356
255.197	0.630678
255.245	0.639621
255.295	0.629638
255.344	0.631425
255.393	0.635577
255.443	0.63267
255.492	0.630271
255.541	0.632901
255.591	0.635506
255.64	0.635518
255.69	0.623051
255.738	0.645015
255.788	0.628423
255.837	0.631298
255.886	0.639732
255.936	0.624629
255.985	0.636914
256.035	0.634744
256.084	0.637866
256.132	0.639776
256.182	0.627354
256.231	0.645713
256.28	0.631267
256.329	0.636863
256.378	0.638165
256.428	0.634024
256.477	0.634635
256.526	0.635283
256.576	0.632657
256.625	0.643943
256.674	0.631281
256.723	0.639903
256.772	0.635431
256.822	0.633235
256.871	0.640911
256.92	0.641245
256.969	0.629932
257.019	0.637212
257.067	0.643918
257.116	0.640358
257.166	0.634087
257.216	0.627513
257.264	0.642138
257.313	0.642214
257.363	0.628136
257.413	0.632334
257.462	0.64073
257.511	0.642779
257.561	0.627522
257.61	0.633522
257.659	0.645559
257.707	0.644068
257.757	0.629744
257.806	0.640239
257.856	0.638378
257.904	0.64318
257.954	0.633312
258.004	0.633146
258.053	0.642288
258.102	0.636776
258.151	0.641983
258.2	0.637981
258.249	0.637896
258.299	0.636533
258.349	0.633329
258.397	0.643528
258.447	0.633974
258.496	0.640916
258.545	0.643086
258.595	0.632326
258.644	0.64152
258.693	0.640585
258.742	0.639936
258.791	0.642816
258.841	0.63558
258.89	0.634894
258.939	0.647946
258.988	0.640243
259.038	0.632453
259.087	0.649624
259.136	0.633564
259.186	0.641221
259.235	0.640524
259.284	0.641082
259.334	0.635295
259.383	0.64296
259.432	0.643775
259.481	0.637163
259.53	0.641094
259.579	0.646364
259.629	0.635111
259.678	0.642226
259.727	0.64332
259.776	0.646262
259.825	0.646889
259.875	0.630363
259.924	0.641536
259.972	0.650156
260.022	0.642561
260.072	0.629967
260.12	0.657246
260.169	0.642003
260.219	0.635313
260.268	0.649518
260.317	0.644249
260.366	0.636544
260.416	0.636329
260.464	0.656011
260.514	0.63623
260.563	0.64755
260.613	0.640447
260.661	0.648811
260.711	0.640403
260.761	0.636229
260.81	0.643394
260.859	0.64222
260.908	0.651617
260.958	0.628675
261.008	0.641752
261.056	0.649533
261.105	0.649626
261.155	0.63569
261.205	0.639789
261.253	0.652481
261.303	0.643998
261.352	0.647129
261.401	0.643909
261.451	0.63666
261.5	0.648796
261.549	0.64271
261.598	0.647936
261.648	0.637267
261.697	0.640622
261.747	0.646541
261.795	0.65048
261.845	0.641302
261.894	0.643146
261.944	0.642447
261.993	0.647604
262.043	0.639041
262.091	0.656447
262.14	0.644795
262.19	0.644679
262.24	0.637143
262.289	0.643026
262.338	0.648199
262.387	0.653729
262.436	0.643677
262.486	0.644992
262.535	0.644085
262.584	0.654337
262.633	0.647398
262.682	0.640142
262.731	0.649481
262.781	0.64882
262.83	0.644552
262.88	0.638904
262.929	0.655246
262.977	0.653995
263.028	0.632993
263.077	0.650693
263.126	0.646604
263.175	0.654789
263.224	0.644002
263.273	0.648196
263.323	0.642912
263.372	0.649658
263.421	0.652829
263.47	0.650341
263.52	0.644381
263.568	0.656573
263.618	0.645861
263.667	0.648575
263.717	0.637079
263.765	0.65631
263.815	0.637547
263.864	0.653721
263.914	0.647065
263.963	0.647933
264.012	0.654513
264.061	0.646786
264.11	0.64562
264.16	0.647825
264.209	0.645616
264.258	0.649303
264.307	0.657736
264.356	0.647025
264.406	0.642737
264.455	0.64586
264.505	0.650053
264.553	0.65878
264.603	0.643502
264.652	0.648927
264.702	0.642118
264.751	0.656433
264.8	0.649217
264.849	0.650119
264.899	0.645518
264.948	0.652472
264.996	0.653522
265.046	0.651751
265.095	0.643899
265.144	0.650901
265.194	0.65103
265.243	0.644666
265.293	0.643736
265.341	0.663177
265.391	0.645961
265.44	0.654396
265.49	0.640903
265.538	0.657647
265.588	0.649126
265.637	0.646121
265.686	0.659168
265.735	0.6506
265.785	0.648635
265.833	0.656797
265.883	0.643967
265.933	0.644798
265.982	0.657566
266.031	0.648802
266.08	0.652234
266.13	0.651033
266.178	0.656394
266.228	0.647094
266.277	0.654135
266.326	0.651859
266.376	0.65112
266.425	0.65613
266.474	0.653633
266.523	0.646527
266.573	0.648696
266.622	0.658441
266.671	0.646556
266.72	0.662803
266.769	0.655651
266.818	0.656979
266.868	0.643104
266.917	0.654283
266.966	0.65585
267.015	0.649885
267.064	0.65433
267.113	0.654143
267.163	0.652327
267.212	0.651059
267.261	0.658956
267.311	0.646807
267.36	0.657711
267.409	0.651701
267.458	0.653592
267.507	0.655224
267.555	0.665953
267.605	0.645812
267.655	0.643091
267.704	0.66127
267.753	0.661325
267.802	0.6574
267.851	0.649432
267.901	0.646942
267.95	0.657946
267.999	0.653611
268.048	0.654312
268.097	0.655724
268.146	0.656124
268.195	0.659675
268.244	0.658338
268.294	0.646928
268.343	0.658324
268.392	0.656024
268.442	0.650641
268.491	0.654611
268.54	0.658889
268.589	0.65712
268.638	0.650474
268.687	0.659166
268.737	0.654788
268.786	0.654347
268.836	0.650837
268.885	0.657624
268.934	0.656387
268.983	0.652287
269.032	0.657086
269.082	0.653797
269.131	0.66151
269.18	0.650397
269.229	0.657483
269.278	0.660228
269.328	0.651685
269.377	0.663286
269.426	0.657635
269.475	0.651192
269.525	0.651998
269.574	0.660327
269.623	0.651243
269.673	0.64696
269.722	0.661803
269.772	0.656361
269.82	0.664626
269.869	0.6568
269.919	0.659242
269.967	0.666585
270.016	0.661182
270.065	0.654257
270.115	0.656427
270.164	0.65572
270.214	0.652626
270.263	0.651429
270.312	0.665391
270.362	0.655411
270.411	0.661038
270.46	0.653805
270.509	0.657302
270.558	0.671637
270.607	0.651078
270.657	0.659737
270.706	0.659872
270.754	0.664731
270.804	0.65453
270.853	0.661657
270.901	0.668926
270.95	0.668343
270.999	0.657962
271.049	0.654054
271.098	0.664109
271.147	0.663909
271.196	0.66242
271.245	0.656744
271.294	0.663428
271.343	0.666184
271.393	0.649982
271.441	0.665225
271.49	0.664196
271.539	0.660512
271.589	0.660233
271.637	0.663338
271.686	0.666496
271.736	0.65619
271.785	0.657772
271.833	0.677229
271.882	0.65658
271.931	0.662989
271.981	0.656973
272.029	0.676415
272.079	0.647564
272.128	0.664514
272.176	0.667806
272.225	0.66759
272.274	0.660707
272.323	0.663075
272.372	0.668107
272.421	0.659824
272.47	0.668387
272.52	0.650785
272.568	0.672027
272.617	0.665353
272.666	0.6649
272.715	0.657327
272.764	0.665846
272.813	0.669683
272.862	0.659074
272.911	0.660676
272.96	0.665178
273.009	0.658559
273.058	0.673229
273.107	0.652779
273.156	0.667459
273.205	0.665561
273.255	0.648153
273.304	0.662253
273.352	0.676714
273.401	0.662431
273.451	0.652867
273.5	0.66423
273.549	0.666128
273.598	0.66322
273.646	0.672437
273.696	0.656683
273.746	0.654031
273.795	0.66399
273.844	0.665971
273.893	0.658977
273.942	0.665958
273.991	0.658178
274.041	0.661978
274.09	0.665621
274.138	0.667698
274.188	0.661362
274.237	0.660635
274.286	0.669735
274.335	0.654745
274.384	0.670441
274.433	0.662184
274.482	0.662542
274.532	0.663449
274.581	0.667415
274.63	0.664371
274.679	0.663182
274.728	0.668008
274.777	0.662513
274.827	0.651411
274.876	0.671761
274.925	0.665138
274.974	0.662841
275.024	0.659021
275.072	0.674634
275.122	0.661592
275.17	0.671278
275.219	0.667328
275.269	0.657399
275.318	0.667286
275.367	0.672191
275.416	0.663451
275.465	0.671584
275.514	0.660477
275.563	0.662687
275.612	0.676513
275.661	0.665263
275.71	0.670975
275.759	0.665707
275.808	0.669538
275.856	0.678133
275.905	0.665491
275.955	0.667363
276.004	0.662902
276.053	0.671203
276.102	0.663735
276.151	0.671259
276.199	0.679508
276.248	0.666278
276.298	0.662411
276.347	0.670198
276.395	0.679249
276.444	0.670013
276.493	0.666803
276.542	0.668825
276.591	0.674525
276.64	0.665655
276.688	0.67756
276.737	0.670216
276.786	0.674838
276.835	0.672813
276.884	0.659737
276.933	0.673888
276.982	0.666961
277.031	0.672462
277.08	0.665596
277.129	0.672115
277.178	0.665226
277.227	0.678924
277.276	0.667913
277.324	0.674482
277.373	0.671264
277.422	0.670684
277.471	0.669607
277.52	0.671271
277.569	0.668077
277.618	0.68006
277.667	0.665951
277.716	0.671079
277.766	0.659454
277.814	0.677188
277.863	0.672753
277.912	0.67208
277.961	0.671065
278.009	0.686782
278.058	0.668031
278.107	0.663744
278.157	0.664269
278.206	0.672832
278.255	0.670696
278.304	0.668578
278.353	0.668554
278.402	0.668063
278.451	0.676875
278.5	0.666398
278.549	0.668637
278.598	0.677974
278.647	0.663517
278.696	0.674296
278.745	0.67956
278.794	0.670096
278.842	0.674773
278.891	0.670247
278.94	0.671091
278.99	0.668979
279.039	0.671934
279.087	0.674749
279.137	0.664148
279.187	0.663502
279.236	0.665938
279.285	0.67845
279.334	0.668768
279.383	0.664626
279.431	0.688189
279.48	0.672781
279.53	0.661975
279.579	0.666321
279.628	0.677627
279.676	0.686159
279.726	0.659542
279.775	0.674704
279.824	0.672605
279.874	0.664926
279.923	0.669
279.972	0.668582
280.022	0.667857
280.071	0.673333
280.12	0.676717
280.168	0.678783
280.218	0.662789
280.268	0.66713
280.316	0.681118
280.366	0.66667
280.415	0.669508
280.464	0.679628
280.513	0.671454
280.561	0.679593
280.611	0.664543
280.66	0.676313
280.709	0.673709
280.759	0.667384
280.808	0.674993
280.857	0.673732
280.906	0.666317
280.955	0.675519
281.004	0.678878
281.053	0.677951
281.103	0.668645
281.152	0.67436
281.201	0.673968
281.249	0.681618
281.299	0.673405
281.348	0.670747
281.396	0.685073
281.446	0.66986
281.495	0.678035
281.544	0.671719
281.593	0.675878
281.642	0.679299
281.69	0.684403
281.74	0.670606
281.788	0.683303
281.837	0.680348
281.886	0.675524
281.936	0.66994
281.985	0.678051
282.033	0.688259
282.082	0.679978
282.131	0.672106
282.18	0.682685
282.229	0.670739
282.278	0.674029
282.327	0.678153
282.376	0.680464
282.426	0.669567
282.474	0.69142
282.522	0.684265
282.572	0.668848
282.621	0.676577
282.669	0.683441
282.719	0.673792
282.768	0.679497
282.816	0.680829
282.865	0.678094
282.914	0.682182
282.964	0.663484
283.012	0.68902
283.062	0.67072
283.111	0.678613
283.159	0.687332
283.208	0.676651
283.258	0.674027
283.307	0.677937
283.355	0.687404
283.405	0.671321
283.453	0.688118
283.503	0.667246
283.552	0.681031
283.601	0.680862
283.649	0.682383
283.699	0.670805
283.748	0.681657
283.796	0.685554
283.846	0.675441
283.895	0.676848
283.943	0.687697
283.993	0.672186
284.042	0.673379
284.091	0.681581
284.14	0.674297
284.189	0.680862
284.238	0.679004
284.287	0.686227
284.337	0.667327
284.386	0.685248
284.434	0.682207
284.484	0.673746
284.533	0.675097
284.582	0.682765
284.631	0.684269
284.68	0.670771
284.73	0.678162
284.778	0.680998
284.828	0.678064
284.876	0.684748
284.926	0.67608
284.974	0.684683
285.024	0.673911