130.035162	0.31448071
130.081473	0.309903967
130.12699	0.31490346
130.172705	0.313375119
130.218253	0.314639377
130.263739	0.315191527
130.309592	0.312708071
130.355353	0.31336655
130.400748	0.316190961
130.447455	0.307608713
130.492377	0.320616851
130.53855	0.313094416
130.584006	0.318923444
130.629736	0.317568592
130.67568	0.316408976
130.721899	0.314803004
130.766943	0.32298857
130.812857	0.316581988
130.859122	0.313859301
130.904517	0.319727849
130.950156	0.317894137
130.996512	0.313415661
131.042181	0.318817361
131.088019	0.31852611
131.134116	0.317662391
131.179495	0.323268478
131.225195	0.32126288
131.271384	0.318027372
131.317007	0.321681588
131.362799	0.320074869
131.408637	0.319539927
131.454916	0.316713313
131.500555	0.321270158
131.54653	0.319433749
131.593008	0.316802127
131.638754	0.322311974
131.684454	0.323264232
131.731055	0.317536329
131.777106	0.322111017
131.822684	0.325913056
131.869101	0.320177326
131.914496	0.326988604
131.960211	0.324101032
132.006049	0.322642839
132.052725	0.316656025
132.098425	0.323480293
132.144598	0.320580246
132.190848	0.320485025
132.236914	0.322403064
132.283331	0.320642847
132.329474	0.323472846
132.375082	0.327974415
132.420905	0.327006047
132.467368	0.32297894
132.513358	0.326196079
132.560141	0.320296083
132.605856	0.327753896
132.652319	0.32262553
132.697913	0.328797494
132.744391	0.322948627
132.790442	0.326438608
132.837042	0.322989348
132.882895	0.329123616
132.92919	0.326537106
132.975623	0.325944285
133.021536	0.330006872
133.067786	0.327638009
133.114493	0.324666193
133.16033	0.330937886
133.206747	0.326786531
133.253027	0.327800919
133.299139	0.329265528
133.345236	0.329525951
133.391745	0.32675537
133.437994	0.328700273
133.483893	0.331417159
133.530722	0.325020204
133.576605	0.332207255
133.622839	0.330379603
133.669562	0.32737265
133.715903	0.330588207
133.762396	0.330065978
133.809088	0.328718326
133.855337	0.331619125
133.901205	0.334081852
133.947272	0.333001211
133.993918	0.329495758
134.040457	0.330500892
134.086401	0.334763372
134.13349	0.326681771
134.17919	0.337207112
134.22634	0.327444958
134.272314	0.336646695
134.318289	0.337622966
134.364905	0.333624207
134.410681	0.340066635
134.457297	0.334085029
134.503394	0.337871129
134.549933	0.334736152
134.59693	0.331426397
134.643118	0.337192843
134.689551	0.335291644
134.735632	0.337763097
134.782233	0.334209035
134.828192	0.339674977
134.874945	0.334693448
134.922049	0.332889557
134.968085	0.341008453
135.014914	0.335045927
135.061163	0.33906698
135.107352	0.339545259
135.15383	0.337569769
135.200659	0.335376425
135.247183	0.338082123
135.293875	0.337208082
135.340048	0.341238565
135.387091	0.335143734
135.433768	0.338203998
135.479971	0.342228694
135.526328	0.341535323
135.572668	0.342061341
135.619284	0.340361323
135.666388	0.336787716
135.713355	0.337485279
135.760107	0.33882029
135.806281	0.343266347
135.852576	0.342827326
135.899512	0.338447988
135.946005	0.342001247
135.992804	0.339837489
136.039313	0.342354696
136.086188	0.340128693
136.131949	0.349089704
136.179266	0.338256198
136.225836	0.343944583
136.272116	0.346126833
136.318884	0.342501566
136.365439	0.344192239
136.412756	0.33891095
136.459296	0.344763874
136.505484	0.347460242
136.553076	0.337354667
136.599219	0.348411212
136.645377	0.348753797
136.692542	0.341632495
136.739218	0.345410665
136.786154	0.343364821
136.832266	0.349275495
136.879279	0.342566679
136.927084	0.336944917
136.973074	0.350637617
137.020224	0.342503773
137.066473	0.34933919
137.113165	0.34646385
137.159842	0.347474831
137.206946	0.345038644
137.253989	0.346136842
137.300131	0.353263257
137.346991	0.347860398
137.393317	0.351844945
137.440787	0.343120584
137.487311	0.349733448
137.533987	0.348320322
137.580771	0.347542384
137.62757	0.347843991
137.674674	0.346227453
137.721549	0.348478586
137.768408	0.349167386
137.8151	0.351010801
137.861777	0.351422869
137.908194	0.353807826
137.95542	0.347844949
138.002387	0.34968999
138.049277	0.349934066
138.096274	0.348833498
138.142157	0.357072623
138.189612	0.345069421
138.236624	0.348502082
138.283331	0.351263171
138.330817	0.345913868
138.377493	0.352372233
138.424414	0.351224819
138.472082	0.346171843
138.518362	0.35683477
138.565253	0.352359409
138.612295	0.350835162
138.659277	0.350708642
138.706778	0.346498576
138.753272	0.35384044
138.800223	0.350571233
138.846899	0.352934703
138.89379	0.3515927
138.940955	0.349930091
138.988303	0.349166521
139.035117	0.35375931
139.081808	0.35544353
139.128943	0.352758846
139.175589	0.356733324
139.222311	0.356035445
139.269614	0.351241519
139.316946	0.350826289
139.363791	0.354232143
139.410895	0.352208688
139.457877	0.353199775
139.504828	0.353697518
139.551779	0.353997925
139.599326	0.349986923
139.64527	0.362905507
139.693243	0.348297313
139.740057	0.357361429
139.787207	0.354965329
139.833945	0.358204313
139.880911	0.35645452
139.928153	0.354361794
139.975668	0.352340423
140.022376	0.358481844
140.069342	0.356675812
140.116064	0.358948518
140.163229	0.35610107
140.210181	0.358157812
140.257284	0.357448455
140.304633	0.356190349
140.352057	0.35633839
140.398795	0.362020846
140.445746	0.360829288
140.49256	0.361478935
140.539908	0.356973963
140.586661	0.361181692
140.6341	0.355919645
140.680991	0.360403736
140.728812	0.353613999
140.775061	0.365996851
140.822897	0.354112351
140.869955	0.360268938
140.916678	0.363646722
140.964011	0.35963806
141.011237	0.361076688
141.058966	0.35743346
141.106146	0.361482993
141.152792	0.365204932
141.199957	0.360858867
141.247366	0.358960303
141.294073	0.364427153
141.341223	0.36111912
141.388846	0.357799579
141.435858	0.362738759
141.483572	0.357975133
141.530768	0.362397036
141.57775	0.364499773
141.624548	0.366022922
141.672537	0.356865984
141.719443	0.365065621
141.767325	0.35779754
141.814169	0.366137011
141.861762	0.360680826
141.909003	0.363413519
141.956412	0.362196759
142.003912	0.361796569
142.051077	0.364634243
142.098425	0.363129005
142.145483	0.365509397
142.192587	0.3651006
142.240027	0.362333905
142.287329	0.363564796
142.334952	0.361169196
142.381918	0.366821387
142.42919	0.365043239
142.476569	0.364403983
142.523673	0.366570437
142.571005	0.364829741
142.618582	0.362957391
142.666067	0.363621431
142.713248	0.36567918
142.760458	0.365273614
142.808264	0.36059261
142.855978	0.361988668
142.902991	0.368141025
142.950919	0.362054047
142.997916	0.36982456
143.044974	0.369664462
143.092581	0.365594323
143.139655	0.369746557
143.187369	0.364674735
143.234992	0.365272785
143.282492	0.365949469
143.328955	0.373966323
143.376547	0.365049475
143.423834	0.367370523
143.471549	0.364430066
143.518698	0.369304909
143.56629	0.366559832
143.613135	0.373231419
143.660666	0.368366549
143.707907	0.371079902
143.754813	0.373831873
143.802832	0.364863291
143.850149	0.369890384
143.898032	0.365393546
143.944998	0.372526519
143.992102	0.371495038
144.039969	0.365599534
144.088004	0.364515523
144.135168	0.371434541
144.181937	0.374908208
144.2293	0.370695049
144.276801	0.370181451
144.324713	0.367495486
144.372046	0.371978945
144.42005	0.366559906
144.467017	0.374624658
144.514517	0.370716959
144.561453	0.375446351
144.60932	0.368413403
144.656302	0.375434697
144.70423	0.36798718
144.751685	0.371927322
144.799216	0.372016916
144.846365	0.37570416
144.89382	0.373704054
144.941687	0.370642955
144.989142	0.373724794
145.03623	0.376338042
145.084326	0.36799131
145.131506	0.374977203
145.179221	0.370738553
145.226553	0.373816704
145.274611	0.36835265
145.321684	0.376492971
145.368567	0.378661471
145.415656	0.37755385
145.463545	0.371732606
145.51071	0.377572948
145.558607	0.371925118
145.605696	0.378173708
145.65338	0.373187102
145.701575	0.369039558
145.748495	0.378836388
145.795828	0.375587924
145.843756	0.370867459
145.891066	0.375918531
145.938811	0.372766763
145.986037	0.377448726
146.033904	0.372894107
146.081274	0.377272341
146.12889	0.375585589
146.176276	0.377313692
146.223624	0.377534316
146.271162	0.375936301
146.318984	0.373888208
146.367117	0.371939164
146.414244	0.3800269
146.462363	0.37220754
146.509879	0.37706215
146.557097	0.379866482
146.604468	0.378799889
146.652533	0.373502376
146.699583	0.381331389
146.746817	0.379763806
146.794486	0.376273389
146.842642	0.372686504
146.889822	0.380738372
146.937994	0.373250461
146.985518	0.378876475
147.032942	0.380159489
147.08074	0.377609101
147.127997	0.382183823
147.17578	0.378270937
147.223593	0.378266639
147.270956	0.38164801
147.318449	0.380337644
147.365881	0.380562637
147.413634	0.37786094
147.461699	0.375462928
147.509184	0.380548238
147.556731	0.380624975
147.604872	0.376555107
147.651709	0.387796145
147.700339	0.374033512
147.747397	0.387143597
147.7955	0.379023227
147.843253	0.382100471
147.890929	0.382385481
147.938452	0.383119416
147.986464	0.3788762
148.033598	0.385985534
148.081663	0.378494775
148.129248	0.382651073
148.177367	0.378890912
148.224936	0.383785557
148.272719	0.382672779
148.320563	0.383016906
148.368536	0.382568865
148.416067	0.386559305
148.463461	0.387650138
148.511282	0.383743137
148.558882	0.385089442
148.606543	0.384321959
148.654219	0.384249906
148.702307	0.381256828
148.749831	0.386046044
148.797392	0.385957978
148.845122	0.384828538
148.893507	0.379832605
148.941	0.387487271
148.988898	0.384595558
149.036253	0.38913026
149.08412	0.385271717
149.131979	0.385197632
149.178793	0.393622758
149.226767	0.38389848
149.274443	0.386363199
149.322379	0.384574271
149.370154	0.38636348
149.41799	0.386210095
149.465895	0.386016381
149.514349	0.381888118
149.561224	0.395268982
149.609091	0.387474011
149.65676	0.389029074
149.704848	0.385367867
149.752188	0.391144855
149.800589	0.382172435
149.848341	0.387144752
149.896582	0.383161083
149.944296	0.387567857
149.991461	0.392453808
150.039587	0.384837681
150.086829	0.392183613
150.13497	0.385113821
150.18289	0.386941822
150.230681	0.388122314
150.278319	0.3895095
150.325423	0.39409305
150.373259	0.388311695
150.421477	0.385063253
150.468993	0.390460368
150.517081	0.385603618
150.5651	0.386003508
150.613058	0.386366545
150.660101	0.394154529
150.708456	0.383622621
150.756155	0.388991308
150.804213	0.386500917
150.852377	0.38612312
150.900023	0.391222426
150.947623	0.392243295
150.995604	0.38954435
151.043395	0.391239658
151.091956	0.384977547
151.139487	0.393295055
151.187354	0.390501893
151.234885	0.392882619
151.282942	0.388209602
151.331091	0.387308899
151.378958	0.389834574
151.426787	0.390847261
151.474615	0.391466186
151.522612	0.390887367
151.570517	0.392448756
151.618346	0.393598327
151.666235	0.393474002
151.71427	0.392500158
151.761801	0.396682402
151.810301	0.38869326
151.857794	0.396420953
151.90576	0.392042097
151.953551	0.393239791
152.0017	0.390461388
152.049262	0.395547974
152.097823	0.387746646
152.14498	0.399875385
152.193671	0.387794981
152.240919	0.399683434
152.288733	0.395236197
152.336935	0.392389706
152.385199	0.39152774
152.432555	0.398624714
152.481245	0.387525508
152.528876	0.396102093
152.576552	0.395957205
152.624007	0.398345298
152.672209	0.392795932
152.720641	0.391513946
152.767554	0.404708189
152.816298	0.390075436
152.863753	0.400951361
152.911848	0.395677859
152.959753	0.3968523
153.00775	0.395631076
153.055807	0.394782752
153.103674	0.396256021
153.151114	0.399934103
153.199873	0.389336622
153.246977	0.403051244
153.295554	0.391205568
153.343703	0.395008024
153.390341	0.408197069
153.438734	0.39400092
153.487006	0.395561121
153.535323	0.395707676
153.582335	0.40695771
153.631316	0.390803032
153.679053	0.401344269
153.726515	0.404074651
153.774817	0.397475282
153.822447	0.403383932
153.870429	0.400893829
153.918509	0.400264411
153.966528	0.400784162
154.015227	0.395372095
154.062964	0.403411167
154.110899	0.401999521
154.158522	0.404725637
154.206847	0.398918925
154.254263	0.406704373
154.302679	0.397952983
154.351195	0.396944939
154.398726	0.405143409
154.446654	0.401925788
154.495131	0.397448502
154.543189	0.400796089
154.590704	0.405369819
154.638579	0.402223152
154.686652	0.40058876
154.734923	0.398882381
154.782813	0.401673401
154.831114	0.397843289
154.878874	0.402395884
154.926405	0.404915059
154.974844	0.397861613
155.023184	0.399022844
155.070677	0.40606514
155.118719	0.401487795
155.167288	0.397025928
155.215163	0.402752392
155.26322	0.401156358
155.310942	0.404014599
155.358855	0.402327335
155.407156	0.399262305
155.45587	0.396426749
155.503233	0.408636915
155.551466	0.402391468
155.599821	0.401721603
155.647582	0.406327943
155.695647	0.403368476
155.743681	0.403037774
155.79154	0.40400917
155.839789	0.400712657
155.887	0.409621864
155.935584	0.398273304
155.983511	0.403792226
156.031218	0.405979101
156.079611	0.400915795
156.128088	0.400862323
156.17568	0.40874234
156.223944	0.402887825
156.272169	0.402865564
156.320929	0.398303426
156.368216	0.410400837
156.415678	0.408583602
156.464186	0.399592564
156.51216	0.40408439
156.5605	0.40146753
156.608397	0.405978728
156.656493	0.404998968
156.704726	0.404361104
156.752959	0.404796461
156.801039	0.406137846
156.849249	0.404863529
156.897032	0.408344383
156.945013	0.406532077
156.992987	0.406522036
157.041106	0.405587525
157.090277	0.396878506
157.138037	0.408661276
157.18653	0.402895173
157.23403	0.412183227
157.282767	0.402128692
157.330717	0.408907136
157.379569	0.401533715
157.426733	0.415930457
157.474379	0.411941398
157.522726	0.40616677
157.570914	0.407280963
157.619109	0.406989578
157.667342	0.406522068
157.715666	0.40588304
157.763464	0.410928565
157.811262	0.411596091
157.859625	0.407182511
157.907767	0.409230841
157.956015	0.408701393
158.003683	0.413777313
158.052046	0.407980962
158.100088	0.410698774
158.148322	0.409011344
158.196066	0.413397805
158.245123	0.402499697
158.292883	0.413404136
158.341223	0.408818682
158.388502	0.418684651
158.436598	0.412042905
158.484602	0.413118034
158.533102	0.409163861
158.58158	0.409536368
158.629492	0.414676462
158.677535	0.413733141
158.725989	0.41027611
158.773993	0.413903082
158.821944	0.414065578
158.870154	0.411735257
158.917899	0.416083398
158.965994	0.413198513
159.014548	0.409191123
159.062483	0.414590047
159.110709	0.412538679
159.158926	0.413083019
159.207121	0.413746441
159.254675	0.420025023
159.303297	0.411377791
159.351057	0.419063389
159.399252	0.415306099
159.447577	0.413939893
159.495825	0.414094076
159.543707	0.417252536
159.591917	0.414414292
159.639761	0.417265736
159.688254	0.411409823
159.736433	0.41387035
159.784422	0.41571641
159.832488	0.415327917
159.880682	0.414645836
159.929251	0.412211636
159.977393	0.416807481
160.025626	0.416392993
160.073294	0.42137076
160.122168	0.410845662
160.171019	0.410767564
160.218466	0.422901331
160.267226	0.411330097
160.31478	0.421545036
160.362807	0.417192693
160.411307	0.41291826
160.459372	0.416515219
160.507864	0.413188047
160.55583	0.41769266
160.604216	0.414604838
160.65177	0.422307796
160.700552	0.4116962
160.749014	0.414323097
160.797247	0.41629995
160.844893	0.421270341
160.89305	0.417075165
160.941489	0.414520014
160.989951	0.41415587
161.03826	0.415311567
161.086455	0.416680272
161.133673	0.425999057
161.182356	0.413752753
161.231306	0.411962069
161.279295	0.420613603
161.327566	0.418468579
161.375365	0.42293151
161.424506	0.41157555
161.472357	0.422596075
161.520125	0.423071106
161.568335	0.419101456
161.617209	0.413364606
161.66503	0.422643757
161.713034	0.421440087
161.760687	0.42502002
161.8095	0.41549878
161.857527	0.422968732
161.905707	0.422117054
161.954108	0.420452149
162.002661	0.419289404
162.050742	0.423286217
162.098845	0.422579036
162.147139	0.420679559
162.195082	0.423654246
162.24343	0.420249015
162.291762	0.42024185
162.340086	0.420423162
162.387984	0.42423023
162.436308	0.420623753
162.484168	0.424724317
162.532553	0.420282045
162.580405	0.425209238
162.628531	0.42307777
162.676611	0.423578232
162.725561	0.415944175
162.774168	0.418824709
162.822157	0.424129313
162.870093	0.424924975
162.918135	0.424612743
162.966818	0.419527099
163.014731	0.426507918
163.062964	0.423898707
163.111304	0.423502027
163.160109	0.419839273
163.208342	0.425153201
163.256667	0.424505059
163.304312	0.430267469
163.35285	0.422270409
163.400984	0.425927557
163.449385	0.42417878
163.498053	0.422331005
163.545943	0.429377356
163.593672	0.431240528
163.642416	0.422539108
163.6911	0.423667387
163.739218	0.429134286
163.787337	0.429304952
163.836249	0.422402319
163.884383	0.429310645
163.932578	0.42827096
163.980528	0.430087566
164.029135	0.424080035
164.077185	0.42912079
164.125266	0.429522269
164.173651	0.427117442
164.221564	0.431476862
164.270209	0.425322851
164.318724	0.426795976
164.367239	0.427075252
164.415587	0.428827768
164.463721	0.430737117
164.511862	0.4308191
164.559828	0.432273815
164.608023	0.429840079
164.655768	0.433675846
164.705283	0.418043231
164.753233	0.431906405
164.80152	0.429006062
164.849943	0.427944563
164.897757	0.433483613
164.946349	0.426806109
164.994711	0.428997419
165.042456	0.434822123
165.091025	0.427727994
165.139296	0.430953041
165.187811	0.429147345
165.235724	0.434816095
165.284445	0.427608529
165.332587	0.432839216
165.381064	0.43005037
165.429388	0.431742889
165.478056	0.428643054
165.525992	0.435256119
165.574599	0.429256873
165.622397	0.436751556
165.670592	0.433621329
165.718924	0.432888601
165.767386	0.432016082
165.815482	0.435435895
165.864378	0.428190564
165.912573	0.434486265
165.961523	0.427961143
166.009627	0.43588513
166.058279	0.430929251
166.106169	0.437474952
166.154494	0.433630145
166.20233	0.437997302
166.251059	0.430248866
166.29975	0.431081557
166.347922	0.435955231
166.396872	0.429074129
166.445105	0.435342008
166.493605	0.432978989
166.541724	0.436581215
166.590056	0.434677091
166.638365	0.434702172
166.686842	0.433008859
166.735266	0.433448383
166.783499	0.435329278
166.83264	0.427337048
166.879965	0.444103767
166.929083	0.428064214
166.977011	0.438928931
167.026022	0.429491778
167.073821	0.440285987
167.122885	0.428954584
167.170363	0.443236622
167.218954	0.433169558
167.267043	0.437522036
167.31552	0.434127955
167.363844	0.435759202
167.412329	0.434455523
167.461256	0.430661467
167.509322	0.438699721
167.557669	0.436071676
167.606131	0.435070979
167.654646	0.434599037
167.702559	0.439994512
167.750937	0.435695563
167.799399	0.434841985
167.84754	0.437388377
167.896834	0.426982532
167.944975	0.437427391
167.993185	0.436831483
168.041151	0.439913553
168.089278	0.43896612
168.137602	0.437452504
168.186308	0.434415161
168.234427	0.440162206
168.283133	0.435089431
168.331442	0.438456649
168.380392	0.432085196
168.428801	0.43663916
168.477255	0.435854505
168.525603	0.436601379
168.573798	0.438180675
168.621787	0.440299374
168.670554	0.433561632
168.71871	0.439357115
168.767561	0.4336199
168.814787	0.449009924
168.86328	0.437706327
168.912321	0.432818201
168.961005	0.435517612
169.008971	0.441494211
169.057371	0.437262228
169.106032	0.434966828
169.154074	0.440542709
169.202948	0.433351545
169.251784	0.434085072
169.299841	0.441370047
169.348219	0.438841716
169.396735	0.438108732
169.445021	0.44062091
169.493704	0.437041554
169.541289	0.44712939
169.590483	0.432216109
169.638846	0.439380177
169.687117	0.440276987
169.735815	0.436508556
169.784407	0.437490037
169.833144	0.43649664
169.881224	0.442945222
169.929854	0.438422974
169.978194	0.441294209
170.026877	0.438693527
170.075087	0.443310445
170.12377	0.439244679
170.172018	0.443379486
170.220854	0.438422233
170.268897	0.445540254
170.317503	0.440251501
170.365881	0.442524763
170.414282	0.442401321
170.462836	0.441018136
170.511687	0.438512102
170.560217	0.441711166
170.608656	0.442446941
170.656943	0.443800145
170.705725	0.439155959
170.754424	0.440169675
170.802634	0.44483759
170.850752	0.445875668
170.899374	0.441331771
170.948058	0.440776589
170.996573	0.442330256
171.044875	0.44417623
171.093543	0.440619444
171.141699	0.445031708
171.19023	0.441538238
171.239386	0.43600351
171.287543	0.445158127
171.336111	0.441626597
171.38468	0.442324259
171.433119	0.44421172
171.482329	0.438024794
171.530066	0.451943068
171.578711	0.443734838
171.626959	0.447780265
171.675497	0.445300155
171.724005	0.445408205
171.773581	0.435537069
171.820959	0.455711233
171.869566	0.444412318
171.917731	0.448569053
171.966566	0.442951976
172.014975	0.447225723
172.06436	0.438822969
172.112174	0.45358278
172.161154	0.442828093
172.209113	0.452292559
172.258116	0.442698654
172.306456	0.448705136
172.355437	0.442834999
172.404173	0.445172056
172.452422	0.449713299
172.501273	0.444219272
172.550024	0.445529252
172.598608	0.447489277
172.647215	0.447482808
172.696356	0.442927842
172.744124	0.456013488
172.792502	0.450091413
172.841391	0.444997233
172.889746	0.449633337
172.938277	0.447964392
172.987089	0.445610413
173.035773	0.447105111
173.084509	0.446990928
173.133108	0.448440971
173.181296	0.452583477
173.230399	0.444581958
173.278738	0.45211286
173.32762	0.447576165
173.37615	0.450849524
173.424567	0.451991836
173.473189	0.449984286
173.521925	0.448670749
173.570303	0.451913199
173.618704	0.451807869
173.667532	0.448246
173.716437	0.447923737
173.764777	0.453322815
173.813406	0.450754354
173.862067	0.450752051
173.910498	0.453119586
173.959273	0.449789146
174.007704	0.453003245
174.056845	0.446448232
174.105521	0.450593205
174.153502	0.457018755
174.202521	0.447102345
174.25128	0.449450617
174.299674	0.453035752
174.348547	0.448694157
174.396788	0.454906658
174.445433	0.451509528
174.494681	0.446450282
174.542982	0.45573114
174.591856	0.450806698
174.640303	0.455303082
174.688948	0.453869278
174.737898	0.451296406
174.786292	0.456653583
174.834593	0.457769603
174.883612	0.451168555
174.932105	0.456284863
174.98046	0.45778406
175.029547	0.451109484
175.077803	0.458726505
175.126952	0.450798183
175.175627	0.455743685
175.22399	0.45924045
175.272658	0.456791188
175.321432	0.455888331
175.36994	0.458438608
175.418616	0.456994558
175.46778	0.452520618
175.51657	0.456098703
175.565253	0.457066474
175.613394	0.462127338
175.66236	0.454483583
175.711218	0.455770333
175.759825	0.458374287
175.808859	0.454859513
175.857573	0.458183061
175.906363	0.457545878
175.955283	0.456519468
176.003752	0.460773678
176.052679	0.456559258
176.10105	0.461741091
176.150046	0.455812353
176.198363	0.462106793
176.247168	0.457472785
176.29566	0.460652053
176.344397	0.458478839
176.393126	0.458545493
176.442145	0.455805257
176.491103	0.456251446
176.539648	0.459949356
176.58766	0.464895572
176.636374	0.458235333
176.685393	0.455522221
176.735228	0.448366528
176.783316	0.464731669
176.832106	0.457938048
176.880934	0.458020682
176.929717	0.458679833
176.977881	0.464853906
177.0269	0.456954808
177.075255	0.463011312
177.12403	0.458542999
177.172835	0.457784166
177.221724	0.456591276
177.270453	0.457698466
177.319983	0.450164842
177.367941	0.464689251
177.416746	0.456747153
177.465407	0.458543205
177.514441	0.455688656
177.563139	0.459401261
177.611868	0.459520842
177.660391	0.461775025
177.709891	0.452929683
177.757956	0.466555595
177.807013	0.45714476
177.855597	0.46134597
177.904021	0.462618868
177.95262	0.461029668
178.001471	0.458702997
178.050017	0.461991958
178.099448	0.454191228
178.147612	0.466849423
178.196967	0.456220972
178.245726	0.462337736
178.294211	0.465249238
178.34297	0.462831454
178.39157	0.464413378
178.440085	0.464836842
178.489775	0.453510298
178.538428	0.463047429
178.586752	0.46617043
178.635428	0.462935485
178.684302	0.461081457
178.734091	0.45281103
178.78234	0.467432832
178.831397	0.459913379
178.880232	0.462559
178.928709	0.466479758
178.977324	0.465489646
179.026656	0.458903608
179.075484	0.463576956
179.123961	0.467112323
179.173498	0.457235924
179.221755	0.469751934
179.270407	0.466350191
179.319342	0.463998817
179.368086	0.466180049
179.417059	0.464366351
179.465857	0.465988552
179.514754	0.464792457
179.563498	0.466371317
179.612456	0.464466666
179.661352	0.465291619
179.710379	0.464361188
179.758574	0.47242242
179.807547	0.464694734
179.856162	0.467684337
179.905325	0.46261396
179.953993	0.467853439
180.002432	0.470407143
180.05181	0.461383255
180.100363	0.469224448
180.149428	0.464411395
180.197966	0.469825051
180.246977	0.465579336
180.295416	0.471292143
180.34458	0.464606773
180.393462	0.467451491
180.442526	0.465691926
180.491484	0.466648194
180.54019	0.468971002
180.589033	0.467608071
180.637892	0.467492366
180.686842	0.466636837
180.735686	0.467716628
180.784277	0.470204769
180.833304	0.466085094
180.881407	0.475634863
180.930685	0.464610224
180.979521	0.468994161
181.027945	0.473021834
181.077185	0.46491358
181.126463	0.464385938
181.174788	0.473230293
181.223135	0.472739936
181.272452	0.463571034
181.321379	0.46745397
181.369963	0.471226058
181.419272	0.464648669
181.468199	0.468639179
181.516478	0.475245704
181.565756	0.465991212
181.614546	0.471096531
181.663153	0.473013107
181.7125	0.465769737
181.761237	0.471246901
181.810507	0.465804799
181.85932	0.470107607
181.908537	0.466332368
181.957785	0.466473004
182.006201	0.47493583
182.05509	0.470578635
182.103545	0.474944442
182.152724	0.468062144
182.201285	0.474306948
182.250105	0.471709733
182.298575	0.475055199
182.348265	0.462817119
182.397246	0.46931527
182.4457	0.474445119
182.495085	0.465616585
182.543806	0.472278571
182.592619	0.471606915
182.642065	0.465829341
182.690382	0.476783858
182.739706	0.46735903
182.787955	0.478075275
182.837454	0.465914496
182.886244	0.472549907
182.935194	0.470768546
182.984068	0.471241574
183.033431	0.466548024
183.082343	0.471119428
183.131018	0.47372906
183.179991	0.471117742
183.228613	0.474785124
183.277617	0.471398579
183.326468	0.473053821
183.37496	0.476810708
183.424612	0.465539411
183.473219	0.475423559
183.5231	0.463121837
183.571059	0.481547523
183.620154	0.470292065
183.668623	0.476557064
183.718146	0.466679047
183.767035	0.472923098
183.815947	0.472947262
183.864813	0.47361412
183.913855	0.472282584
183.962744	0.473940968
184.011755	0.472583795
184.060339	0.476443726
184.109381	0.471910014
184.158118	0.474759974
184.20735	0.470080069
184.256201	0.473949471
184.304541	0.479007763
184.353781	0.470280143
184.40264	0.473951245
184.45172	0.471698354
184.500731	0.472129648
184.549635	0.473097747
184.59873	0.4712778
184.647932	0.47054425
184.696951	0.472916992
184.745352	0.47961932
184.794623	0.471757537
184.844191	0.469516544
184.892806	0.479185569
184.941168	0.481724485
184.990668	0.470607184
185.040175	0.470483281
185.088446	0.482128587
185.137808	0.471349368
185.187262	0.470520348
185.235823	0.479342071
185.284781	0.475612785
185.333586	0.477717492
185.382872	0.473582095
185.431731	0.478108483
185.481207	0.472357847
185.529631	0.482604046
185.578917	0.474157924
185.628005	0.476147917
185.67668	0.479937614
185.725409	0.479201464
185.77439	0.47663548
185.823653	0.473950021
185.872443	0.478586331
185.921225	0.478728399
185.970068	0.478354673
186.019568	0.472157009
186.069189	0.471082272
186.117522	0.483511372
186.166266	0.479502483
186.215643	0.473100464
186.2647	0.476013213
186.313277	0.48088317
186.362196	0.477806428
186.41165	0.473007194
186.460806	0.476116463
186.509802	0.478026944
186.558356	0.482622175
186.60755	0.476928196
186.656775	0.477004075
186.704985	0.487069075
186.754706	0.472125872
186.803305	0.482845009
186.852759	0.474152567
186.901907	0.47706298
186.950522	0.482322885
186.999564	0.478228795
187.048789	0.476598312
187.097228	0.484322931
187.146269	0.478520534
187.195471	0.477020959
187.244795	0.475808215
187.293578	0.481210392
187.343191	0.473128867
187.391615	0.484777652
187.440245	0.482906533
187.48934	0.478426057
187.538763	0.475338729
187.587584	0.48123784
187.636679	0.478673341
187.685233	0.484106512
187.734427	0.477870373
187.784033	0.47410559
187.832907	0.481534993
187.881651	0.482869631
187.93067	0.48051051
187.979864	0.479219853
188.029448	0.475676302
188.078467	0.481387157
188.127097	0.485400237
188.176291	0.479968106
188.225501	0.479801224
188.274222	0.484698968
188.323614	0.478128954
188.372702	0.481143517
188.421698	0.482131829
188.470297	0.486114347
188.51953	0.479721602
188.568175	0.48563703
188.617659	0.477506257
188.666235	0.486683761
188.715323	0.48188428
188.76486	0.477710553
188.813635	0.485312278
188.862929	0.480252779
188.912222	0.480373715
188.961279	0.48290453
189.010062	0.485726166
189.058829	0.485898026
189.108069	0.481411757
189.157072	0.483961934
189.206587	0.479245847
189.255438	0.48658247
189.304617	0.483904277
189.352957	0.492849874
189.402152	0.484641971
189.451483	0.4835484
189.500143	0.489897144
189.548994	0.487706954
189.598593	0.480164172
189.647726	0.484626013
189.696143	0.492127148
189.745627	0.481906327
189.794836	0.484989072
189.843497	0.490651041
189.892279	0.489931298
189.942191	0.479100476
189.990454	0.495710859
190.040091	0.482161287
190.088614	0.492984078
190.138022	0.483771288
190.186728	0.49045996
190.236243	0.482396894
190.284979	0.490241612
190.333952	0.488220751
190.382758	0.490310538
190.432646	0.480023283
190.481238	0.4929717
190.529929	0.492348062
190.580039	0.478783771
190.628272	0.497584164
190.677092	0.491734778
190.726607	0.484676065
190.776266	0.482910309
190.82498	0.491748309
190.874091	0.48754332
190.922705	0.492242738
190.97267	0.479044165
191.020926	0.49628818
191.069952	0.488959205
191.119299	0.486105174
191.168097	0.492028545
191.217154	0.489813885
191.26657	0.486783635
191.315894	0.488132605
191.365004	0.490440048
191.414206	0.489311033
191.463492	0.488057347
191.51245	0.491007977
191.561179	0.493123196
191.610823	0.484163834
191.660048	0.488431021
191.70883	0.493218821
191.757864	0.490995703
191.806822	0.492194464
191.855757	0.492810719
191.904814	0.492354632
191.954016	0.4916905
192.00347	0.489843067
192.05239	0.495621267
192.101119	0.497931567
192.15042	0.492201536
192.199072	0.498820685
192.248129	0.494745918
192.297507	0.491503031
192.34677	0.492513478
192.396033	0.492327158
192.444434	0.501062635
192.494154	0.48783055
192.542845	0.498724447
192.591879	0.495774348
192.641028	0.495075647
192.690062	0.496498986
192.738905	0.498518093
192.787901	0.496692944
192.837355	0.492032386
192.88645	0.495561789
192.93508	0.499783134
192.984114	0.495406966
193.033148	0.495112599
193.082701	0.489767617
193.131522	0.497245341
193.180251	0.49852278
193.229704	0.492058951
193.279105	0.493147091
193.328673	0.491910987
193.376898	0.505729024
193.425742	0.499330919
193.474928	0.49585732
193.524062	0.496034303
193.573149	0.496290988
193.622626	0.49214284
193.671126	0.501975367
193.719977	0.4984993
193.769148	0.49552883
193.81848	0.494699422
193.868452	0.488930562
193.916983	0.503931078
193.965888	0.500208091
194.015196	0.496215608
194.064848	0.492911202
194.113852	0.499325613
194.162665	0.501240758
194.211546	0.500417019
194.260344	0.501279553
194.309668	0.495974367
194.358572	0.500603204
194.408263	0.492904402
194.45761	0.496787305
194.506728	0.499455403
194.555731	0.500526452
194.604697	0.500929373
194.653754	0.499902786
194.702467	0.503367643
194.752066	0.494618624
194.801085	0.500688481
194.849745	0.504630711
194.899397	0.494867649
194.949072	0.495059512
194.997557	0.507412065
195.046347	0.504396569
195.09558	0.49928888
195.145194	0.494902059
195.193739	0.50538987
195.242949	0.498159804
195.292044	0.499436586
195.341223	0.498917785
195.390684	0.496278059
195.439665	0.501490052
195.48876	0.500732691
195.538069	0.498957085
195.58734	0.499503452
195.636176	0.504079921
195.684866	0.505284419
195.734328	0.496832039
195.783964	0.494555453
195.832411	0.506420295
195.881491	0.499900426
195.930891	0.496895076
195.980162	0.498628999
196.029303	0.500270671
196.078261	0.502330602
196.127188	0.503256708
196.176115	0.503660605
196.225005	0.504184267
196.274237	0.500514487
196.323828	0.496383051
196.373175	0.498325375
196.421835	0.505189732
196.470778	0.502267499
196.520392	0.495594383
196.569319	0.502891843
196.618285	0.502908434
196.667166	0.50419942
196.716536	0.50000524
196.766112	0.498510352
196.814978	0.506094956
196.863219	0.512497484
196.912978	0.496349235
196.962637	0.496952807
197.011244	0.507342563
197.060652	0.498926569
197.10993	0.500443615
197.158957	0.503174315
197.208159	0.50161377
197.257681	0.49894235
197.306555	0.505957612
197.355475	0.505767217
197.404921	0.500467284
197.453696	0.507562636
197.503455	0.49768439
197.55229	0.507370685
197.601622	0.502498637
197.650191	0.510621276
197.700278	0.495263465
197.749396	0.505044962
197.798712	0.503055421
197.8478	0.505280867
197.896712	0.506848778
197.946219	0.500387323
197.994521	0.51279441
198.044028	0.500108719
198.093893	0.496536626
198.142462	0.509827234
198.191855	0.501498443
198.240477	0.509774131
198.289931	0.501463593
198.339606	0.499589448
198.388197	0.510957801
198.436881	0.510187329
198.486365	0.502022055
198.53578	0.50277138
198.585112	0.503657642
198.633604	0.512566479
198.68347	0.498478069
198.732459	0.507426696
198.781531	0.50641387
198.831015	0.502120411
198.88008	0.506307881
198.929037	0.507458005
198.978178	0.505411282
199.027373	0.504870181
199.076674	0.503838528
199.125677	0.506912544
199.175169	0.501488529
199.223906	0.508807491
199.273489	0.499830678
199.32292	0.501238504
199.371756	0.50732045
199.42021	0.511180092
199.469908	0.498561251
199.51911	0.503523694
199.568899	0.497700442
199.617567	0.509587399
199.666922	0.502545027
199.715315	0.512145844
199.764937	0.499177897
199.813734	0.507161895
199.862952	0.50204063
199.911963	0.503649482
199.961493	0.498108649
200.009863	0.509842779
200.059431	0.497518751
200.108633	0.501168452
200.158247	0.496891217
200.207488	0.5007772
200.256354	0.505209282
200.305647	0.501057405
200.355048	0.500373261
200.40412	0.503861296
200.453192	0.503520419
200.502303	0.503117805
200.551588	0.501402199
200.600729	0.502770784
200.650588	0.49560474
200.699377	0.506521036
200.748808	0.499965275
200.797362	0.509054783
200.846747	0.500690243
200.896277	0.499397381
200.944754	0.510393661
200.993864	0.503943499
201.043105	0.502219923
201.092619	0.49921609
201.142287	0.497687589
201.191679	0.500623945
201.240317	0.508749284
201.289862	0.49952485
201.339011	0.503953131
201.387717	0.50880013
201.436888	0.504552925
201.486395	0.501404525
201.535376	0.507129994
201.584753	0.503200642
201.633688	0.507637339
201.683684	0.496858814
201.733099	0.502937301
201.781943	0.509143625
201.831412	0.50310273
201.880469	0.507656265
201.92977	0.505199732
201.978499	0.511465272
202.027762	0.50625415
202.077116	0.505392884
202.126341	0.506580941
202.175833	0.503620429
202.225234	0.50435164
202.274458	0.505957811
202.323859	0.50411137
202.372565	0.511439554
202.421484	0.509232704
202.470862	0.504752883
202.520163	0.505700659
202.569235	0.508343482
202.618613	0.505961737
202.667281	0.513698427
202.717177	0.501293763
202.766226	0.510147862
202.815474	0.50824021
202.864104	0.514896039
202.91371	0.505061326
202.962538	0.51331953
203.012274	0.504240557
203.061217	0.512871299
203.110442	0.510263902
203.158919	0.518545478
203.208838	0.50384366
203.258429	0.507459911
203.307715	0.510596138
203.356612	0.514589212
203.406203	0.507225205
203.454855	0.5165396
203.50408	0.510731575
203.554244	0.501469839
203.602576	0.520937766
203.651564	0.514430885
203.701178	0.508135113
203.751234	0.503938024
203.799651	0.521012965
203.849509	0.506413987
203.89839	0.516491231
203.947371	0.515246693
203.997076	0.507229616
204.045378	0.521102883
204.095244	0.503970745
204.144797	0.506668892
204.19435	0.50655318
204.242461	0.521735679
204.292631	0.500862271
204.342619	0.503079637
204.391043	0.51981854
204.440367	0.510838932
204.489882	0.509386962
204.538878	0.514899865
204.587759	0.515986277
204.637076	0.511084098
204.685789	0.516904403
204.735243	0.508775413
204.78501	0.505520863
204.834006	0.513541153
204.883559	0.507932335
204.932669	0.512675056
204.981841	0.512716439
205.031241	0.510844952
205.080328	0.514620056
205.12979	0.51086794
205.178862	0.51489476
205.227858	0.515528402
205.276816	0.515366561
205.326773	0.504934059
205.375304	0.519979624
205.424589	0.512399521
205.474333	0.508107596
205.523467	0.514797746
205.572768	0.513628407
205.621825	0.51656678
205.67076	0.518062039
205.719916	0.515477553
205.769659	0.509156508
205.818312	0.520264338
205.868109	0.508097922
205.916785	0.519672259
205.966238	0.511599527
206.015929	0.509473625
206.065169	0.514208499
206.114668	0.511833074
206.163817	0.516054732
206.212698	0.519293927
206.261961	0.515664002
206.31066	0.521620603
206.360396	0.511144274
206.410452	0.507790743
206.459204	0.521300333
206.508513	0.515476034
206.557951	0.514123316
206.606665	0.52206204
206.655631	0.519840176
206.705145	0.514396008
206.754096	0.52064823
206.803763	0.513847508
206.853384	0.514637398
206.902922	0.515440058
206.951964	0.52022714
207.00125	0.517085626
207.050772	0.514232226
207.099478	0.522329473
207.148962	0.514186618
207.19821	0.516786409
207.247481	0.516885678
207.297041	0.514183841
207.346274	0.517690053
207.394636	0.526959789
207.444891	0.507459078
207.494086	0.518321942
207.542929	0.521815646
207.592543	0.513320082
207.64147	0.519952059
207.691145	0.511944364
207.740179	0.518635499
207.78932	0.517852864
207.838988	0.512663636
207.888029	0.519671286
207.936919	0.521646637
207.986304	0.516656725
208.035284	0.521435217
208.08515	0.512462003
208.134322	0.519446383
208.183341	0.520643468
208.23255	0.518073097
208.281729	0.518025676
208.331229	0.51455709
208.380232	0.520056029
208.429343	0.519307588
208.478789	0.516130921
208.528578	0.512809302
208.577826	0.518898252
208.626768	0.522611184
208.675963	0.520003619
208.725096	0.520707125
208.774084	0.522153443
208.823508	0.517956446
208.873312	0.51392036
208.922354	0.521774591
208.971526	0.520228117
209.021063	0.516536317
209.069952	0.523687045
209.119376	0.51858566
209.168337	0.524015468
209.217623	0.521212985
209.267279	0.518121042
209.315932	0.528849352
209.365069	0.523540487
209.414301	0.522433585
209.464026	0.517175362
209.513895	0.515561303
209.562033	0.534076703
209.611708	0.517494878
209.660731	0.524258601
209.710234	0.519384228
209.759795	0.518904943
209.808894	0.524153771
209.857935	0.524952741
209.907763	0.516842137
209.956381	0.530083022
210.006174	0.517519428
210.05535	0.523903648
210.104582	0.523135591
210.153895	0.522124415
210.203341	0.52077981
210.25236	0.525500575
210.302115	0.51793555
210.351443	0.52246291
210.400427	0.526302618
210.450468	0.515093669
210.499434	0.526473498
210.548766	0.522522958
210.598036	0.523019301
210.647425	0.521415398
210.696368	0.525881365
210.745024	0.528212673
210.794894	0.515095406
210.843607	0.527137955
210.89313	0.518435384
210.942461	0.520773408
210.991751	0.521199724
211.040621	0.525768647
211.090491	0.515093686
211.140376	0.515030936
211.189303	0.525097438
211.238535	0.521734055
211.28731	0.526490102
211.336714	0.519577315
211.385641	0.525232993
211.434912	0.522115539
211.484087	0.523721864
211.533709	0.519748653
211.582865	0.525484598
211.632483	0.52148055
211.681506	0.528699496
211.730505	0.529740462
211.78055	0.51932602
211.82934	0.533125681
211.878939	0.524738276
211.928057	0.529999615
211.977755	0.523617942
212.026411	0.535341635
212.075316	0.532991494
212.1248	0.527220409
212.174708	0.523204602
212.223711	0.53331588
212.272231	0.539082577
212.32181	0.527847237
212.37118	0.530369402
212.420393	0.532071944
212.469244	0.535932126
212.518748	0.52885862
212.568308	0.528272792
212.61732	0.533882297
212.666323	0.533770562
212.715769	0.528895142
212.765578	0.524743964
212.814619	0.5328462
212.864104	0.52780918
212.913512	0.528364919
212.962954	0.528136907
213.011824	0.534301775
213.060576	0.535639736
213.110422	0.524056821
213.15956	0.53201789
213.209334	0.525452559
213.258623	0.530952364
213.307375	0.5371136
213.356589	0.532488362
213.406554	0.525169082
213.455847	0.532943722
213.505022	0.534736074
213.554274	0.534603812
213.603178	0.539348606
213.652468	0.536005752
213.701357	0.540653212
213.751227	0.53035907
213.800536	0.536180572
213.849173	0.543068025
213.899309	0.526382552
213.947852	0.54341055
213.997508	0.531034767
214.046934	0.533448896
214.096068	0.536414694
214.145689	0.531066129
214.194632	0.538717084
214.244288	0.531265256
214.29391	0.531910775
214.342852	0.5394028
214.391795	0.539234498
214.441279	0.533026922
214.491244	0.527802721
214.540904	0.531254556
214.588904	0.550089882
214.639216	0.525285903
214.688158	0.540222616
214.737067	0.540788909
214.78649	0.535275231
214.835703	0.537638786
214.884531	0.542016113
214.934691	0.527441134
214.983733	0.539468503
215.032866	0.538276927
215.081946	0.538513971
215.131777	0.530082126
215.1808	0.538765094
215.229685	0.540035069
215.278765	0.537543389
215.328459	0.530766883
215.377268	0.540430841
215.427023	0.530383665
215.476931	0.529114487
215.525103	0.54822961
215.574587	0.533993594
215.623896	0.536337419
215.672709	0.542078802
215.722327	0.533317173
215.771662	0.536214731
215.821013	0.536133193
215.870051	0.539682097
215.919383	0.53642141
215.969328	0.529847404
216.018523	0.538168094
216.06687	0.548334581
216.116698	0.5327281
216.166186	0.536731798
216.214991	0.544534104
216.264342	0.538736932
216.313902	0.535981103
216.363425	0.535976222
216.413371	0.530900921
216.462431	0.539738439
216.511435	0.539715098
216.560744	0.535780903
216.610342	0.532192375
216.659556	0.536050499
216.709158	0.532181316
216.758719	0.53289067
216.807856	0.537568428
216.856528	0.542853287
216.906321	0.530680792
216.955054	0.541882791
217.004363	0.535106729
217.054293	0.527676999
217.103159	0.538815272
217.152354	0.534922212
217.201834	0.53160515
217.251128	0.533809154
217.300593	0.532205383
217.349402	0.539877042
217.398768	0.53459478
217.448271	0.533459577
217.497389	0.538023724
217.546912	0.533624668
217.59632	0.534460349
217.645262	0.539458057
217.695441	0.526129422
217.74367	0.547564454
217.792288	0.543409616
217.842234	0.529510742
217.891913	0.53283554
217.941626	0.533233267
217.990801	0.540036648
218.039996	0.540276247
218.089308	0.539321769
218.138636	0.539139879
218.187483	0.544007021
218.237082	0.535474547
218.286318	0.539423516
218.335394	0.541089254
218.384688	0.538705751
218.434557	0.532723412
218.483305	0.545243334
218.532347	0.542684833
218.581599	0.540730831
218.631606	0.532935389
218.680685	0.542850013
218.73009	0.538965431
218.77915	0.541961353
218.828287	0.54024323
218.878039	0.532862823
218.926291	0.548993102
218.976046	0.532397493
219.025816	0.532370295
219.074183	0.548263449
219.124186	0.530863573
219.173632	0.537352699
219.222536	0.54328765
219.271227	0.545373306
219.321177	0.531265691
219.370177	0.540752239
219.41939	0.537691812
219.469107	0.531296503
219.519171	0.526753687
219.568308	0.536094718
219.617423	0.536031777
219.666811	0.532939148
219.715773	0.537540551
219.764834	0.536501494
219.81428	0.532541188
219.863394	0.536339795
219.91284	0.532827624
219.962458	0.530761294
220.011443	0.537486504
220.061312	0.527948731
220.109965	0.541047321
220.159178	0.535324987
220.208392	0.535738311
220.257952	0.532125808
220.307612	0.531206917
220.35673	0.537113548
220.405634	0.53954451
220.455115	0.532890255
220.504969	0.528708273
220.553755	0.54020995
220.603491	0.530346631
220.652533	0.538125796
220.702093	0.532934218
220.751055	0.539968566
220.800539	0.534514658
220.850062	0.533987147
220.899508	0.534840432
220.948122	0.543990104
220.997546	0.534835698
221.046492	0.539980702
221.095976	0.533940767
221.145827	0.529912478
221.19467	0.541161471
221.243712	0.539461507
221.29333	0.533792971
221.342352	0.54095412
221.391913	0.535624029
221.441107	0.539852576
221.490359	0.539075576
221.539515	0.540059303
221.589152	0.53468259
221.637999	0.543218422
221.68783	0.532480211
221.736929	0.54051174
221.785506	0.546423616
221.835432	0.531766416
221.884455	0.542271854
221.934035	0.536763934
221.983035	0.543444102
222.032095	0.542413482
222.081801	0.534511963
222.130526	0.544534175
222.180144	0.534303437
222.229433	0.53762429
222.27849	0.539911244
222.32807	0.534473545
222.377375	0.537643037
222.426955	0.534710215
222.475294	0.54922315
222.524836	0.536754344
222.574339	0.537897997
222.623667	0.540335314
222.672682	0.543757233
222.722689	0.533139702
222.771452	0.547127352
222.821341	0.535322161
222.870882	0.539486883
222.920172	0.542775734
222.969168	0.546237682
223.018515	0.542694714
223.068076	0.541189588
223.117285	0.545594414
223.167002	0.540439532
223.216307	0.545168425
223.264841	0.553673774
223.314829	0.537043873
223.363516	0.551097676
223.412768	0.544672752
223.461882	0.546156929
223.511343	0.542548568
223.560847	0.542402162
223.610018	0.546443384
223.659056	0.54893773
223.708674	0.543453061
223.757903	0.548454712
223.807753	0.542099704
223.85652	0.55448906
223.906329	0.542998603
223.955019	0.555439851
224.005198	0.538578883
224.054022	0.553293081
224.10335	0.547581422
224.152888	0.545226228
224.202216	0.547621237
224.251177	0.552118073
224.300715	0.546237325
224.349947	0.550251918
224.398638	0.556861871
224.448389	0.54524887
224.497813	0.548839182
224.546503	0.557218899
224.595656	0.551898952
224.645525	0.543704482
224.694834	0.550011525
224.743639	0.555650501
224.793352	0.5454446
224.842951	0.546997109
224.892123	0.55208685
224.941721	0.547410941
224.990759	0.553833373
225.039484	0.557288795
225.089121	0.547483559
225.13814	0.5545676
225.18828	0.541477367
225.236693	0.560301425
225.285201	0.558385427
225.335261	0.540367829
225.384955	0.543976362
225.43397	0.551377991
225.483546	0.545250362
225.532751	0.54952729
225.582018	0.548961285
225.630663	0.556222733
225.680819	0.539872566
225.729891	0.55196239
225.779044	0.550898857
225.828463	0.547757663
225.877905	0.547142061
225.927248	0.547775285
225.976592	0.547678908
226.026205	0.544903335
226.075316	0.5508241
226.124232	0.553234235
226.173594	0.548931096
226.223422	0.544389707
226.272707	0.550859416
226.321818	0.553602638
226.370657	0.557074645
226.420351	0.547635557
226.469889	0.549082779
226.519133	0.551990918
226.568381	0.552112384
226.617857	0.550142162
226.666739	0.557606961
226.715926	0.554978471
226.765696	0.549034594
226.814516	0.560163585
226.864149	0.551302987
226.913474	0.555191709
226.963107	0.552080735
227.012122	0.559397408
227.061484	0.555713978
227.110518	0.559343992
227.160403	0.550023115
227.209822	0.555732442
227.258433	0.565508191
227.308531	0.549330107
227.357195	0.566204704
227.406638	0.557817588
227.45656	0.552916541
227.50598	0.559062021
227.554743	0.56674231
227.603972	0.561511904
227.652773	0.56656199
227.702445	0.556840635
227.75146	0.56416234
227.800589	0.562746
227.850241	0.556719035
227.899817	0.557479777
227.94858	0.566605188
227.99835	0.554888294
228.047675	0.559554796
228.096396	0.56651622
228.145991	0.556575436
228.194815	0.565308973
228.244349	0.557218372
228.293925	0.556617897
228.342921	0.563029406
228.392573	0.555448836
228.441405	0.564446011
228.490511	0.560454907
228.539931	0.55631666
228.589617	0.552843941
228.639693	0.548053783
228.687735	0.570965179
228.737406	0.552189929
228.787344	0.549584292
228.836512	0.558801009
228.884844	0.569080144
228.934824	0.55094023
228.983756	0.563022965
229.033347	0.554969925
229.083094	0.552707674
229.131911	0.562869536
229.182124	0.547010483
229.230418	0.568656534
229.279776	0.556358883
229.329272	0.554906393
229.378706	0.556438398
229.427893	0.560183852
229.476847	0.563825011
229.526225	0.559426547
229.575915	0.555925941
229.625292	0.559353847
229.673953	0.567531874
229.723818	0.553842651
229.773428	0.556688544
229.822554	0.562087873
229.871836	0.560151494
229.920615	0.565860568
229.970438	0.554429781
230.019488	0.563506375
230.068888	0.559799069
230.118574	0.556748341
230.167761	0.562252786
230.216536	0.56694444
230.266302	0.555630361
230.315295	0.564323889
230.364325	0.563591942
230.413645	0.559946841
230.462637	0.563313319
230.512579	0.552728657
230.562014	0.558893846
230.610465	0.570702333
230.660521	0.5526966
230.709471	0.565392113
230.758948	0.559263671
230.808154	0.561899703
230.857416	0.56105831
230.906794	0.559361263
230.955805	0.563239106
231.004523	0.565945209
231.054369	0.552699561
231.103339	0.562825962
231.153162	0.554136814
231.202021	0.565765514
231.251494	0.55898273
231.300738	0.561634067
231.350409	0.556403187
231.399786	0.559537359
231.448641	0.565154408
231.498118	0.557969361
231.547343	0.56071849
231.596648	0.56006161
231.645541	0.565086748
231.695147	0.557366072
231.744173	0.564701023
231.79349	0.561987167
231.843115	0.558717971
231.892043	0.566742199
231.942099	0.553608121
231.990774	0.568874794
232.039545	0.567399275
232.089583	0.552878457
232.139052	0.559059689
232.187766	0.568068562
232.237723	0.554321748
232.287447	0.557459747
232.335951	0.572021072
232.385287	0.562708464
232.434115	0.568758739
232.483958	0.557426483
232.533217	0.563703923
232.582125	0.567350871
232.63177	0.558714877
232.681166	0.561471249
232.730521	0.562133982
232.779585	0.566070651
232.829619	0.555901605
232.878546	0.569303587
232.927939	0.564898549
232.976752	0.572217749
233.02669	0.559832613
233.075365	0.574749152
233.124506	0.569334686
233.174097	0.564027663
233.223624	0.564483947
233.273039	0.565676745
233.322142	0.569211377
233.371516	0.566500361
233.42095	0.566277468
233.470053	0.570560875
233.51871	0.576771164
233.568415	0.565529611
233.617983	0.567720509
233.666563	0.579697706
233.716322	0.56578076
233.765639	0.570660927
233.815016	0.569856582
233.863768	0.577164543
233.913145	0.570095413
233.962092	0.575392972
234.011893	0.565671041
234.061053	0.573229068
234.110331	0.572248469
234.159628	0.572504611
234.208888	0.573319848
234.257834	0.576965821
234.307696	0.565928306
234.35639	0.579128285
234.40592	0.568939993
234.455389	0.569510766
234.504591	0.573023106
234.553423	0.578209124
234.603281	0.566759267
234.652636	0.572947572
234.701235	0.58226476
234.750494	0.574619702
234.799651	0.575689783
234.849387	0.568646409
234.898291	0.577629542
234.947989	0.567615139
234.996466	0.581082885
235.046183	0.56612078
235.095572	0.56964545
235.14564	0.561808084
235.195147	0.568178446
235.243506	0.581568192
235.292933	0.569184482
235.341933	0.574591857
235.393069	0.550427351
235.441718	0.578420394
235.491087	0.569928348
235.539854	0.576866014
235.588873	0.574000818
235.638438	0.567824554
235.687846	0.570030131
235.737833	0.563786128
235.78697	0.573995574
235.836573	0.569160341
235.885535	0.57712934
235.934573	0.577069126
235.984507	0.567326317
236.033678	0.57651899
236.083205	0.572531311
236.132361	0.577187768
236.182154	0.569762299
236.230902	0.582105087
236.280894	0.567516679
236.329661	0.581659158
236.378989	0.574849631
236.428591	0.571521172
236.477709	0.576867249
236.527659	0.566869632
236.576796	0.57623724
236.625739	0.578854338
236.674876	0.576751876
236.724284	0.574076937
236.773455	0.576883054
236.823077	0.571492717
236.872679	0.571508247
236.921564	0.579702656
236.970991	0.573083399
237.020224	0.575089052
237.069979	0.569029787
237.118983	0.57793192
237.168158	0.576378079
237.217039	0.580863543
237.26668	0.57272636
237.315817	0.57923648
237.365653	0.571382983
237.414809	0.57911693
237.462973	0.590875582
237.513331	0.565049801
237.562197	0.582349476
237.611796	0.573781806
237.660799	0.580804387
237.710341	0.574306724
237.759417	0.579825542
237.80871	0.577582496
237.858176	0.575774238
237.906748	0.586748293
237.956568	0.572122731
238.00564	0.580579677
238.055197	0.574430803
238.104926	0.572018373
238.153571	0.584560519
238.20262	0.579738972
238.252177	0.573743695
238.301752	0.573608689
238.35092	0.578537952
238.400301	0.576283859
238.449469	0.579065119
238.498713	0.578593537
238.547728	0.5819594
238.597575	0.572724103
238.647227	0.575369836
238.696959	0.574410694
238.7456	0.587079639
238.795294	0.574245852
238.844519	0.579523189
238.893378	0.583759762
238.943476	0.569225522
238.992373	0.583489933
239.041346	0.583262491
239.091078	0.575094203
239.140166	0.583187295
239.189898	0.575829732
239.238928	0.583961248
239.287768	0.586047382
239.336913	0.582122661
239.386801	0.572960399
239.435812	0.582931219
239.484785	0.583089449
239.534537	0.573764072
239.583647	0.581333112
239.633356	0.574630602
239.682021	0.587208429
239.73144	0.57856733
239.781035	0.576691932
239.830359	0.580258525
239.879797	0.579423962
239.928538	0.587586201
239.978484	0.573210653
240.027476	0.584239095
240.076643	0.581869993
240.126063	0.578756334
240.175444	0.579272668
240.224963	0.577816533
240.274283	0.580257526
240.323023	0.587232456
240.372755	0.575602319
240.421885	0.582812434
240.470972	0.583500582
240.520628	0.57668978
240.569308	0.588037209
240.618983	0.576113288
240.668093	0.582478234
240.717318	0.580943269
240.76705	0.574960933
240.816119	0.582684574
240.865637	0.577294732
240.915038	0.578764523
240.963561	0.589245544
241.013254	0.575233098
241.062132	0.584929287
241.111494	0.579517497
241.160298	0.586203813
241.210394	0.571256479
241.258816	0.591278708
241.309225	0.56813665
241.358191	0.585246836
241.407801	0.578002068
241.456711	0.586626133
241.506009	0.582403538
241.55558	0.579388544
241.6048	0.5837344
241.65371	0.587594273
241.702774	0.586305571
241.752852	0.57466777
241.802054	0.585196734
241.851351	0.58419933
241.900767	0.582510554
241.949656	0.588834528
241.999131	0.58212215
242.049265	0.574957398
242.09796	0.592480139
242.147824	0.578899378
242.196537	0.592787556
242.245486	0.590105601
242.295174	0.581590308
242.344393	0.587246301
242.393031	0.594316884
242.443049	0.577830911
242.492367	0.585809133
242.541645	0.586026828
242.590691	0.588280715
242.640242	0.582007248
242.689677	0.583386271
242.738411	0.591845264
242.78734	0.589448804
242.836853	0.582584228
242.885956	0.587617684
242.93578	0.579805705
242.985274	0.584428307
243.034241	0.59134796
243.084008	0.582351486
243.133149	0.589903655
243.182291	0.590120876
243.23165	0.587684185
243.280674	0.591632645
243.329876	0.589303428
243.379174	0.587694184
243.428278	0.589536738
243.477751	0.58485534
243.52707	0.586759288
243.57664	0.583905517
243.626212	0.583906185
243.674771	0.596046178
243.724751	0.579226234
243.773367	0.595912998
243.822821	0.585780628
243.87245	0.583346997
243.92175	0.586859044
243.970969	0.587479754
244.019879	0.590959317
244.069643	0.581086955
244.118592	0.590930742
244.167716	0.589126139
244.216917	0.588485314
244.266604	0.58297336
244.315697	0.590641089
244.3645	0.594682403
244.4142	0.584189589
244.463238	0.592148727
244.512665	0.58726936
244.562052	0.587276766
244.610466	0.598995999
244.660555	0.579179092
244.710101	0.585782216
244.759449	0.588730267
244.80872	0.590149359
244.857426	0.597415501
244.907496	0.58173709
244.956688	0.59261598
245.005804	0.593756156
245.055386	0.588245173
245.104405	0.594751952
245.153929	0.588330858
245.203005	0.593523263
245.25214	0.592790636
245.301684	0.588108578
245.351014	0.590933617
245.400303	0.591744946
245.449244	0.596062295
245.499157	0.584671376
245.548487	0.591921337
245.597193	0.599617585
245.646737	0.58958786
245.695832	0.595198088
245.743954	0.607552872
245.794589	0.577427845
245.843567	0.596755973
245.892935	0.592080464
245.942011	0.595534779
245.991478	0.590889033
246.041392	0.585419916
246.090508	0.594730346
246.139779	0.592970372
246.189087	0.592742789
246.238242	0.594623583
246.28759	0.592470195
246.336434	0.598638728
246.385588	0.594667001
246.43447	0.597833556
246.484207	0.587781393
246.533654	0.591584931
246.5831	0.591990071
246.631573	0.604009558
246.680941	0.593187959
246.730036	0.596557831
246.779698	0.590168743
246.829339	0.59083523
246.878357	0.598740391
246.927744	0.594664874
246.976742	0.599380633
247.026131	0.594339675
247.075869	0.58980969
247.124966	0.597493568
247.173243	0.607537629
247.223059	0.588741905
247.27274	0.590330446
247.322459	0.589880258
247.371067	0.603503468
247.420416	0.595234488
247.469784	0.595397096
247.518862	0.599113152
247.568123	0.596708416
247.617053	0.599871566
247.666842	0.588892237
247.716084	0.59503771
247.765444	0.593337151
247.814862	0.592542653
247.864085	0.59484061
247.913054	0.597909149
247.962101	0.597212165
248.012104	0.586244438
248.061406	0.594709802
248.110335	0.599138256
248.1603	0.586609965
248.209347	0.597006983
248.258883	0.590738237
248.307755	0.598517559
248.357035	0.593416631
248.406355	0.592963547
248.455891	0.590504456
248.505854	0.585835263
248.554493	0.602292695
248.603404	0.599496102
248.652724	0.594991292
248.702025	0.595430123
248.751286	0.595967779
248.800276	0.599283319
248.850123	0.588581821
248.898857	0.601332246
248.948218	0.59302183
248.99746	0.593987436
249.046721	0.593778498
249.095925	0.594734473
249.144621	0.601387153
249.194643	0.585818052
249.244141	0.592525829
249.292759	0.603750141
249.342509	0.590452509
249.391575	0.598974427
249.440585	0.600010548
249.490548	0.588753744
249.539711	0.598505084
249.588642	0.601659673
249.637787	0.599474947
249.687399	0.59387265
249.736506	0.599791823
249.786099	0.593908356
249.835303	0.59860509
249.884194	0.602649936
249.933359	0.599307671
249.983088	0.592585451
250.032214	0.600426312
250.082159	0.591020006
250.1306	0.609808935
250.180605	0.591075863
250.229496	0.604867975
250.278485	0.603646079
250.327942	0.597769324
250.37736	0.598265834
250.426699	0.599314716
250.476273	0.596440125
250.524815	0.609115756
250.574408	0.596239112
250.623202	0.606030542
250.672541	0.599781583
250.721207	0.608458621
250.770657	0.599077563
250.820399	0.595758399
250.869574	0.602584215
250.918244	0.608280414
250.968434	0.589438062
251.017884	0.598121638
251.067156	0.600231923
251.115473	0.612262295
251.165118	0.596109772
251.214451	0.600073532
251.263197	0.607644542
251.313193	0.593179613
251.362448	0.602400397
251.411974	0.599148169
251.461052	0.604545174
251.509663	0.609904556
251.559796	0.591293844
251.6094	0.597652193
251.658127	0.608656639
251.707949	0.595580384
251.756987	0.605481699
251.806242	0.603340856
251.855906	0.598865677
251.904652	0.611035356
251.954005	0.604046611
252.003922	0.597373316
252.052863	0.609179442
252.102234	0.603195671
252.150845	0.612135185
252.200528	0.59868909
252.249646	0.60555526
252.298899	0.603925072
252.348193	0.603696432
252.398306	0.594210286
252.446915	0.613051842
252.495896	0.608975631
252.545561	0.600836098
252.594113	0.614709461
252.643893	0.599456775
252.692933	0.608224192
252.742772	0.598053584
252.791811	0.607186392
252.840733	0.608334801
252.890299	0.600519015
252.939887	0.600751712
252.988673	0.611339773
253.038161	0.603349532
253.087511	0.605681414
253.136219	0.614258899
253.185923	0.60226092
253.234864	0.611681654
253.284724	0.599882728
253.333802	0.608935924
253.38292	0.60803862
253.432135	0.606552889
253.481505	0.604498878
253.530993	0.60316041
253.579741	0.612065369
253.629599	0.59823652
253.67858	0.608825754
253.727757	0.606595686
253.777401	0.601161832
253.826107	0.613137844
253.876202	0.596574556
253.924649	0.617534473
253.974186	0.60437248
254.022807	0.61575137
254.073145	0.594721451
254.121296	0.62177951
254.170971	0.602711312
254.220236	0.607810034
254.269442	0.60881225
254.319195	0.602479219
254.367874	0.616178541
254.417666	0.602778415
254.465895	0.622468119
254.515864	0.601477123
254.565909	0.601060699
254.615214	0.610446971
254.664908	0.606122078
254.713234	0.623626538
254.762499	0.61182029
254.812272	0.605730142
254.861693	0.610273285
254.91082	0.614206311
254.959773	0.616622063
255.009095	0.612183767
255.058888	0.606301715
255.107272	0.623974743
255.156674	0.611208592
255.20588	0.613396373
255.255125	0.612612991
255.304722	0.607864617
255.354006	0.610937113
255.40288	0.615646794
255.452496	0.606251525
255.501526	0.613637697
255.550576	0.613725204
255.599997	0.609421858
255.648928	0.615939607
255.699015	0.602254384
255.747692	0.620151255
255.796938	0.613223238
255.846438	0.610299969
255.895331	0.618097179
255.944615	0.613256739
255.993605	0.616881275
256.043436	0.60653438
256.09317	0.607851977
256.141673	0.623528182
256.191622	0.605703399
256.240124	0.623980962
256.289662	0.611252491
256.338555	0.619663659
256.388073	0.611990537
256.437533	0.612797471
256.486231	0.62250811
256.535828	0.610880463
256.584448	0.622632603
256.633849	0.612701238
256.682488	0.622424655
256.732848	0.601326078
256.781155	0.627145127
256.830889	0.609315167
256.880095	0.616105319
256.929514	0.613927841
256.97835	0.621551773
257.027516	0.6174018
257.076958	0.61379858
257.126214	0.615607591
257.174959	0.621467192
257.223821	0.619737464
257.273759	0.606507293
257.322758	0.61849719
257.372384	0.611072986
257.421188	0.621791409
257.470324	0.61804715
257.519949	0.612505669
257.568948	0.620582908
257.617693	0.623857482
257.66726	0.613344437
257.716338	0.618843145
257.766041	0.610587851
257.815255	0.616341483
257.864021	0.622027531
257.912433	0.626869616
257.962841	0.602517303
258.011683	0.622312812
258.061543	0.610341674
258.110191	0.6261245
258.159347	0.620069551
258.208893	0.615313167
258.257404	0.628246865
258.307284	0.610711632
258.356322	0.620998441
258.404812	0.627878543
258.454536	0.612355415
258.50377	0.618373203
258.55361	0.611048949
258.601691	0.633741573
258.650807	0.621083784
258.700002	0.620243348
258.749177	0.620525906
258.798098	0.623373105
258.848115	0.609134082
258.897623	0.614991058
258.946388	0.624369972
258.995777	0.616594882
259.044543	0.624616861
259.093502	0.622249282
259.142346	0.623962328
259.191795	0.616900088
259.24054	0.62644515
259.290302	0.614155295
259.339693	0.619028395
259.388359	0.628333565
259.437946	0.61645631
259.486984	0.623151367
259.536198	0.620782757
259.585315	0.622027386
259.633943	0.628433882
259.683647	0.614746515
259.732685	0.622891182
259.781822	0.621646028
259.831172	0.618894687
259.880407	0.620271946
259.928995	0.628462382
259.978249	0.619585899
260.027209	0.622874701
260.076365	0.620059265
260.126088	0.612768068
260.174755	0.625933862
260.223891	0.619897341
260.273262	0.617079669
260.322069	0.624362823
260.371195	0.620615568
260.420439	0.61927329
260.469879	0.616807283
260.519202	0.618102546
260.568054	0.623898594
260.616827	0.624946551
260.666384	0.615152718
260.715628	0.619181331
260.764872	0.619287134
260.814528	0.614301879
260.863145	0.627415436
260.91235	0.620425962
260.961496	0.621469167
261.010701	0.620874557
261.060042	0.619087733
261.108816	0.626131551
261.158236	0.617907433
261.207735	0.617119641
261.256235	0.630096804
261.30538	0.621962558
261.35482	0.618421269
261.403751	0.624994494
261.452917	0.622112886
261.502551	0.616617827
261.551776	0.621891774
261.600569	0.627233779
261.650147	0.617069259
261.698803	0.628375944
261.748556	0.614552874
261.797995	0.618489392
261.846495	0.630592972
261.895661	0.622158066
261.944415	0.627486418
261.993541	0.622870879
262.042961	0.619431171
262.091774	0.627684446
262.141273	0.619296937
262.190243	0.626125944
262.239193	0.626228289
262.28828	0.624087034
262.33723	0.625789809
262.386827	0.61762438
262.435405	0.630627422
262.484747	0.621086929
262.534559	0.615433422
262.583352	0.628487476
262.63242	0.625481603
262.68137	0.627338508
262.730986	0.618929062
262.779799	0.62906749
262.828691	0.627857764
262.878052	0.621460042
262.927002	0.626509141
262.976442	0.620167028
263.025392	0.626393388
263.075341	0.614000672
263.123722	0.634029322
263.172615	0.627538719
263.221741	0.62484524
263.270887	0.624686684
263.320346	0.620610044
263.369492	0.624170305
263.418873	0.620671289
263.467941	0.624195182
263.516489	0.630713943
263.566096	0.617138102
263.615173	0.623881728
263.664407	0.622036783
263.713072	0.629377011
263.762405	0.621131507
263.811599	0.623334596
263.860755	0.624009711
263.910224	0.620205954
263.958694	0.632957341
264.008653	0.613942115
264.057574	0.627040375
264.106004	0.633581923
264.156002	0.613944704
264.205237	0.623862
264.254804	0.619980218
264.303607	0.630025942
264.352586	0.628096816
264.401429	0.630330258
264.450662	0.625653373
264.500151	0.62256228
264.549954	0.61882233
264.598756	0.631505747
264.648128	0.62431688
264.697361	0.626218451
264.7464	0.628943912
264.795477	0.628690409
264.844712	0.626851052
264.893769	0.629259538
264.943003	0.626889186
264.992668	0.621783213
265.041569	0.631494812
265.089921	0.638576808
265.13941	0.623723994
265.188252	0.631858682
265.237741	0.623609045
265.286779	0.629512279
265.336523	0.620780582
265.38509	0.636148526
265.434344	0.62748748
265.484166	0.620379064
265.533244	0.629749597
265.582007	0.634148109
265.631496	0.62495705
265.680475	0.631276725
265.72918	0.634870928
265.778257	0.629891406
265.827609	0.62640402
265.876726	0.629558874
265.926273	0.624382567
265.975331	0.630988211
266.024369	0.631552882
266.073368	0.632261677
266.122916	0.625463596
266.172169	0.629850823
266.220835	0.637711622
266.269618	0.636417225
266.31946	0.62324646
266.368674	0.631180192
266.417849	0.631750916
266.46726	0.628831276
266.515808	0.640109772
266.565493	0.625617323
266.614198	0.6384537
266.66353	0.630429683
266.712392	0.636593902
266.762	0.627545999
266.811142	0.633819596
266.860541	0.630844754
266.909703	0.634069508
266.958689	0.636239891
267.008185	0.629440067
267.057073	0.637114391
267.106608	0.628843689
267.155339	0.639151276
267.204384	0.63495136
267.253625	0.63228856
267.30318	0.628163691
267.352597	0.63012399
267.401289	0.639947864
267.450373	0.635188966
267.500065	0.627483701
267.549483	0.630800553
267.5979	0.643551883
267.647651	0.626107045
267.696284	0.640463826
267.745211	0.636772919
267.795511	0.61943756
267.843791	0.645407959
267.893855	0.622576438
267.942135	0.646017856
267.992122	0.624522658
268.039911	0.653686921
268.090466	0.618017151
268.139217	0.640898711
268.188497	0.633721364
268.237758	0.633901451
268.286685	0.638317548
268.335593	0.638657838
268.385088	0.631250606
268.4348	0.628782824
268.483355	0.644018321
268.532851	0.632374591
268.581954	0.638007026
268.631175	0.636767629
268.680201	0.639514195
268.729834	0.631533443
268.77886	0.639198784
268.828081	0.636811474
268.877047	0.64030501
268.925974	0.641108935
268.975195	0.637644163
269.024515	0.636675646
269.073795	0.637577125
269.122311	0.648535509
269.171649	0.638344641
269.220733	0.641959307
269.269896	0.641071188
269.318882	0.643241473
269.368476	0.635045828
269.418168	0.633599262
269.466997	0.644707481
269.516709	0.633345898
269.566087	0.63785862
269.614583	0.64967138
269.664236	0.634988836
269.713143	0.6454422
269.762149	0.644667949
269.811135	0.645043412
269.86069	0.63778486
269.90997	0.641480893
269.958314	0.65352496
270.007546	0.641541048
270.056698	0.642478396
270.105183	0.651379346
270.155533	0.627406558
270.204548	0.644752499
270.253544	0.645501871
270.303207	0.637274447
270.351908	0.650746318
270.400707	0.649759766
270.450154	0.641208545
270.499778	0.638722675
270.548439	0.650460215
270.598692	0.629121884
270.647451	0.647964868
270.695917	0.65171547
270.745521	0.63687041
270.795047	0.637977451
270.844179	0.643316184
270.893803	0.637068546
270.943368	0.63841933
270.992442	0.645082909
271.041281	0.648176334
271.090335	0.645189269
271.139154	0.647526403
271.188679	0.637559953
271.23846	0.63391878
271.286984	0.650350589
271.336294	0.640296881
271.385329	0.64432517
271.43507	0.635628952
271.484262	0.643223087
271.533277	0.646382873
271.582803	0.640032862
271.631425	0.65223681
271.680303	0.648934962
271.72973	0.64190426
271.779099	0.642375619
271.82835	0.643921923
271.877973	0.639295546
271.926773	0.650360397
271.975748	0.648405519
272.024646	0.649789801
272.073719	0.64780995
272.123127	0.643664432
272.172673	0.642487732
272.221825	0.647723215
272.270251	0.657413429
272.320189	0.637497354
272.368537	0.658322663
272.418789	0.633132199
272.467254	0.656491283
272.516446	0.646847852
272.565343	0.651051906
272.614574	0.646849817
272.664218	0.641730443
272.71339	0.647995793
272.762896	0.643728227
272.811911	0.650957134
272.861221	0.647277728
272.91	0.654414591
272.959408	0.645859627
273.00803	0.656196194
273.056967	0.652009354
273.106433	0.645133101
273.155709	0.647788664
273.205124	0.646126108
273.254833	0.642328715
273.30356	0.65526427
273.35268	0.650534046
273.401839	0.650134864
273.451902	0.638294933
273.500805	0.65331268
273.54963	0.653935451
273.598711	0.650101835
273.647713	0.651090119
273.697304	0.643393255
273.746345	0.650708959
273.795917	0.643985673
273.844978	0.650869494
273.893626	0.656640005
273.943571	0.640418929
273.992475	0.654285951
274.041614	0.651652705
274.091363	0.644388996
274.139932	0.660532481
274.188718	0.658040034
274.237896	0.652762544
274.287645	0.644839673
274.337119	0.648103504
274.385963	0.656219498
274.434827	0.655890019
274.484399	0.646647569
274.53344	0.653923237
274.583111	0.646086977
274.632368	0.652331387
274.680819	0.663663985
274.730214	0.651468905
274.779334	0.655062958
274.828493	0.654171676
274.878144	0.647300102
274.927637	0.649095594
274.97658	0.656383481
275.024992	0.663550847
275.074426	0.650049944
275.123329	0.657380872
275.172587	0.653090355
275.222237	0.648905566
275.271043	0.660410407
275.32028	0.654683553
275.369537	0.654412138
275.41852	0.657342958
275.467777	0.65314871
275.517388	0.648241444
275.56641	0.655987156
275.61547	0.655580283
275.664452	0.656851359
275.713081	0.661992978
275.762692	0.649523613
275.812559	0.646810725
275.861698	0.656618956
275.909658	0.672774072
275.959819	0.643150915
276.00888	0.656930458
276.057705	0.65968986
276.107395	0.64811671
276.155748	0.666094718
276.20591	0.6422294
276.254754	0.659899852
276.303284	0.664419343
276.352895	0.650361223
276.402184	0.655101948
276.451626	0.653170593
276.500813	0.656544248
276.549685	0.660610397
276.599167	0.652015296
276.647881	0.66166969
276.696733	0.65948015
276.746609	0.645766436
276.795736	0.655677629
276.84512	0.652503291
276.893874	0.661170813
276.943355	0.651821076
276.992719	0.653870667
277.041768	0.658454681
277.090856	0.657994823
277.140142	0.65505947
277.189053	0.659716727
277.238397	0.653282936
277.287269	0.659358264
277.33677	0.650979465
277.385446	0.662287802
277.435813	0.640499914
277.483957	0.670476088
277.53397	0.645724969
277.583019	0.658685813
277.632304	0.65638329
277.681156	0.662295323
277.730362	0.657475464
277.779412	0.659064775
277.829267	0.647825731
277.878395	0.6571401
277.927129	0.662597313
277.976631	0.652696937
278.02568	0.659161607
278.074866	0.657721786
278.123777	0.66178349
278.173063	0.657514853
278.222446	0.65645638
278.271337	0.663171308
278.321154	0.650817432
278.370223	0.660685667
278.419154	0.662169861
278.467868	0.664963748
278.517291	0.65544823
278.566005	0.665235024
278.615428	0.655951392
278.664635	0.659079051
278.713506	0.663947854
278.763008	0.655968929
278.811998	0.663452595
278.861499	0.657019298
278.910469	0.664451078
278.959755	0.660214455
279.00902	0.660317909
279.058403	0.658767242
279.107295	0.665475006
279.156934	0.655763108
279.205472	0.670970301
279.254954	0.658513386
279.303865	0.666520153
279.353386	0.65842811
279.40212	0.669779159
279.451681	0.658654901
279.500297	0.671326642
279.549562	0.662530107
279.598911	0.660741737
279.648421	0.658440713
279.697498	0.664307363
279.746633	0.663562068
279.79565	0.665318734
279.844825	0.66327507
279.894335	0.65876216
279.943234	0.667211571
279.992783	0.659028546
280.041328	0.672672048
280.091409	0.652132399
280.140072	0.671146879
280.189385	0.661750265
280.238363	0.666144228
280.287518	0.663737457
280.337106	0.658039155
280.38634	0.663051348
280.435318	0.666680907
280.485005	0.657362909
280.533648	0.671912895
280.582469	0.669875107
280.631683	0.664787529
280.681371	0.65850883
280.73027	0.669167306
280.779996	0.657634256
280.828285	0.677138345
280.877873	0.659460948
280.926576	0.671585438
280.976282	0.658180715
281.025201	0.668841487
281.074908	0.658239592
281.124122	0.665211272
281.173022	0.669679246
281.221467	0.676226995
281.270918	0.662534533
281.320487	0.661082959
281.36911	0.673727122
281.418423	0.663960401
281.467874	0.661991576
281.517088	0.665208795
281.566382	0.664194155
281.61526	0.669922569
281.664416	0.666208793
281.713591	0.666027866
281.76253	0.669674468
281.812532	0.656011301
281.861765	0.666499669
281.910212	0.67735922
281.959012	0.672418762
282.008857	0.657776955
282.057776	0.670039349
282.106715	0.669787756
282.156126	0.663425134
282.205222	0.667679095
282.254417	0.666223034
282.30371	0.664901531
282.352313	0.6744704
282.40202	0.660188515
282.451136	0.668277536
282.500075	0.670656795
282.549959	0.657516206
282.598877	0.669879164
282.64752	0.673212319
282.697424	0.655919879
282.745969	0.6741721
282.794987	0.667689876
282.843947	0.668781838
282.893305	0.66373833
282.94227	0.669861045
282.992359	0.655233137
283.040968	0.67531735
283.090129	0.667647362
283.139134	0.6694615
283.188335	0.666240068
283.237359	0.668390318
283.286382	0.668307251
283.335662	0.664834698
283.3851	0.662844183
283.434301	0.666202995
283.483324	0.668930007
283.532585	0.666350234
283.58151	0.671209431
283.630868	0.665394512
283.68005	0.667804114
283.729034	0.670349453
283.777821	0.673025204
283.826766	0.670748921
283.876361	0.661523471
283.925168	0.672228615
283.975138	0.656854696
284.024241	0.668823719
284.072988	0.674054169
284.122367	0.665702186
284.171687	0.666876888
284.220493	0.674532098
284.270128	0.663347797
284.318797	0.676537171
284.368215	0.666206364
284.416923	0.675833171
284.466281	0.666571658
284.515029	0.674773768
284.565117	0.656701592
284.61357	0.678964321
284.662791	0.668453938
284.712051	0.668061733
284.761468	0.666005326
284.810689	0.668597306
284.85922	0.678418233
284.90852	0.667850296
284.957918	0.666439809
285.007178	0.668304065