105.023	0.246427
105.065	0.243913
105.107	0.24146
105.149	0.245054
105.19	0.243417
105.232	0.243972
105.274	0.243022
105.315	0.245162
105.358	0.238585
105.399	0.24534
105.441	0.245241
105.483	0.244591
105.525	0.246115
105.567	0.245367
105.609	0.243456
105.651	0.245128
105.693	0.243772
105.735	0.242576
105.777	0.248653
105.819	0.24394
105.86	0.246897
105.903	0.240634
105.945	0.248716
105.986	0.248533
106.029	0.242811
106.071	0.251357
106.113	0.247646
106.155	0.243152
106.198	0.244827
106.239	0.250045
106.281	0.245754
106.324	0.245689
106.366	0.247233
106.409	0.246523
106.45	0.25151
106.493	0.242932
106.535	0.248749
106.577	0.250515
106.62	0.246442
106.662	0.251219
106.704	0.252529
106.747	0.246523
106.79	0.248445
106.832	0.248688
106.874	0.25233
106.917	0.250119
106.959	0.250609
107.001	0.250542
107.045	0.246267
107.087	0.251824
107.129	0.249874
107.172	0.252714
107.215	0.251052
107.257	0.253666
107.3	0.253625
107.342	0.255104
107.386	0.248424
107.428	0.255168
107.471	0.252413
107.514	0.249963
107.557	0.250859
107.6	0.25242
107.642	0.255481
107.685	0.252931
107.728	0.257942
107.771	0.253492
107.814	0.256377
107.856	0.259625
107.899	0.256036
107.942	0.256796
107.985	0.258049
108.028	0.254548
108.071	0.254458
108.114	0.255253
108.158	0.253832
108.2	0.258144
108.243	0.252477
108.286	0.256975
108.33	0.255698
108.373	0.257532
108.416	0.257597
108.459	0.261636
108.502	0.259708
108.545	0.25766
108.588	0.26085
108.631	0.260258
108.675	0.256204
108.718	0.260385
108.761	0.259562
108.804	0.258951
108.847	0.258748
108.89	0.261682
108.934	0.25925
108.977	0.261324
109.02	0.26374
109.063	0.261708
109.106	0.263436
109.15	0.261209
109.193	0.264726
109.236	0.264161
109.28	0.25825
109.323	0.262647
109.366	0.261526
109.41	0.259417
109.452	0.266261
109.496	0.26074
109.539	0.263362
109.583	0.26202
109.626	0.2631
109.669	0.268775
109.713	0.263713
109.757	0.264045
109.8	0.267061
109.843	0.267684
109.887	0.263607
109.93	0.263315
109.973	0.26536
110.017	0.263173
110.061	0.262932
110.104	0.266027
110.148	0.262605
110.191	0.268141
110.235	0.266504
110.278	0.266878
110.322	0.265617
110.366	0.269752
110.409	0.267382
110.453	0.265632
110.497	0.266378
110.541	0.265707
110.584	0.267035
110.627	0.270085
110.672	0.263741
110.715	0.266962
110.759	0.270355
110.803	0.268243
110.846	0.269133
110.891	0.266859
110.933	0.278767
110.978	0.26574
111.022	0.269506
111.066	0.271661
111.11	0.267474
111.154	0.267001
111.198	0.272026
111.242	0.267814
111.286	0.269896
111.33	0.273013
111.374	0.26969
111.418	0.27224
111.463	0.268888
111.507	0.273183
111.551	0.273989
111.594	0.275625
111.639	0.270759
111.683	0.275336
111.727	0.269715
111.771	0.275909
111.816	0.268884
111.859	0.278241
111.904	0.268942
111.948	0.273974
111.993	0.273724
112.037	0.277275
112.081	0.274559
112.124	0.280394
112.169	0.273201
112.214	0.273925
112.258	0.278016
112.303	0.272423
112.346	0.280573
112.391	0.271895
112.435	0.278504
112.479	0.275261
112.524	0.270973
112.568	0.280472
112.612	0.280732
112.657	0.275161
112.702	0.275165
112.746	0.279807
112.79	0.281626
112.834	0.280558
112.879	0.277368
112.923	0.282193
112.966	0.282898
113.011	0.273448
113.056	0.277084
113.101	0.278532
113.145	0.279788
113.189	0.282084
113.233	0.280859
113.278	0.281419
113.322	0.284521
113.367	0.277239
113.411	0.284956
113.455	0.284314
113.499	0.285523
113.544	0.282138
113.589	0.278505
113.633	0.28097
113.677	0.283023
113.722	0.279777
113.766	0.281184
113.81	0.285126
113.855	0.280884
113.899	0.287445
113.943	0.284067
113.988	0.279962
114.032	0.285788
114.077	0.28232
114.121	0.285169
114.166	0.283179
114.211	0.282994
114.255	0.285323
114.3	0.281841
114.345	0.281678
114.389	0.283813
114.434	0.282867
114.478	0.285066
114.523	0.2822
114.568	0.285416
114.612	0.28709
114.656	0.286778
114.701	0.285192
114.746	0.283172
114.791	0.286578
114.836	0.28217
114.88	0.286156
114.925	0.282637
114.97	0.284121
115.015	0.283986
115.059	0.28746
115.104	0.283947
115.148	0.289407
115.194	0.279993
115.238	0.293945
115.283	0.281254
115.328	0.286351
115.373	0.287504
115.418	0.290411
115.463	0.287016
115.508	0.283046
115.553	0.282857
115.598	0.290909
115.643	0.285072
115.688	0.289753
115.732	0.292708
115.777	0.28746
115.822	0.291247
115.867	0.287432
115.912	0.290224
115.957	0.293725
116.003	0.286639
116.048	0.286348
116.093	0.293798
116.137	0.289858
116.183	0.287708
116.227	0.291896
116.272	0.291959
116.318	0.287812
116.363	0.292475
116.408	0.292406
116.453	0.295456
116.498	0.29485
116.544	0.288463
116.589	0.292867
116.634	0.294151
116.679	0.292271
116.724	0.292872
116.77	0.293281
116.815	0.294701
116.86	0.295078
116.905	0.297369
116.95	0.292404
116.996	0.292609
117.042	0.290891
117.086	0.297244
117.131	0.296853
117.178	0.288549
117.223	0.294692
117.268	0.296855
117.313	0.295351
117.359	0.296227
117.404	0.29652
117.449	0.295899
117.494	0.298874
117.541	0.290895
117.585	0.30191
117.631	0.293122
117.676	0.301614
117.722	0.295724
117.767	0.297141
117.813	0.297799
117.857	0.301191
117.903	0.294495
117.949	0.299042
117.994	0.30023
118.04	0.30025
118.085	0.300426
118.13	0.304438
118.176	0.29995
118.221	0.302393
118.267	0.29921
118.312	0.301732
118.358	0.300022
118.403	0.300913
118.448	0.301642
118.494	0.297964
118.54	0.298245
118.585	0.303063
118.631	0.302429
118.676	0.303727
118.722	0.302712
118.767	0.301855
118.812	0.305157
118.858	0.300205
118.904	0.302286
118.95	0.297496
118.995	0.302745
119.041	0.301625
119.086	0.305014
119.132	0.297897
119.177	0.305847
119.223	0.304397
119.269	0.30286
119.314	0.304961
119.36	0.306035
119.406	0.303845
119.451	0.306153
119.497	0.306179
119.543	0.301067
119.588	0.305649
119.634	0.300818
119.68	0.302446
119.725	0.303009
119.771	0.301375
119.817	0.307091
119.862	0.304883
119.908	0.307046
119.954	0.307852
120	0.308948
120.046	0.306454
120.092	0.307773
120.138	0.30526
120.183	0.308573
120.229	0.307258
120.275	0.303807
120.321	0.306108
120.367	0.308212
120.412	0.309938
120.458	0.311515
120.504	0.309677
120.55	0.306714
120.596	0.310436
120.642	0.314395
120.688	0.31032
120.734	0.309964
120.78	0.309667
120.826	0.309617
120.871	0.311715
120.919	0.302714
120.964	0.311822
121.009	0.318586
121.056	0.307313
121.102	0.315551
121.148	0.307861
121.194	0.313902
121.24	0.314738
121.286	0.313562
121.332	0.309812
121.378	0.311246
121.424	0.310294
121.47	0.311368
121.516	0.312537
121.563	0.310479
121.609	0.314206
121.655	0.311459
121.701	0.315827
121.747	0.313998
121.794	0.312533
121.839	0.318862
121.885	0.316787
121.931	0.314825
121.977	0.315829
122.024	0.309647
122.07	0.316577
122.116	0.3136
122.162	0.315125
122.208	0.318752
122.254	0.321421
122.3	0.314741
122.346	0.319444
122.392	0.318852
122.438	0.318259
122.485	0.315986
122.531	0.318645
122.577	0.321078
122.623	0.320329
122.669	0.317359
122.715	0.314467
122.761	0.317487
122.808	0.315305
122.854	0.319188
122.9	0.32119
122.945	0.325153
122.992	0.314338
123.038	0.323398
123.084	0.322207
123.131	0.320588
123.177	0.322852
123.223	0.3226
123.269	0.323658
123.315	0.320355
123.361	0.320931
123.408	0.317902
123.453	0.326783
123.5	0.321103
123.546	0.319078
123.593	0.322112
123.639	0.32718
123.685	0.323984
123.731	0.32173
123.778	0.322809
123.824	0.322299
123.87	0.319452
123.916	0.324449
123.962	0.328593
124.009	0.320205
124.055	0.323386
124.101	0.326478
124.148	0.323396
124.194	0.325659
124.24	0.326838
124.286	0.323426
124.332	0.327188
124.379	0.326932
124.425	0.321475
124.471	0.331286
124.517	0.323441
124.564	0.323999
124.61	0.325896
124.657	0.326894
124.703	0.324154
124.749	0.33217
124.795	0.329227
124.842	0.326234
124.888	0.326521
124.934	0.330758
124.98	0.329607
125.027	0.329295
125.073	0.32662
125.119	0.332166
125.166	0.327093
125.212	0.333033
125.258	0.329584
125.305	0.327185
125.351	0.333024
125.397	0.33014
125.443	0.334102
125.49	0.331313
125.536	0.330383
125.582	0.333672
125.629	0.32983
125.675	0.331684
125.721	0.333334
125.768	0.334558
125.814	0.330021
125.86	0.336835
125.906	0.333701
125.952	0.340821
125.999	0.32751
126.045	0.337215
126.092	0.331579
126.138	0.334102
126.184	0.333714
126.231	0.333395
126.276	0.338089
126.323	0.332688
126.369	0.336428
126.416	0.334835
126.462	0.335715
126.508	0.337547
126.555	0.33457
126.602	0.333637
126.648	0.336563
126.694	0.338001
126.74	0.339423
126.786	0.340841
126.833	0.334354
126.879	0.338127
126.925	0.341887
126.972	0.332932
127.019	0.336787
127.065	0.339396
127.112	0.336201
127.158	0.339398
127.204	0.342064
127.251	0.335341
127.297	0.338343
127.344	0.337554
127.391	0.339346
127.437	0.341141
127.483	0.339399
127.53	0.338111
127.577	0.337309
127.623	0.338163
127.67	0.341415
127.716	0.338723
127.763	0.341265
127.81	0.33687
127.855	0.345866
127.902	0.33778
127.949	0.342922
127.996	0.337282
128.042	0.344592
128.089	0.339029
128.136	0.337656
128.182	0.343025
128.229	0.343445
128.275	0.34226
128.322	0.337945
128.369	0.339808
128.415	0.34298
128.462	0.34033
128.508	0.349278
128.556	0.337022
128.602	0.345925
128.649	0.340858
128.696	0.343031
128.743	0.339805
128.789	0.344817
128.836	0.340514
128.883	0.340307
128.929	0.342857
128.976	0.344311
129.022	0.341914
129.069	0.341284
129.116	0.342353
129.163	0.346256
129.21	0.344904
129.257	0.34379
129.303	0.346195
129.351	0.337638
129.398	0.343291
129.444	0.346057
129.491	0.342652
129.538	0.345083
129.585	0.337976
129.632	0.343784
129.679	0.344143
129.726	0.348379
129.773	0.343272
129.82	0.34803
129.866	0.347138
129.913	0.348521
129.96	0.346762
130.007	0.35189
130.053	0.348605
130.101	0.346571
130.147	0.352661
130.194	0.345611
130.24	0.351045
130.288	0.346271
130.334	0.351605
130.381	0.350465
130.427	0.355914
130.474	0.351317
130.521	0.354074
130.567	0.35767
130.614	0.35188
130.661	0.350912
130.707	0.352345
130.754	0.351261
130.801	0.354147
130.847	0.353968
130.894	0.351069
130.941	0.352159
130.987	0.354196
131.034	0.354418
131.08	0.355235
131.127	0.355758
131.173	0.359869
131.22	0.353023
131.267	0.356322
131.313	0.358093
131.359	0.357642
131.407	0.350838
131.453	0.355338
131.499	0.358146
131.546	0.35196
131.593	0.354629
131.64	0.353555
131.686	0.360343
131.733	0.35616
131.779	0.359635
131.826	0.356905
131.873	0.359099
131.919	0.359281
131.966	0.353604
132.012	0.36259
132.059	0.355887
132.106	0.353704
132.153	0.357082
132.2	0.354994
132.246	0.3585
132.293	0.356298
132.34	0.359886
132.387	0.359571
132.434	0.357399
132.48	0.360034
132.527	0.35828
132.574	0.35881
132.621	0.352514
132.668	0.362899
132.714	0.358724
132.761	0.356204
132.809	0.355175
132.856	0.358388
132.903	0.360458
132.949	0.362658
132.995	0.368212
133.043	0.361736
133.09	0.358553
133.137	0.361202
133.184	0.358943
133.231	0.360557
133.278	0.362321
133.325	0.361809
133.372	0.357722
133.419	0.360121
133.466	0.365458
133.513	0.361566
133.56	0.365612
133.607	0.364924
133.654	0.36405
133.701	0.365379
133.748	0.369314
133.795	0.36453
133.842	0.363639
133.889	0.366107
133.936	0.364666
133.983	0.365694
134.03	0.366668
134.078	0.361145
134.125	0.364271
134.173	0.366071
134.22	0.366228
134.267	0.367327
134.314	0.369186
134.361	0.37063
134.408	0.367872
134.455	0.372545
134.502	0.366554
134.549	0.368294
134.597	0.368073
134.644	0.370529
134.691	0.366374
134.738	0.37225
134.786	0.36853
134.832	0.3748
134.88	0.369925
134.927	0.367403
134.975	0.370703
135.021	0.37643
135.069	0.372376
135.115	0.375577
135.163	0.370605
135.211	0.368867
135.258	0.372688
135.305	0.374535
135.353	0.371112
135.4	0.372809
135.447	0.377486
135.494	0.374383
135.542	0.374827
135.588	0.380891
135.636	0.368643
135.684	0.37184
135.731	0.375222
135.779	0.373729
135.826	0.376539
135.873	0.377194
135.92	0.375005
135.968	0.377197
136.015	0.380439
136.062	0.375153
136.11	0.376956
136.157	0.377569
136.204	0.378698
136.252	0.378351
136.299	0.378628
136.347	0.37508
136.394	0.379393
136.441	0.379801
136.488	0.376502
136.536	0.379043
136.583	0.378785
136.631	0.377723
136.678	0.379918
136.725	0.379887
136.773	0.379074
136.82	0.381557
136.867	0.381319
136.915	0.37885
136.962	0.381246
137.01	0.376628
137.057	0.381571
137.104	0.381689
137.152	0.379146
137.2	0.380645
137.247	0.382167
137.294	0.383339
137.342	0.383786
137.389	0.383768
137.437	0.381672
137.484	0.381966
137.532	0.382176
137.579	0.381609
137.627	0.382243
137.673	0.388896
137.721	0.380923
137.77	0.376941
137.817	0.390254
137.864	0.385334
137.911	0.389851
137.959	0.378373
138.007	0.380829
138.055	0.388606
138.101	0.389937
138.149	0.382546
138.198	0.378848
138.245	0.39041
138.292	0.384384
138.34	0.38543
138.388	0.384705
138.435	0.388683
138.483	0.385014
138.53	0.389905
138.578	0.38165
138.626	0.384824
138.674	0.38708
138.722	0.385472
138.769	0.388515
138.817	0.379836
138.864	0.387584
138.912	0.384099
138.96	0.388777
139.007	0.389207
139.055	0.388429
139.103	0.383694
139.15	0.39316
139.198	0.386739
139.246	0.391667
139.294	0.382647
139.341	0.395223
139.389	0.384166
139.436	0.390938
139.484	0.387374
139.532	0.38983
139.579	0.390084
139.627	0.388465
139.675	0.391202
139.723	0.391441
139.77	0.394749
139.817	0.390979
139.866	0.382662
139.914	0.392514
139.961	0.393022
140.008	0.393838
140.056	0.387976
140.104	0.389856
140.151	0.393221
140.199	0.388542
140.247	0.397034
140.295	0.389616
140.343	0.395316
140.39	0.397252
140.438	0.393871
140.486	0.392414
140.533	0.397828
140.58	0.39894
140.628	0.389314
140.676	0.397367
140.723	0.394177
140.772	0.390248
140.818	0.400737
140.867	0.392659
140.913	0.40397
140.962	0.392789
141.009	0.401242
141.057	0.396406
141.104	0.39885
141.152	0.39749
141.2	0.397381
141.248	0.394933
141.295	0.4004
141.343	0.397282
141.39	0.396562
141.438	0.3994
141.486	0.390845
141.533	0.404084
141.581	0.40125
141.629	0.397381
141.677	0.398591
141.724	0.40161
141.772	0.397649
141.82	0.402288
141.867	0.400965
141.915	0.402768
141.963	0.396112
142.01	0.398493
142.058	0.396703
142.106	0.403497
142.153	0.403144
142.201	0.402308
142.249	0.39965
142.296	0.407885
142.344	0.399001
142.392	0.400602
142.439	0.403964
142.487	0.398595
142.535	0.401797
142.582	0.408223
142.63	0.397872
142.677	0.404991
142.725	0.397503
142.773	0.402925
142.821	0.40337
142.869	0.402631
142.915	0.411529
142.963	0.404127
143.011	0.40375
143.058	0.408375
143.106	0.407871
143.154	0.395847
143.201	0.410597
143.249	0.404191
143.298	0.398747
143.345	0.408011
143.393	0.405925
143.44	0.409255
143.487	0.410691
143.536	0.40343
143.583	0.410651
143.631	0.409124
143.678	0.410349
143.726	0.407426
143.773	0.412172
143.821	0.398798
143.869	0.40626
143.917	0.404989
143.964	0.410932
144.012	0.404475
144.06	0.407678
144.107	0.41184
144.155	0.409773
144.203	0.40855
144.251	0.410097
144.298	0.411865
144.346	0.407965
144.394	0.407246
144.441	0.413239
144.489	0.408045
144.537	0.40391
144.585	0.409873
144.632	0.412233
144.68	0.407093
144.728	0.408357
144.776	0.411146
144.824	0.409225
144.871	0.412858
144.919	0.411281
144.967	0.413043
145.015	0.412013
145.063	0.409794
145.111	0.40993
145.158	0.412706
145.206	0.411929
145.253	0.413951
145.301	0.410108
145.349	0.412984
145.397	0.415373
145.445	0.415371
145.492	0.415097
145.54	0.41185
145.588	0.418511
145.636	0.414423
145.684	0.411717
145.731	0.419388
145.779	0.410822
145.827	0.416287
145.875	0.411329
145.923	0.413625
145.971	0.415577
146.018	0.414917
146.066	0.419475
146.114	0.416354
146.162	0.415182
146.209	0.417125
146.257	0.418032
146.305	0.41689
146.353	0.411968
146.401	0.411437
146.449	0.414987
146.496	0.418385
146.544	0.412371
146.593	0.413087
146.64	0.421761
146.688	0.421164
146.736	0.414479
146.783	0.420584
146.832	0.415087
146.88	0.417071
146.928	0.415543
146.976	0.415487
147.023	0.417413
147.071	0.416074
147.119	0.414741
147.167	0.419194
147.215	0.415917
147.263	0.425333
147.311	0.413729
147.359	0.421409
147.407	0.419798
147.455	0.41828
147.503	0.42068
147.551	0.415465
147.599	0.416347
147.647	0.41762
147.695	0.417934
147.744	0.415025
147.791	0.425247
147.839	0.417113
147.888	0.415865
147.936	0.417582
147.984	0.424835
148.032	0.420651
148.08	0.423533
148.128	0.416222
148.176	0.424491
148.224	0.417415
148.273	0.418179
148.32	0.424255
148.369	0.418142
148.417	0.422874
148.465	0.423224
148.513	0.421563
148.561	0.427508
148.609	0.422518
148.656	0.430464
148.704	0.429537
148.752	0.425098
148.8	0.431546
148.848	0.423168
148.896	0.426613
148.944	0.428481
148.992	0.425945
149.04	0.432762
149.088	0.42646
149.136	0.42686
149.184	0.428892
149.232	0.426859
149.279	0.43305
149.327	0.431401
149.374	0.435522
149.423	0.424638
149.47	0.439152
149.519	0.426418
149.565	0.442103
149.613	0.430902
149.661	0.433709
149.709	0.43371
149.756	0.431851
149.804	0.436594
149.852	0.431612
149.899	0.437229
149.947	0.436898
149.994	0.435516
150.042	0.43602
150.089	0.434841
150.137	0.438907
150.184	0.435867
150.231	0.439621
150.279	0.431753
150.326	0.440241
150.374	0.438212
150.421	0.435183
150.469	0.431299
150.517	0.431993
150.564	0.437411
150.611	0.440682
150.659	0.432382
150.707	0.438578
150.753	0.442299
150.801	0.433909
150.849	0.432965
150.896	0.435227
150.944	0.437641
150.992	0.430372
151.039	0.435729
151.086	0.434817
151.134	0.436648
151.181	0.432939
151.229	0.433917
151.277	0.433289
151.324	0.438175
151.371	0.443192
151.42	0.427099
151.467	0.440497
151.514	0.441584
151.561	0.436229
151.609	0.433471
151.657	0.431346
151.704	0.437919
151.752	0.434518
151.799	0.435932
151.847	0.438765
151.894	0.435288
151.942	0.441044
151.99	0.430122
152.037	0.439659
152.085	0.433549
152.132	0.439956
152.181	0.430319
152.227	0.446945
152.275	0.433433
152.323	0.434028
152.37	0.438257
152.419	0.42947
152.466	0.438494
152.514	0.435079
152.562	0.434293
152.61	0.43556
152.657	0.443646
152.705	0.43393
152.752	0.441697
152.8	0.43276
152.848	0.434805
152.895	0.435849
152.942	0.44145
152.991	0.427012
153.039	0.436033
153.086	0.441709
153.134	0.440866
153.182	0.435602
153.23	0.436685
153.277	0.442107
153.325	0.444326
153.373	0.437941
153.421	0.442704
153.468	0.439888
153.517	0.436924
153.564	0.440039
153.613	0.436969
153.66	0.442712
153.709	0.436394
153.756	0.448822
153.804	0.43778
153.852	0.440627
153.9	0.444148
153.948	0.437973
153.996	0.441593
154.045	0.438539
154.092	0.44559
154.14	0.439988
154.189	0.437971
154.237	0.439203
154.284	0.448658
154.333	0.438027
154.38	0.448675
154.429	0.441769
154.477	0.439888
154.525	0.447467
154.573	0.438631
154.621	0.448518
154.669	0.444492
154.717	0.441819
154.765	0.445056
154.813	0.444987
154.861	0.442604
154.909	0.442137
154.957	0.449118
155.006	0.44106
155.054	0.444391
155.102	0.450159
155.149	0.448975
155.197	0.450572
155.246	0.442723
155.294	0.444816
155.341	0.453433
155.39	0.445996
155.438	0.447036
155.486	0.445433
155.534	0.450403
155.583	0.442367
155.63	0.453209
155.679	0.445683
155.727	0.448784
155.775	0.451416
155.823	0.451596
155.871	0.447721
155.919	0.45301
155.967	0.449658
156.015	0.448197
156.063	0.452616
156.111	0.449773
156.16	0.450067
156.207	0.454873
156.256	0.448797
156.304	0.453608
156.352	0.452794
156.399	0.455128
156.447	0.456606
156.495	0.453864
156.543	0.451608
156.591	0.456037
156.639	0.454035
156.688	0.451585
156.735	0.457811
156.783	0.457346
156.832	0.449077
156.879	0.460255
156.927	0.460241
156.975	0.457424
157.023	0.455327
157.071	0.454577
157.119	0.45868
157.167	0.459904
157.215	0.45931
157.262	0.460433
157.31	0.461441
157.358	0.454543
157.406	0.459406
157.454	0.461103
157.501	0.45868
157.549	0.46061
157.597	0.459793
157.645	0.455848
157.693	0.458853
157.74	0.465026
157.788	0.456913
157.836	0.459654
157.884	0.459997
157.932	0.462664
157.979	0.466509
158.027	0.460124
158.075	0.463245
158.123	0.458172
158.171	0.459352
158.218	0.461217
158.266	0.463576
158.314	0.45668
158.362	0.458771
158.409	0.468081
158.457	0.457812
158.505	0.463985
158.554	0.452679
158.601	0.467266
158.649	0.461568
158.697	0.463406
158.745	0.462731
158.792	0.463493
158.84	0.46151
158.889	0.459937
158.936	0.4648
158.984	0.466659
159.031	0.465336
159.08	0.454289
159.128	0.464663
159.175	0.465436
159.223	0.462586
159.271	0.459501
159.319	0.458867
159.367	0.467373
159.415	0.460408
159.463	0.463482
159.512	0.454141
159.559	0.469544
159.607	0.459781
159.655	0.466382
159.703	0.458953
159.751	0.461465
159.799	0.460313
159.847	0.461024
159.895	0.46098
159.944	0.462483
159.992	0.462036
160.039	0.473584
160.088	0.459931
160.136	0.465736
160.185	0.45608
160.232	0.469197
160.281	0.4639
160.329	0.459845
160.377	0.468141
160.425	0.463957
160.474	0.46014
160.521	0.471742
160.569	0.467166
160.618	0.462608
160.666	0.468702
160.714	0.467767
160.762	0.464533
160.81	0.467644
160.859	0.462505
160.907	0.464787
160.955	0.467423
161.003	0.469188
161.052	0.462915
161.1	0.463362
161.148	0.472951
161.197	0.465889
161.245	0.470328
161.293	0.471835
161.342	0.463702
161.39	0.469872
161.438	0.468758
161.485	0.477429
161.534	0.461439
161.583	0.464219
161.631	0.47421
161.679	0.471868
161.727	0.466623
161.775	0.474328
161.824	0.464536
161.872	0.476471
161.92	0.471448
161.969	0.467254
162.017	0.475152
162.065	0.472756
162.113	0.475253
162.162	0.467826
162.21	0.474586
162.258	0.47629
162.307	0.47139
162.355	0.474598
162.403	0.475258
162.452	0.475854
162.5	0.476729
162.548	0.480806
162.597	0.465585
162.644	0.486156
162.693	0.46828
162.742	0.476128
162.79	0.474855
162.839	0.474814
162.886	0.480676
162.935	0.475055
162.983	0.477081
163.031	0.48167
163.08	0.472257
163.128	0.485006
163.177	0.473357
163.225	0.485681
163.273	0.47964
163.321	0.484513
163.37	0.47768
163.418	0.484705
163.467	0.478241
163.515	0.480779
163.563	0.484721
163.612	0.477046
163.66	0.480534
163.708	0.485907
163.757	0.479287
163.805	0.486194
163.853	0.483041
163.902	0.482001
163.95	0.487219
163.999	0.48113
164.047	0.48476
164.095	0.488254
164.144	0.479774
164.192	0.489324
164.24	0.483095
164.288	0.48813
164.337	0.481503
164.385	0.492175
164.434	0.480325
164.481	0.49521
164.53	0.482984
164.578	0.489237
164.627	0.482594
164.675	0.493702
164.723	0.487604
164.772	0.481967
164.82	0.485518
164.868	0.495821
164.917	0.483894
164.965	0.486595
165.013	0.497187
165.062	0.485375
165.11	0.484764
165.158	0.497363
165.207	0.485453
165.255	0.495732
165.303	0.488803
165.351	0.493114
165.4	0.482855
165.448	0.491636
165.497	0.487031
165.545	0.496684
165.593	0.485411
165.642	0.491122
165.69	0.495735
165.738	0.490616
165.786	0.489705
165.835	0.489879
165.883	0.48985
165.931	0.495459
165.98	0.489276
166.028	0.486888
166.076	0.495635
166.125	0.487197
166.173	0.492025
166.222	0.482858
166.27	0.495337
166.319	0.490116
166.367	0.488574
166.416	0.487671
166.464	0.496726
166.512	0.49342
166.561	0.490588
166.609	0.492232
166.658	0.487259
166.706	0.492992
166.754	0.490794
166.802	0.493798
166.851	0.488492
166.899	0.498219
166.947	0.49128
166.996	0.49233
167.045	0.488127
167.093	0.496188
167.141	0.501253
167.19	0.488671
167.238	0.494689
167.286	0.494303
167.334	0.494832
167.382	0.49738
167.431	0.483323
167.479	0.502826
167.528	0.48951
167.576	0.495363
167.624	0.497037
167.673	0.491169
167.721	0.493544
167.77	0.491507
167.818	0.501133
167.866	0.49608
167.915	0.490147
167.963	0.494063
168.011	0.494925
168.06	0.494841
168.108	0.491806
168.156	0.500509
168.205	0.494099
168.253	0.4963
168.302	0.491482
168.35	0.494991
168.398	0.497827
168.447	0.490347
168.495	0.496472
168.544	0.498085
168.592	0.49913
168.641	0.490209
168.689	0.50227
168.737	0.499725
168.785	0.49629
168.833	0.503549
168.882	0.495217
168.93	0.495283
168.979	0.497156
169.027	0.501265
169.076	0.494095
169.124	0.505539
169.172	0.495394
169.221	0.499149
169.269	0.49924
169.317	0.50332
169.365	0.502069
169.414	0.496973
169.463	0.495531
169.51	0.508811
169.559	0.496858
169.607	0.503091
169.656	0.499228
169.704	0.502504
169.752	0.499595
169.801	0.499787
169.849	0.499192
169.897	0.505267
169.946	0.496377
169.994	0.508576
170.042	0.50041
170.091	0.494754
170.14	0.502835
170.188	0.501708
170.237	0.500988
170.285	0.500863
170.333	0.502026
170.381	0.510276
170.429	0.502621
170.479	0.490937
170.527	0.502873
170.575	0.507687
170.624	0.502458
170.672	0.501478
170.721	0.497464
170.769	0.507625
170.818	0.501453
170.866	0.503948
170.915	0.499482
170.963	0.504713
171.012	0.500127
171.06	0.504351
171.108	0.50784
171.157	0.501347
171.205	0.506835
171.253	0.503918
171.302	0.499331
171.351	0.504022
171.399	0.505205
171.447	0.509296
171.496	0.498038
171.544	0.510503
171.593	0.502804
171.641	0.505966
171.689	0.508244
171.738	0.5041
171.786	0.51014
171.834	0.509279
171.883	0.504278
171.931	0.510816
171.979	0.510222
172.028	0.503945
172.077	0.505558
172.125	0.515118
172.174	0.506272
172.222	0.51121
172.271	0.502457
172.318	0.521957
172.367	0.506446
172.415	0.508502
172.463	0.518667
172.512	0.504703
172.56	0.507322
172.609	0.512577
172.657	0.506829
172.706	0.507872
172.753	0.524159
172.802	0.51179
172.85	0.508127
172.898	0.517151
172.947	0.51425
172.996	0.504786
173.043	0.51735
173.091	0.516826
173.139	0.515704
173.187	0.516557
173.236	0.511792
173.284	0.518759
173.332	0.511827
173.381	0.513958
173.428	0.52668
173.476	0.515721
173.524	0.513152
173.573	0.515138
173.621	0.515501
173.669	0.512754
173.717	0.518703
173.766	0.514063
173.814	0.514753
173.862	0.515068
173.91	0.521675
173.958	0.513063
174.006	0.51723
174.054	0.524843
174.102	0.510803
174.15	0.517364
174.198	0.517913
174.246	0.518888
174.295	0.515603
174.342	0.527604
174.391	0.50962
174.439	0.514159
174.487	0.5149
174.535	0.516357
174.583	0.520063
174.632	0.516467
174.68	0.518784
174.728	0.516939
174.776	0.513134
174.825	0.516235
174.873	0.518362
174.921	0.518357
174.969	0.522734
175.017	0.514269
175.065	0.518858
175.113	0.521065
175.162	0.51184
175.21	0.522732
175.258	0.514651
175.307	0.514485
175.355	0.518695
175.404	0.516622
175.452	0.511873
175.5	0.523341
175.549	0.512789
175.597	0.521058
175.645	0.520643
175.693	0.521399
175.742	0.514597
175.79	0.520437
175.839	0.514921
175.887	0.523721
175.935	0.516652
175.984	0.521419
176.033	0.511307
176.081	0.521857
176.129	0.525722
176.177	0.516523
176.225	0.523372
176.274	0.514424
176.323	0.519076
176.372	0.512346
176.42	0.525929
176.468	0.521892
176.517	0.517586
176.565	0.521913
176.613	0.525087
176.662	0.514492
176.711	0.522236
176.759	0.520702
176.808	0.515542
176.856	0.525192
176.905	0.515007
176.953	0.530031
177.002	0.519009
177.051	0.519247
177.099	0.525731
177.148	0.51932
177.197	0.516698
177.245	0.531555
177.293	0.52339
177.342	0.524553
177.39	0.520189
177.439	0.518804
177.488	0.524445
177.537	0.521242
177.585	0.523787
177.634	0.523252
177.683	0.519308
177.731	0.532641
177.78	0.518594
177.829	0.524161
177.877	0.53007
177.925	0.524083
177.974	0.521467
178.023	0.522962
178.071	0.5285
178.12	0.520871
178.169	0.526909
178.218	0.526078
178.266	0.528586
178.315	0.523847
178.364	0.520367
178.413	0.533046
178.462	0.522822
178.51	0.530873
178.559	0.524688
178.608	0.528233
178.657	0.527856
178.705	0.533042
178.754	0.519077
178.803	0.530781
178.852	0.525063
178.9	0.535844
178.949	0.52288
178.998	0.530817
179.047	0.527883
179.095	0.534946
179.145	0.524099
179.193	0.530732
179.242	0.534474
179.291	0.528583
179.34	0.524553
179.389	0.530727
179.437	0.535683
179.486	0.527607
179.535	0.530272
179.583	0.535306
179.632	0.527867
179.68	0.546119
179.729	0.529195
179.778	0.535006
179.827	0.526989
179.876	0.536099
179.925	0.528501
179.973	0.538479
180.022	0.533706
180.071	0.532467
180.12	0.530324
180.168	0.538161
180.218	0.529098
180.266	0.537395
180.315	0.534262
180.364	0.531375
180.413	0.537885
180.461	0.540554
180.51	0.537445
180.559	0.534658
180.608	0.532808
180.656	0.537788
180.705	0.539547
180.753	0.536094
180.802	0.535469
180.851	0.53231
180.9	0.53506
180.949	0.53908
180.997	0.539683
181.046	0.542854
181.095	0.530511
181.144	0.539624
181.193	0.537311
181.242	0.53682
181.291	0.535792
181.339	0.541846
181.388	0.537366
181.437	0.541642
181.486	0.536169
181.535	0.536779
181.584	0.539177
181.633	0.536768
181.681	0.538278
181.731	0.536296
181.779	0.548026
181.828	0.535919
181.877	0.539161
181.926	0.53449
181.974	0.543157
182.023	0.540976
182.073	0.534891
182.121	0.542499
182.17	0.541189
182.219	0.542039
182.268	0.540468
182.316	0.540406
182.365	0.54132
182.414	0.537811
182.463	0.545477
182.512	0.543961
182.561	0.535116
182.61	0.543968
182.658	0.546915
182.707	0.543603
182.757	0.534571
182.805	0.551985
182.854	0.542494
182.903	0.538453
182.951	0.547015
183	0.54121
183.049	0.544542
183.098	0.541974
183.148	0.537944
183.196	0.548325
183.244	0.54911
183.293	0.543911
183.342	0.541217
183.391	0.546534
183.44	0.540082
183.489	0.545477
183.539	0.53761
183.587	0.551753
183.636	0.540615
183.685	0.546421
183.734	0.544778
183.782	0.548912
183.831	0.543791
183.88	0.547812
183.929	0.538306
183.978	0.550708
184.027	0.546409
184.076	0.545867
184.125	0.545938
184.173	0.549515
184.223	0.54076
184.271	0.554633
184.32	0.539278
184.369	0.553337
184.417	0.552224
184.466	0.544342
184.515	0.548382
184.564	0.548305
184.613	0.543307
184.662	0.54845
184.711	0.546764
184.76	0.554005
184.809	0.547605
184.858	0.547487
184.906	0.550811
184.955	0.547272
185.005	0.541687
185.054	0.549396
185.102	0.551766
185.151	0.552237
185.2	0.545856
185.249	0.555688
185.298	0.548136
185.347	0.546067
185.396	0.549235
185.445	0.550662
185.494	0.545212
185.543	0.55199
185.592	0.548838
185.64	0.556874
185.69	0.539019
185.738	0.558726
185.788	0.543421
185.836	0.554839
185.885	0.551002
185.933	0.556399
185.983	0.549923
186.032	0.543575
186.08	0.558757
186.13	0.543668
186.179	0.555532
186.227	0.550098
186.276	0.551737
186.326	0.546529
186.374	0.554992
186.423	0.558944
186.472	0.55075
186.521	0.543554
186.57	0.560049
186.618	0.554426
186.668	0.551534
186.716	0.557502
186.765	0.553064
186.814	0.556368
186.863	0.553212
186.911	0.555547
186.961	0.551839
187.009	0.556788
187.058	0.553302
187.107	0.558916
187.155	0.557242
187.205	0.552293
187.253	0.556939
187.302	0.558523
187.351	0.559725
187.4	0.556804
187.448	0.555904
187.497	0.562503
187.546	0.551102
187.595	0.558227
187.644	0.557601
187.692	0.56059
187.741	0.557363
187.79	0.557336
187.839	0.557959
187.887	0.562553
187.936	0.556046
187.985	0.556344
188.034	0.564997
188.083	0.546345
188.133	0.554733
188.181	0.560223
188.23	0.562957
188.278	0.560859
188.328	0.55061
188.376	0.561495
188.425	0.555874
188.474	0.557708
188.523	0.557931
188.572	0.563108
188.621	0.551865
188.67	0.566471
188.719	0.55886
188.768	0.557431
188.817	0.558196
188.865	0.561329
188.914	0.560203
188.963	0.559645
189.013	0.554039
189.061	0.565105
189.11	0.560079
189.16	0.552183
189.208	0.569177
189.257	0.557579
189.306	0.561462
189.355	0.561995
189.404	0.566677
189.452	0.564969
189.502	0.555969
189.55	0.563598
189.6	0.56005
189.649	0.561177
189.697	0.565146
189.746	0.562289
189.796	0.560055
189.844	0.566386
189.893	0.565948
189.942	0.56125
189.991	0.564821
190.04	0.566159
190.088	0.565188
190.138	0.559303
190.187	0.567411
190.236	0.561433
190.284	0.57317
190.333	0.56373
190.382	0.569057
190.431	0.565602
190.48	0.567466
190.528	0.571014
190.577	0.56368
190.626	0.571492
190.675	0.568973
190.724	0.56267
190.772	0.574046
190.822	0.558049
190.87	0.576065
190.919	0.568965
190.968	0.564903
191.017	0.57133
191.065	0.568567
191.114	0.570616
191.163	0.567422
191.212	0.57317
191.261	0.566686
191.309	0.568967
191.358	0.566628
191.407	0.57819
191.456	0.563132
191.505	0.56934
191.554	0.569414
191.602	0.570129
191.651	0.573123
191.699	0.573234
191.749	0.562362
191.797	0.576605
191.846	0.570587
191.895	0.574723
191.943	0.572141
191.992	0.568869
192.041	0.575861
192.09	0.568145
192.138	0.570733
192.187	0.571746
192.236	0.573104
192.285	0.568102
192.333	0.576872
192.382	0.573146
192.43	0.580952
192.479	0.567788
192.528	0.565875
192.577	0.574372
192.626	0.572181
192.674	0.578348
192.723	0.565108
192.773	0.565834
192.821	0.579362
192.87	0.562851
192.918	0.582482
192.967	0.573389
193.016	0.577733
193.065	0.565132
193.114	0.569394
193.163	0.573303
193.211	0.573088
193.26	0.570851
193.309	0.57013
193.358	0.56965
193.407	0.571081
193.456	0.578172
193.505	0.566855
193.554	0.572351
193.603	0.577135
193.652	0.572016
193.7	0.574779
193.749	0.576004
193.798	0.570391
193.847	0.57358
193.896	0.572229
193.945	0.574938
193.994	0.570704
194.043	0.571993
194.093	0.570876
194.141	0.577389
194.19	0.574777
194.239	0.574509
194.288	0.575811
194.337	0.571014
194.387	0.568867
194.435	0.582092
194.485	0.569595
194.533	0.57763
194.582	0.578923
194.632	0.569198
194.68	0.580926
194.729	0.574713
194.779	0.574594
194.828	0.575631
194.877	0.574847
194.926	0.576864
194.975	0.575399
195.024	0.578359
195.073	0.575701
195.122	0.574426
195.171	0.580874
195.22	0.569347
195.27	0.575225
195.318	0.586913
195.367	0.582585
195.416	0.572148
195.465	0.586896
195.514	0.576726
195.564	0.570853
195.612	0.591566
195.661	0.583547
195.71	0.578842
195.759	0.580547
195.807	0.586004
195.857	0.579093
195.905	0.587318
195.954	0.581605
196.003	0.582953
196.053	0.578148
196.101	0.586628
196.149	0.59298
196.198	0.583148
196.248	0.581136
196.297	0.582623
196.345	0.585427
196.394	0.586612
196.443	0.578612
196.492	0.592192
196.541	0.582803
196.589	0.590033
196.638	0.585643
196.687	0.579933
196.736	0.584714
196.785	0.583752
196.834	0.589222
196.883	0.583366
196.932	0.583437
196.981	0.588018
197.03	0.585383
197.079	0.58186
197.128	0.584336
197.176	0.596725
197.225	0.583918
197.274	0.580619
197.323	0.592168
197.372	0.585418
197.421	0.581721
197.47	0.586851
197.519	0.583296
197.568	0.584161
197.617	0.586156
197.665	0.587081
197.715	0.581891
197.764	0.58442
197.813	0.583878
197.862	0.58553
197.911	0.587134
197.96	0.588297
198.009	0.582504
198.057	0.589838
198.106	0.589826
198.155	0.582555
198.204	0.584375
198.253	0.582953
198.302	0.586486
198.351	0.585986
198.401	0.582002
198.449	0.589987
198.498	0.588647
198.546	0.599749
198.596	0.576914
198.645	0.583617
198.694	0.591048
198.743	0.592319
198.792	0.583895
198.841	0.583252
198.89	0.594018
198.939	0.584408
198.988	0.587488
199.037	0.590944
199.087	0.587821
199.136	0.58697
199.185	0.595653
199.234	0.582885
199.283	0.595531
199.332	0.587445
199.381	0.590147
199.43	0.591452
199.479	0.592746
199.528	0.586339
199.578	0.586418
199.627	0.593545
199.676	0.587653
199.725	0.596559
199.774	0.592137
199.823	0.591592
199.872	0.592406
199.921	0.592016
199.97	0.598151
200.019	0.589575
200.069	0.592437
200.118	0.593039
200.167	0.595507
200.216	0.590312
200.265	0.595396
200.314	0.600782
200.363	0.588425
200.413	0.593184
200.461	0.604613
200.51	0.593793
200.56	0.58923
200.609	0.594437
200.658	0.597895
200.707	0.598691
200.756	0.59617
200.805	0.600472
200.854	0.595053
200.903	0.598415
200.952	0.600539
201.002	0.589594
201.05	0.601858
201.099	0.602774
201.148	0.594774
201.197	0.603224
201.246	0.600729
201.295	0.599092
201.344	0.600895
201.393	0.597905
201.442	0.594954
201.491	0.604508
201.54	0.596892
201.589	0.600805
201.638	0.599315
201.687	0.600338
201.736	0.59528
201.785	0.604279
201.835	0.593484
201.883	0.601824
201.932	0.608825
201.981	0.604387
202.03	0.599752
202.078	0.604581
202.128	0.595601
202.177	0.59636
202.226	0.606353
202.274	0.602791
202.324	0.597649
202.372	0.610561
202.421	0.600663
202.47	0.596225
202.519	0.603144
202.568	0.607018
202.617	0.591833
202.666	0.604598
202.716	0.58964
202.764	0.60721
202.813	0.595998
202.862	0.603642
202.911	0.599431
202.96	0.599781
203.009	0.592457
203.058	0.604188
203.107	0.603441
203.156	0.600856
203.205	0.597212
203.254	0.596748
203.303	0.608962
203.352	0.595105
203.401	0.598578
203.45	0.597397
203.499	0.602313
203.548	0.603725
203.597	0.597054
203.647	0.597965
203.696	0.600862
203.745	0.599008
203.794	0.59804
203.843	0.603531
203.892	0.601481
203.941	0.605694
203.99	0.592646
204.039	0.604952
204.089	0.594287
204.138	0.605173
204.187	0.601711
204.236	0.602991
204.286	0.587787
204.335	0.612531
204.384	0.606771
204.433	0.602974
204.482	0.608025
204.531	0.599438
204.581	0.593804
204.63	0.608867
204.679	0.607318
204.728	0.603559
204.777	0.608424
204.827	0.602692
204.876	0.599205
204.925	0.609993
204.974	0.607219
205.024	0.598817
205.072	0.615775
205.121	0.607824
205.171	0.602895
205.22	0.607958
205.27	0.600924
205.318	0.611772
205.368	0.602561
205.417	0.609543
205.466	0.607085
205.515	0.610782
205.564	0.603591
205.614	0.606918
205.662	0.620563
205.711	0.604526
205.761	0.608135
205.81	0.611865
205.859	0.606705
205.909	0.601622
205.958	0.609414
206.006	0.617824
206.055	0.606117
206.104	0.619146
206.153	0.608772
206.202	0.612453
206.251	0.605658
206.3	0.617341
206.349	0.611587
206.398	0.610923
206.447	0.616385
206.496	0.609256
206.545	0.611612
206.594	0.618249
206.644	0.599054
206.692	0.628719
206.741	0.606438
206.79	0.616153
206.839	0.613301
206.889	0.60566
206.938	0.6149
206.986	0.618056
207.036	0.606982
207.084	0.620967
207.133	0.617154
207.182	0.615224
207.231	0.611319
207.28	0.616938
207.33	0.607415
207.378	0.627033
207.427	0.615454
207.476	0.614561
207.526	0.612102
207.575	0.617302
207.624	0.614973
207.672	0.622749
207.721	0.611473
207.77	0.615251
207.82	0.612783
207.868	0.621759
207.917	0.61471
207.967	0.606289
208.015	0.628414
208.065	0.600469
208.113	0.629256
208.163	0.609828
208.212	0.610141
208.26	0.626686
208.309	0.618298
208.359	0.612797
208.407	0.618332
208.457	0.612413
208.506	0.61501
208.555	0.618528
208.604	0.615135
208.654	0.611192
208.702	0.622542
208.751	0.623654
208.8	0.61609
208.85	0.613209
208.899	0.614405
208.948	0.622113
208.997	0.6121
209.046	0.626979
209.095	0.607242
209.144	0.620011
209.194	0.616564
209.242	0.621923
209.292	0.616389
209.341	0.61835
209.39	0.613254
209.439	0.621031
209.488	0.61768
209.537	0.616446
209.587	0.608174
209.636	0.623385
209.685	0.618521
209.735	0.615137
209.783	0.626426
209.833	0.6122
209.882	0.625993
209.932	0.611552
209.981	0.620973
210.031	0.606612
210.08	0.615751
210.129	0.622016
210.178	0.620739
210.228	0.613089
210.277	0.620025
210.327	0.611642
210.376	0.618495
210.425	0.621827
210.474	0.618587
210.524	0.615075
210.574	0.617058
210.623	0.621966
210.672	0.617508
210.721	0.619803
210.771	0.620933
210.82	0.618886
210.869	0.62193
210.919	0.618763
210.968	0.621688
211.016	0.632468
211.066	0.611849
211.115	0.624231
211.165	0.623079
211.213	0.62973
211.263	0.623684
211.313	0.617883
211.362	0.623702
211.41	0.634941
211.46	0.618471
211.51	0.61876
211.559	0.628115
211.608	0.624763
211.658	0.626009
211.707	0.630467
211.756	0.62354
211.805	0.627686
211.854	0.632121
211.904	0.627841
211.953	0.633014
212.002	0.627752
212.051	0.630384
212.1	0.631498
212.149	0.62705
212.198	0.636119
212.247	0.625754
212.296	0.630072
212.345	0.638685
212.394	0.622424
212.444	0.629435
212.493	0.625451
212.542	0.63229
212.59	0.642051
212.639	0.633275
212.689	0.624982
212.738	0.629194
212.787	0.625693
212.836	0.63636
212.885	0.634487
212.934	0.620607
212.983	0.635706
213.032	0.630109
213.081	0.630679
213.131	0.628169
213.18	0.630804
213.23	0.620719
213.278	0.637064
213.327	0.632672
213.376	0.631486
213.425	0.635009
213.474	0.625565
213.523	0.627539
213.572	0.63281
213.621	0.629894
213.67	0.632346
213.72	0.623238
213.769	0.631249
213.818	0.63162
213.867	0.631043
213.916	0.63628
213.966	0.624278
214.014	0.634068
214.064	0.630904
214.113	0.630534
214.162	0.630498
214.211	0.632712
214.26	0.629598
214.309	0.632503
214.359	0.621609
214.408	0.632261
214.457	0.631648
214.506	0.635574
214.556	0.630894
214.605	0.624944
214.654	0.63857
214.703	0.629091
214.753	0.624755
214.802	0.635238
214.851	0.633009
214.9	0.628712
214.949	0.63573
214.998	0.627286
215.047	0.635581
215.096	0.6385
215.146	0.628649
215.195	0.626067
215.244	0.634936
215.294	0.630543
215.343	0.625985
215.393	0.626846
215.441	0.638224
215.491	0.627845
215.54	0.630085
215.59	0.629091
215.639	0.635089
215.688	0.634365
215.738	0.629022
215.787	0.630086
215.837	0.629651
215.886	0.63035
215.936	0.631093
215.985	0.63189
216.035	0.628712
216.084	0.636969
216.133	0.635659
216.183	0.623696
216.232	0.633909
216.282	0.629596
216.331	0.62565
216.381	0.627263
216.431	0.632008
216.48	0.632581
216.529	0.634312
216.579	0.629404
216.628	0.630749
216.678	0.628251
216.728	0.629482
216.777	0.641777
216.827	0.626208
216.877	0.626307
216.926	0.637527
216.975	0.63541
217.025	0.630301
217.075	0.631003
217.124	0.637946
217.173	0.637643
217.223	0.632474
217.272	0.63909
217.322	0.635178
217.371	0.639215
217.421	0.633093
217.471	0.635413
217.52	0.639175
217.57	0.633004
217.619	0.64218
217.668	0.633072
217.718	0.636072
217.767	0.63591
217.817	0.63738
217.867	0.635053
217.916	0.644234
217.966	0.633007
218.015	0.645868
218.065	0.632542
218.114	0.650616
218.163	0.638129
218.212	0.646138
218.262	0.638786
218.312	0.635953
218.361	0.641392
218.41	0.648205
218.46	0.64021
218.51	0.639289
218.559	0.643915
218.609	0.638784
218.657	0.658984
218.708	0.625423
218.757	0.647326
218.806	0.644323
218.855	0.649142
218.905	0.644419
218.954	0.641327
219.004	0.645918
219.053	0.638917
219.103	0.636949
219.152	0.647129
219.202	0.642863
219.252	0.64453
219.3	0.656067
219.35	0.642679
219.399	0.647448
219.449	0.64367
219.499	0.642135
219.547	0.660437
219.597	0.639039
219.647	0.642768
219.696	0.65295
219.746	0.640748
219.795	0.648205
219.845	0.643138
219.894	0.64616
219.943	0.656657
219.992	0.647983
220.042	0.642703
220.092	0.649598
220.141	0.643069
220.191	0.647891
220.24	0.651488
220.289	0.650696
220.339	0.64462
220.388	0.651447
220.438	0.649463
220.487	0.651412
220.536	0.651425
220.586	0.645311
220.635	0.649231
220.685	0.651687
220.735	0.637784
220.785	0.641232
220.833	0.664142
220.882	0.659653
220.932	0.639738
220.981	0.645996
221.031	0.648034
221.08	0.652671
221.129	0.650075
221.179	0.645357
221.228	0.653852
221.278	0.649732
221.327	0.648843
221.377	0.652662
221.426	0.65557
221.475	0.647701
221.525	0.654893
221.574	0.655641
221.624	0.64769
221.672	0.66239
221.722	0.64706
221.771	0.66246
221.82	0.652607
221.87	0.652591
221.92	0.647184
221.969	0.651423
222.018	0.662075
222.067	0.655737
222.116	0.656258
222.165	0.657436
222.215	0.652817
222.265	0.651119
222.314	0.656178
222.364	0.643314
222.413	0.661805
222.462	0.659004
222.512	0.652269
222.561	0.655343
222.611	0.654934
222.66	0.658296
222.71	0.648096
222.759	0.65546
222.808	0.664106
222.857	0.659471
222.907	0.645295
222.956	0.663551
223.005	0.66281
223.055	0.654342
223.105	0.648679
223.154	0.662163
223.202	0.661679
223.251	0.663329
223.301	0.65466
223.35	0.656002
223.399	0.662144
223.448	0.658038
223.498	0.652878
223.547	0.659123
223.596	0.657643
223.645	0.661001
223.694	0.658588
223.743	0.659504
223.793	0.656529
223.842	0.657932
223.891	0.653936
223.94	0.664806
223.99	0.65355
224.039	0.65698
224.088	0.663991
224.137	0.657291
224.186	0.666671
224.235	0.657345
224.284	0.659729
224.334	0.65463
224.383	0.664209
224.432	0.658901
224.481	0.660011
224.531	0.654418
224.579	0.664916
224.629	0.651933
224.678	0.668895
224.727	0.662748
224.776	0.656537
224.826	0.655031
224.874	0.670982
224.923	0.657928
224.972	0.664346
225.022	0.661971
225.071	0.661126
225.12	0.660975
225.169	0.665884
225.218	0.659645
225.267	0.667527
225.316	0.664759
225.365	0.660402
225.414	0.661135
225.464	0.656173
225.513	0.666826
225.561	0.671272
225.611	0.65755
225.66	0.6674
225.709	0.658249
225.758	0.66601
225.807	0.66613
225.856	0.658609
225.905	0.668404
225.955	0.656143
226.004	0.665575
226.053	0.666879
226.102	0.662455
226.151	0.666685
226.2	0.663783
226.249	0.667032
226.298	0.663325
226.347	0.667521
226.397	0.655718
226.446	0.667718
226.495	0.664018
226.544	0.671742
226.593	0.65739
226.642	0.671885
226.692	0.655555
226.741	0.663065
226.79	0.665651
226.838	0.67571
226.888	0.658227
226.937	0.664608
226.987	0.658796
227.035	0.674322
227.084	0.663989
227.134	0.662847
227.183	0.662721
227.232	0.667284
227.281	0.665962
227.331	0.664333
227.38	0.660514
227.429	0.670003
227.478	0.661731
227.527	0.675266
227.577	0.655355
227.626	0.672483
227.675	0.668648
227.725	0.6564
227.774	0.664269
227.823	0.665347
227.872	0.664984
227.921	0.666298
227.971	0.659716
228.02	0.673483
228.069	0.661575
228.119	0.658012
228.168	0.668663
228.217	0.662791
228.267	0.662127
228.316	0.669315
228.365	0.67109
228.414	0.659841
228.464	0.665481
228.513	0.671623
228.562	0.66184
228.612	0.666354
228.661	0.665569
228.711	0.662684
228.76	0.665118
228.809	0.672768
228.859	0.660502
228.908	0.667162
228.957	0.666329
229.007	0.661716
229.057	0.656939
229.107	0.663488
229.156	0.666143
229.206	0.664067
229.254	0.676995
229.304	0.659125
229.353	0.666731
229.403	0.659774
229.452	0.668329
229.502	0.660058
229.552	0.671328
229.601	0.671966
229.65	0.665948
229.7	0.664238
229.75	0.667888
229.799	0.67046
229.849	0.663797
229.898	0.663931
229.948	0.665999
229.996	0.687097
230.046	0.660857
230.096	0.667055
230.145	0.667828
230.195	0.660059
230.245	0.67301
230.294	0.673057
230.344	0.662292
230.394	0.667303
230.442	0.680438
230.493	0.656387
230.542	0.678763
230.591	0.675167
230.641	0.658232
230.69	0.682399
230.74	0.67072
230.789	0.674504
230.838	0.675163
230.889	0.664536
230.938	0.681342
230.987	0.673976
231.037	0.676675
231.086	0.677034
231.136	0.67397
231.185	0.676578
231.235	0.676791
231.284	0.676304
231.334	0.678354
231.383	0.683457
231.432	0.679132
231.482	0.682226
231.531	0.684232
231.58	0.679326
231.63	0.677854
231.679	0.680769
231.729	0.680704
231.778	0.685553
231.827	0.686701
231.876	0.674593
231.926	0.677409
231.976	0.673295
232.025	0.677663
232.075	0.682773
232.123	0.697538
232.173	0.668882
232.223	0.676201
232.272	0.681018
232.321	0.679059
232.37	0.685453
232.42	0.682091
232.469	0.67387
232.519	0.681314
232.568	0.683371
232.618	0.670155
232.667	0.684062
232.716	0.677887
232.766	0.675596
232.815	0.684763
232.864	0.681372
232.914	0.67847
232.962	0.686094
233.013	0.668484
233.061	0.689169
233.111	0.6802
233.16	0.679973
233.209	0.683988
233.259	0.674366
233.308	0.683425
233.357	0.679248
233.407	0.676896
233.457	0.682057
233.505	0.689939
233.555	0.682359
233.604	0.688109
233.653	0.694377
233.702	0.677472
233.752	0.681794
233.801	0.691407
233.85	0.686614
233.899	0.684788
233.948	0.686765
233.998	0.679451
234.046	0.691684
234.095	0.692819
234.145	0.676285
234.194	0.683273
234.243	0.696958
234.291	0.691925
234.341	0.68289
234.389	0.69421
234.439	0.68322
234.488	0.685166
234.537	0.69078
234.586	0.679215
234.635	0.689843
234.683	0.690084
234.733	0.683809
234.782	0.682427
234.83	0.690124
234.88	0.68036
234.929	0.688054
234.977	0.694808
235.026	0.682074
235.075	0.681851
235.124	0.688937
235.173	0.689092
235.222	0.682957
235.271	0.686825
235.319	0.695577
235.369	0.68273
235.418	0.677624
235.467	0.696565
235.516	0.679533
235.566	0.685068
235.614	0.701084
235.663	0.683388
235.712	0.689669
235.761	0.685511
235.81	0.68628
235.859	0.688952
235.908	0.687336
235.957	0.68976
236.006	0.691716
236.055	0.682013
236.104	0.694785
236.153	0.687302
236.202	0.687685
236.252	0.682457
236.299	0.704551
236.349	0.684453
236.397	0.695446
236.447	0.681675
236.496	0.680883
236.545	0.692007
236.594	0.686213
236.643	0.689009
236.692	0.688698
236.742	0.682814
236.79	0.696418
236.839	0.684957
236.889	0.68669
236.937	0.690525
236.987	0.687379
237.036	0.685114
237.085	0.694183
237.134	0.688387
237.183	0.690505
237.232	0.68441
237.281	0.698274
237.33	0.686312
237.38	0.687737
237.429	0.69345
237.477	0.695022
237.527	0.679928
237.576	0.704299
237.625	0.683612
237.674	0.693506
237.723	0.688277
237.772	0.695764
237.822	0.681397
237.871	0.692493
237.92	0.691817
237.969	0.698566
238.018	0.690252
238.067	0.689594
238.116	0.696761
238.166	0.681121
238.215	0.693944
238.264	0.694148
238.313	0.692603
238.362	0.69413
238.411	0.693688
238.46	0.688171
238.51	0.69064
238.559	0.687839
238.608	0.697513
238.657	0.691179
238.706	0.700344
238.755	0.693115
238.804	0.691341
238.854	0.69077
238.903	0.686836
238.952	0.693493
239.001	0.701004
239.049	0.707289
239.1	0.676832
239.148	0.702506
239.197	0.695306
239.248	0.679458
239.296	0.698947
239.346	0.692316
239.395	0.691366
239.444	0.696821
239.493	0.702825
239.542	0.690045
239.591	0.698028
239.641	0.691242
239.69	0.697093
239.739	0.695551
239.789	0.690217
239.837	0.704952
239.887	0.697832
239.936	0.697292
239.985	0.688148
240.034	0.701338
240.084	0.694352
240.133	0.697666
240.182	0.695106
240.231	0.697109
240.281	0.691487
240.33	0.702131
240.378	0.702839
240.428	0.692204
240.477	0.700565
240.526	0.69135
240.575	0.704612
240.624	0.693683
240.673	0.70145
240.722	0.698089
240.771	0.692434
240.82	0.701557
240.87	0.693458
240.918	0.702346
240.967	0.70016
241.017	0.693881
241.066	0.700754
241.115	0.701551
241.164	0.695796
241.212	0.707014
241.262	0.687822
241.311	0.697599
241.36	0.706076
241.409	0.704308
241.458	0.693624
241.507	0.698773
241.556	0.701307
241.605	0.699808
241.654	0.703159
241.703	0.700962
241.752	0.698415
241.801	0.701843
241.85	0.700099
241.9	0.697721
241.948	0.712872
241.997	0.694472
242.046	0.702789
242.096	0.698258
242.145	0.69942
242.194	0.704855
242.243	0.705633
242.292	0.701701
242.341	0.70603
242.39	0.704307
242.439	0.705691
242.488	0.704365
242.536	0.710434
242.586	0.697025
242.635	0.701596
242.684	0.698204
242.732	0.714017
242.781	0.707329
242.83	0.702643
242.88	0.699533
242.929	0.702089
242.978	0.700315
243.027	0.706851
243.076	0.703335
243.125	0.702271
243.174	0.701291
243.223	0.701123
243.272	0.704405
243.321	0.700291
243.37	0.700329
243.42	0.693773
243.469	0.70511
243.517	0.709744
243.566	0.697485
243.615	0.702057
243.664	0.703811
243.713	0.704805
243.763	0.690501
243.812	0.710139
243.86	0.707899
243.91	0.695217
243.959	0.705022
244.008	0.698021
244.057	0.705547
244.106	0.702542
244.155	0.705561
244.204	0.704783
244.253	0.708338
244.302	0.705317
244.35	0.716214
244.399	0.698641
244.449	0.700929
244.498	0.705667
244.547	0.701827
244.596	0.709818
244.644	0.717627
244.693	0.699716
244.742	0.717828
244.792	0.693962
244.84	0.720518
244.889	0.706041
244.938	0.701975
244.987	0.710282
245.036	0.704603
245.085	0.712756
245.134	0.710507
245.183	0.706679
245.232	0.702332
245.281	0.714381
245.329	0.716363
245.378	0.714295
245.426	0.71818
245.475	0.705665
245.524	0.712283
245.573	0.718087
245.621	0.719605
245.671	0.702627
245.719	0.724166
245.767	0.713252
245.816	0.711802
245.866	0.705132
245.914	0.712036
245.963	0.717246
246.011	0.723472
246.06	0.708735
246.108	0.712894
246.157	0.708094
246.206	0.713566
246.255	0.706507
246.303	0.724136
246.352	0.708021
246.401	0.71629
246.45	0.709617
246.498	0.715396
246.547	0.70902
246.596	0.712564
246.644	0.715719
246.693	0.714575
246.742	0.704345
246.791	0.712672
246.84	0.709549
246.888	0.721226
246.937	0.706547
246.986	0.719726
247.034	0.714823
247.083	0.704408
247.132	0.717207
247.181	0.707348
247.229	0.729078
247.278	0.712253
247.327	0.706623
247.376	0.710675
247.425	0.713489
247.474	0.705762
247.522	0.723584
247.572	0.70744
247.62	0.713158
247.669	0.712644
247.719	0.704721
247.767	0.720981
247.816	0.714167
247.864	0.723727
247.913	0.712609
247.962	0.714181
248.011	0.711542
248.06	0.710593
248.109	0.715149
248.159	0.696859
248.208	0.711436
248.256	0.72697
248.305	0.706962
248.354	0.704314
248.403	0.714856
248.452	0.711409
248.501	0.71722
248.55	0.717198
248.599	0.710746
248.648	0.708025
248.697	0.709534
248.746	0.723109
248.795	0.70534
248.844	0.714544
248.893	0.716081
248.942	0.709445
248.991	0.712453
249.04	0.713196
249.09	0.702777
249.138	0.729562
249.187	0.708183
249.236	0.71672
249.285	0.713712
249.334	0.714674
249.383	0.713702
249.432	0.71816
249.481	0.710428
249.53	0.71725
249.579	0.717395
249.628	0.72023
249.677	0.717871
249.726	0.719943
249.775	0.71164
249.824	0.716236
249.874	0.712376
249.923	0.718638
249.971	0.726505
250.02	0.720164
250.07	0.706628
250.118	0.729608
250.167	0.72015
250.216	0.714502
250.266	0.714784
250.315	0.722736
250.363	0.722098
250.413	0.712978
250.461	0.725886
250.51	0.731085
250.559	0.716021
250.608	0.714296
250.657	0.718307
250.706	0.720841
250.755	0.725793
250.804	0.717619
250.853	0.72021
250.902	0.710702
250.951	0.722212
251	0.729161
251.049	0.716642
251.099	0.712643
251.148	0.716854
251.196	0.729855
251.246	0.710875
251.294	0.731883
251.343	0.715023
251.393	0.705584
251.442	0.727068
251.491	0.718205
251.54	0.724504
251.589	0.71794
251.638	0.721645
251.687	0.727762
251.736	0.712505
251.786	0.718634
251.834	0.726486
251.884	0.716667
251.933	0.71821
251.982	0.720589
252.031	0.726685
252.08	0.72299
252.129	0.724476
252.178	0.714619
252.227	0.729784
252.277	0.715839
252.326	0.726391
252.374	0.727755
252.424	0.71334
252.473	0.720998
252.522	0.723208
252.572	0.718777
252.62	0.727875
252.67	0.716667
252.719	0.721347
252.769	0.721973
252.818	0.72543
252.867	0.722991
252.916	0.720689
252.965	0.722827
253.014	0.731075
253.064	0.718117
253.113	0.723537
253.162	0.72655
253.211	0.722065
253.261	0.71834
253.31	0.731294
253.359	0.721517
253.408	0.730709
253.458	0.718267
253.507	0.733476
253.556	0.728622
253.605	0.72571
253.654	0.730572
253.704	0.718566
253.753	0.732477
253.802	0.725674
253.851	0.730182
253.9	0.728895
253.95	0.724107
253.999	0.729583
254.048	0.731144
254.097	0.732261
254.147	0.727973
254.195	0.740019
254.244	0.730421
254.294	0.728172
254.342	0.735479
254.392	0.731943
254.441	0.731321
254.49	0.73072
254.539	0.727917
254.588	0.734749
254.637	0.732297
254.687	0.719594
254.736	0.742695
254.785	0.733438
254.834	0.736023
254.883	0.733743
254.932	0.729647
254.981	0.736382
255.03	0.729922
255.079	0.739269
255.128	0.727907
255.177	0.734935
255.226	0.738161
255.275	0.734069
255.324	0.733838
255.373	0.735715
255.422	0.729488
255.472	0.728239
255.521	0.739838
255.569	0.743657
255.618	0.728731
255.667	0.738639
255.716	0.733531
255.766	0.726683
255.814	0.739717
255.863	0.734737
255.912	0.736371
255.961	0.736703
256.011	0.724845
256.06	0.737848
256.108	0.740616
256.158	0.721129
256.207	0.738531
256.255	0.74181
256.305	0.730211
256.354	0.724081
256.403	0.731794
256.452	0.743501
256.501	0.731356
256.55	0.732622
256.599	0.73422
256.649	0.728348
256.698	0.733924
256.746	0.737598
256.796	0.730344
256.845	0.73269
256.894	0.740549
256.944	0.720286
256.992	0.735259
257.042	0.730593
257.09	0.743689
257.139	0.736267
257.189	0.725301
257.238	0.739361
257.287	0.726269
257.336	0.733528
257.386	0.73141
257.434	0.738589
257.484	0.723567
257.533	0.74278
257.582	0.737872
257.631	0.734483
257.68	0.732506
257.73	0.71883
257.78	0.729296
257.828	0.743832
257.877	0.736634
257.927	0.725634
257.976	0.742223
258.024	0.740477
258.074	0.727833
258.124	0.732185
258.173	0.734582
258.222	0.730991
258.271	0.743941
258.32	0.736127
258.369	0.739928
258.419	0.72572
258.468	0.746444
258.517	0.739046
258.566	0.734286
258.615	0.744602
258.664	0.736772
258.713	0.742861
258.763	0.738347
258.811	0.745173
258.86	0.744201
258.91	0.735013
258.959	0.737614
259.008	0.749431
259.057	0.739313
259.106	0.743518
259.155	0.747978
259.204	0.736507
259.253	0.74662
259.302	0.746583
259.351	0.742466
259.4	0.746574
259.45	0.734215
259.499	0.741588
259.547	0.747372
259.597	0.736688
259.645	0.749073
259.695	0.735777
259.743	0.752904
259.792	0.73773
259.842	0.735134
259.891	0.742542
259.94	0.741452
259.989	0.751782
260.037	0.748364
260.087	0.733926
260.137	0.734737
260.185	0.751614
260.235	0.734623
260.283	0.745624
260.332	0.744318
260.381	0.741093
260.431	0.74188
260.48	0.734793
260.529	0.751749
260.578	0.74212
260.627	0.745524
260.677	0.729902
260.725	0.751733
260.775	0.736473
260.824	0.742207
260.873	0.738758
260.922	0.747053
260.972	0.724837
261.021	0.7431
261.07	0.747419
261.119	0.742918
261.168	0.750037
261.217	0.732911
261.266	0.749191
261.315	0.741349
261.365	0.73938
261.415	0.72906
261.463	0.748785
261.513	0.739725
261.562	0.740794
261.611	0.74365
261.66	0.74037
261.709	0.749578
261.759	0.7262
261.808	0.750207
261.858	0.733835
261.907	0.749988
261.957	0.73346
262.005	0.749884
262.054	0.746401
262.104	0.736676
262.153	0.743346
262.203	0.741333
262.251	0.751886
262.302	0.724021
262.35	0.75593
262.4	0.741002
262.449	0.746333
262.498	0.753208
262.548	0.731558
262.597	0.748998
262.646	0.741333
262.696	0.743269
262.745	0.749303
262.794	0.744027
262.843	0.741522
262.892	0.756293
262.941	0.744805
262.991	0.737248
263.04	0.754025
263.09	0.740003
263.14	0.73877
263.188	0.752384
263.238	0.747792
263.286	0.75333
263.336	0.745382
263.385	0.754724
263.434	0.74507
263.484	0.744386
263.532	0.754758
263.582	0.747202
263.631	0.749091
263.681	0.735878
263.73	0.750622
263.78	0.742239
263.829	0.756224
263.879	0.740329
263.927	0.755898
263.976	0.758169
264.025	0.7504
264.075	0.745214
264.124	0.757779
264.174	0.740344
264.222	0.757398
264.272	0.746053
264.321	0.750027
264.37	0.756891
264.42	0.748042
264.468	0.762576
264.518	0.740517
264.567	0.75648
264.617	0.740939
264.665	0.764516
264.714	0.754156
264.764	0.752197
264.813	0.748301
264.862	0.751335
264.911	0.758733
264.961	0.743533
265.01	0.754209
265.059	0.75284
265.109	0.751704
265.158	0.752043
265.207	0.751416
265.256	0.753496
265.306	0.747906
265.354	0.765167
265.404	0.744307
265.453	0.758701
265.502	0.744317
265.551	0.763913
265.6	0.751528
265.649	0.753941
265.699	0.748463
265.748	0.753434
265.798	0.744755
265.847	0.752953
265.895	0.764358
265.945	0.744784
265.993	0.768479
266.043	0.739021
266.092	0.761179
266.142	0.748866
266.191	0.74675
266.24	0.752963
266.29	0.749742
266.339	0.757404
266.388	0.757701
266.437	0.746924
266.487	0.745209
266.536	0.762371
266.585	0.750767
266.634	0.762955
266.683	0.752857
266.732	0.762973
266.781	0.751205
266.832	0.740245
266.88	0.76016
266.93	0.754725
266.979	0.752528
267.028	0.751093
267.077	0.760239
267.127	0.748945
267.176	0.764653
267.226	0.744065
267.274	0.764152
267.324	0.748093
267.373	0.756768
267.423	0.754105
267.472	0.754364
267.522	0.746696
267.571	0.760979
267.62	0.758981
267.669	0.756378
267.719	0.748941
267.768	0.76077
267.816	0.762718
267.866	0.759463
267.915	0.759049
267.964	0.752712
268.013	0.770189
268.062	0.750763
268.111	0.764677
268.161	0.755477
268.21	0.752168
268.259	0.766061
268.308	0.760559
268.357	0.760842
268.406	0.760577
268.455	0.764657
268.504	0.756283
268.553	0.770923
268.602	0.758319
268.651	0.759956
268.701	0.760481
268.75	0.759793
268.799	0.762925
268.848	0.757372
268.897	0.762482
268.946	0.769929
268.995	0.757794
269.044	0.768027
269.094	0.753492
269.142	0.776467
269.191	0.761777
269.24	0.762805
269.289	0.759424
269.338	0.765085
269.387	0.76102
269.436	0.761193
269.485	0.764938
269.535	0.754206
269.584	0.759515
269.634	0.755327
269.682	0.778174
269.732	0.752209
269.781	0.767089
269.829	0.766153
269.879	0.760984
269.928	0.764823
269.976	0.769019
270.026	0.756131
270.075	0.763245
270.124	0.762083
270.173	0.766968
270.222	0.761395
270.271	0.761519
270.321	0.755455
270.37	0.765667
270.419	0.760685
270.468	0.758705
270.517	0.769411
270.567	0.752001
270.616	0.760185
270.665	0.760441
270.714	0.766795
270.763	0.760693
270.812	0.763777
270.862	0.758563
270.911	0.755235
270.96	0.768905
271.01	0.756313
271.059	0.764202
271.108	0.76491
271.157	0.762634
271.206	0.773209
271.255	0.759936
271.305	0.758655
271.354	0.763244
271.403	0.761737
271.453	0.759417
271.502	0.760208
271.551	0.766705
271.6	0.759852
271.65	0.759059
271.699	0.766372
271.748	0.775967
271.797	0.760158
271.847	0.756301
271.896	0.768723
271.945	0.762234
271.994	0.766956
272.044	0.750864
272.093	0.764563
272.142	0.783594
272.192	0.751321
272.241	0.771086
272.29	0.762626
272.339	0.764295
272.388	0.77032
272.438	0.756258
272.487	0.773518
272.536	0.772547
272.585	0.76545
272.635	0.761357
272.683	0.777047
272.734	0.749736
272.782	0.777543
272.831	0.7708
272.881	0.766922
272.93	0.768167
272.979	0.776381
273.028	0.76792
273.077	0.770702
273.126	0.769589
273.175	0.77434
273.224	0.765033
273.274	0.766347
273.323	0.773961
273.372	0.768911
273.421	0.768785
273.47	0.766736
273.519	0.774773
273.568	0.781522
273.617	0.774721
273.666	0.769496
273.715	0.772944
273.764	0.772752
273.814	0.764685
273.863	0.777213
273.912	0.774342
273.961	0.764016
274.01	0.784133
274.059	0.761099
274.108	0.783617
274.157	0.775369
274.206	0.771491
274.255	0.773864
274.304	0.780849
274.353	0.76936
274.402	0.775319
274.451	0.777532
274.5	0.775943
274.549	0.77085
274.598	0.781685
274.648	0.766465
274.697	0.77787
274.746	0.77697
274.794	0.778272
274.844	0.769931
274.893	0.769202
274.942	0.776355
274.991	0.772968
275.04	0.784579
275.089	0.766828
275.138	0.775964
275.187	0.777717
275.237	0.767333
275.286	0.781187
275.335	0.768432
275.384	0.77541
275.433	0.772929
275.483	0.77262
275.532	0.778014
275.581	0.773855
275.63	0.775161
275.679	0.778876
275.728	0.774419
275.776	0.785246
275.826	0.765207
275.876	0.767803
275.924	0.783976
275.974	0.771674
276.023	0.776188
276.072	0.768922
276.121	0.777441
276.17	0.782041
276.22	0.762485
276.269	0.775307
276.318	0.781174
276.368	0.767932
276.416	0.791663
276.465	0.769655
276.515	0.766161
276.564	0.774343
276.613	0.776017
276.663	0.77519
276.711	0.785134
276.761	0.767973
276.81	0.773501
276.86	0.774138
276.908	0.780219
276.958	0.767428
277.007	0.774844
277.057	0.772169
277.106	0.77872
277.155	0.776545
277.204	0.781283
277.254	0.771376
277.303	0.768352
277.353	0.77476
277.402	0.77806
277.45	0.786657
277.5	0.770744
277.549	0.776718
277.598	0.780437
277.648	0.769053
277.698	0.772882
277.747	0.781096
277.796	0.778324
277.846	0.765216
277.895	0.779386
277.944	0.780349
277.993	0.779286
278.042	0.78423
278.092	0.773928
278.141	0.779945
278.19	0.782912
278.24	0.769234
278.288	0.790784
278.337	0.780442
278.386	0.781157
278.435	0.783776
278.485	0.770279
278.534	0.782875
278.584	0.775982
278.633	0.779457
278.682	0.792028
278.731	0.781725
278.78	0.779359
278.83	0.777474
278.879	0.783565
278.928	0.782688
278.977	0.783334
279.026	0.777431
279.075	0.788437
279.125	0.780465
279.174	0.777645
279.223	0.778712
279.273	0.781214
279.322	0.780987
279.371	0.782549
279.42	0.78976
279.47	0.775705
279.519	0.784363
279.568	0.777069
279.617	0.796134
279.667	0.77438
279.716	0.780777
279.765	0.789254
279.814	0.784377
279.864	0.782017
279.913	0.777744
279.962	0.788051
280.012	0.780665
280.061	0.781565
280.11	0.785168
280.16	0.784407
280.209	0.782835
280.259	0.771991
280.308	0.794108
280.357	0.778763
280.407	0.781833
280.457	0.771435
280.506	0.792455
280.555	0.782747
280.604	0.784316
280.654	0.785163
280.702	0.79273
280.752	0.781461
280.802	0.773005
280.851	0.793641
280.901	0.772575
280.95	0.789604
280.999	0.781725
281.049	0.775115
281.098	0.787505
281.147	0.786954
281.197	0.783303
281.247	0.775787
281.296	0.789263
281.346	0.770568
281.395	0.799099
281.444	0.781813
281.494	0.782136
281.543	0.791078
281.592	0.786639
281.642	0.786256
281.691	0.778574
281.74	0.798881
281.79	0.777297
281.839	0.798003
281.889	0.773197
281.938	0.790128
281.987	0.79293
282.036	0.793225
282.085	0.787478
282.135	0.789595
282.185	0.779841
282.234	0.791014
282.283	0.784045
282.333	0.78902
282.382	0.781311
282.431	0.797241
282.481	0.780115
282.529	0.802407
282.579	0.782895
282.628	0.795916
282.678	0.788319
282.727	0.794596
282.776	0.793024
282.824	0.806489
282.873	0.789862
282.923	0.780012
282.972	0.802273
283.021	0.787429
283.071	0.787758
283.12	0.787812
283.17	0.785234
283.219	0.794608
283.267	0.806747
283.316	0.798051
283.366	0.781845
283.415	0.804647
283.464	0.785903
283.514	0.783062
283.563	0.799761
283.612	0.795326
283.662	0.784517
283.711	0.787261
283.76	0.794616
283.809	0.798484
283.858	0.801087
283.908	0.78747
283.957	0.799529
284.006	0.784553
284.055	0.800106
284.105	0.782063
284.154	0.79996
284.203	0.79413
284.253	0.79109
284.302	0.787965
284.351	0.795405
284.4	0.797156
284.449	0.800944
284.499	0.789585
284.548	0.798636
284.597	0.795716
284.647	0.784921
284.696	0.792909
284.745	0.794213
284.795	0.791937
284.844	0.798213
284.893	0.792967
284.942	0.797915
284.992	0.791317
285.041	0.795731