86.004584	0.195575931
86.02265	0.199771261
86.040259	0.214487848
86.05831	0.221912576
86.075842	0.238242372
86.094351	0.229622312
86.112433	0.231700037
86.130881	0.222996837
86.149695	0.218063823
86.16857	0.217789879
86.186957	0.219503222
86.205695	0.210094793
86.224661	0.207192466
86.244818	0.197669448
86.263953	0.216428926
86.283606	0.220594339
86.303275	0.227408888
86.322699	0.235328065
86.34223	0.24142359
86.362143	0.242333485
86.382193	0.241552359
86.401984	0.239521494
86.422339	0.221277282
86.442694	0.21314129
86.462592	0.215187174
86.483557	0.208173091
86.504096	0.220732692
86.524786	0.226890625
86.545813	0.229200926
86.567099	0.229384694
86.588263	0.233040486
86.609061	0.238930956
86.630454	0.233746326
86.651938	0.235176329
86.673468	0.240835064
86.695196	0.237368655
86.716589	0.233268235
86.738287	0.223044492
86.760275	0.217856701
86.782599	0.220597309
86.804587	0.232184633
86.826834	0.236376108
86.849615	0.235790445
86.871893	0.242474066
86.894171	0.243123376
86.917029	0.237471684
86.939352	0.24376827
86.962347	0.237225754
86.985586	0.234945968
87.008597	0.235374987
87.031607	0.233447187
87.054724	0.228653929
87.078543	0.224796404
87.101462	0.239019628
87.125235	0.235297387
87.148673	0.240553199
87.172125	0.242118112
87.196005	0.237996043
87.220221	0.235352548
87.244284	0.238169758
87.26853	0.235355071
87.292578	0.234832827
87.316977	0.232381596
87.34136	0.235029939
87.366248	0.23174343
87.390723	0.238386989
87.414999	0.243527035
87.440161	0.237445536
87.465109	0.240501881
87.48931	0.249142765
87.514868	0.236519594
87.539618	0.24554674
87.563971	0.250300298
87.589667	0.23616717
87.615958	0.226952001
87.641028	0.237669543
87.666602	0.235884503
87.692389	0.237624035
87.718298	0.239225605
87.743597	0.250627285
87.770453	0.238640552
87.796423	0.245737277
87.822363	0.245408236
87.848547	0.243848354
87.874808	0.243737419
87.901343	0.242259453
87.927451	0.246201671
87.953955	0.238785553
87.981192	0.230289585
88.007498	0.239672832
88.034064	0.24069358
88.060996	0.240255182
88.087683	0.246573506
88.114996	0.245774792
88.14231	0.247756646
88.169379	0.248479105
88.196616	0.246431259
88.223853	0.246496423
88.251669	0.241899507
88.279242	0.244897143
88.307455	0.239866269
88.334402	0.249424175
88.362158	0.240694676
88.390204	0.238690776
88.417639	0.246811113
88.446158	0.240398896
88.474188	0.246263285
88.502371	0.248890787
88.531088	0.248232872
88.559393	0.252875242
88.587195	0.257565629
88.616125	0.24740679
88.644522	0.252461078
88.672995	0.252606926
88.701941	0.249096521
88.730826	0.247811428
88.759497	0.247041333
88.788428	0.244561231
88.81832	0.2402462
88.846732	0.256092369
88.876059	0.251097321
88.905158	0.252833732
88.934729	0.249107214
88.964102	0.252857512
88.993811	0.252270221
89.023428	0.254535574
89.052573	0.259723854
89.083212	0.248158201
89.112616	0.259786094
89.142279	0.258294902
89.172354	0.255191736
89.202536	0.252842982
89.23255	0.250886789
89.263205	0.248124211
89.292807	0.259820972
89.323431	0.253782083
89.353369	0.261346543
89.38439	0.253563448
89.414542	0.262127334
89.445898	0.253011418
89.476019	0.263851092
89.507163	0.255712132
89.537512	0.258609211
89.568167	0.255452389
89.599051	0.255276947
89.629935	0.257807759
89.661032	0.258443719
89.692175	0.258976341
89.723959	0.254268611
89.754965	0.261462269
89.786475	0.258296916
89.817542	0.262909194
89.848959	0.261225967
89.88082	0.258240552
89.912451	0.260692408
89.943747	0.262493637
89.975531	0.256969627
90.006796	0.261377963
90.038397	0.261011504
90.070563	0.259426471
90.102255	0.263519038
90.13381	0.264626578
90.166022	0.258745372
90.198172	0.259710502
90.230322	0.260183208
90.262747	0.25827831
90.294882	0.261772107
90.32749	0.258442361
90.360098	0.255072399
90.392111	0.256955846
90.42449	0.255434391
90.45751	0.255906062
90.489615	0.269150059
90.522162	0.266822443
90.554968	0.26385872
90.588446	0.257156383
90.621008	0.263438591
90.654196	0.258350557
90.686438	0.266100684
90.720358	0.253317855
90.753012	0.261781183
90.786429	0.253089924
90.819083	0.258114301
90.852118	0.256697523
90.885229	0.260619784
90.918219	0.267333371
90.9522	0.263603276
90.985693	0.268189242
91.018988	0.268667652
91.053534	0.258107791
91.086081	0.273633282
91.119696	0.264714802
91.152716	0.269673603
91.187018	0.257817473
91.220648	0.260583377
91.254691	0.256413209
91.288962	0.255102874
91.322516	0.26418473
91.356696	0.265257879
91.390692	0.270956403
91.424414	0.27343662
91.459036	0.264891611
91.493002	0.269180318
91.527258	0.267112014
91.561301	0.269058625
91.595572	0.267838952
91.629828	0.267408964
91.664633	0.260974585
91.699515	0.258543509
91.733801	0.263117088
91.768423	0.261181326
91.802649	0.269862872
91.837164	0.273236084
91.872244	0.271499497
91.906958	0.274185283
91.941901	0.270221411
91.97695	0.267679872
92.011908	0.26791941
92.046622	0.270032979
92.081976	0.264344246
92.116782	0.266638864
92.152045	0.26196366
92.186911	0.264418666
92.222342	0.260583772
92.257346	0.266327584
92.292502	0.269014927
92.327948	0.270010527
92.363455	0.274513488
92.399085	0.276846418
92.434027	0.283113994
92.470053	0.272269258
92.505423	0.275252166
92.541022	0.270773009
92.576544	0.268368874
92.612189	0.265463525
92.647604	0.266703617
92.683402	0.266665426
92.71955	0.267264257
92.755789	0.26954156
92.790747	0.282094001
92.827078	0.272657654
92.863119	0.277354817
92.89971	0.276744119
92.93566	0.283380621
92.972464	0.274397706
93.00791	0.280267043
93.044043	0.271161206
93.080069	0.270707807
93.116766	0.268587059
93.152838	0.276658863
93.189963	0.271339085
93.225882	0.282460885
93.262869	0.275601368
93.299658	0.278053789
93.336203	0.279631313
93.372931	0.279743963
93.409613	0.280304641
93.446066	0.28074817
93.482581	0.277379661
93.519125	0.274037498
93.556326	0.269368636
93.593115	0.27464618
93.630301	0.27391141
93.667624	0.274145372
93.704367	0.279896044
93.741904	0.274849119
93.778448	0.283508054
93.815588	0.280363788
93.853186	0.277188113
93.889746	0.285456644
93.927008	0.280109726
93.964499	0.278268885
94.001273	0.283176785
94.038534	0.279147893
94.076025	0.278008801
94.113608	0.278773959
94.151343	0.278937162
94.188681	0.283034041
94.226446	0.279811517
94.263846	0.282791744
94.301154	0.283430521
94.338782	0.279429061
94.375876	0.281505749
94.41416	0.272248785
94.451422	0.280491978
94.48934	0.278547312
94.527335	0.280671771
94.564734	0.285678829
94.602606	0.281669447
94.640448	0.281424013
94.678122	0.28297754
94.716376	0.279055368
94.753836	0.285079185
94.792685	0.275420767
94.830588	0.280600578
94.868231	0.280424573
94.906546	0.27613423
94.944678	0.279892617
94.983008	0.281721737
95.021033	0.286529703
95.059592	0.284159124
95.097144	0.291728072
95.13616	0.279348849
95.174246	0.285178356
95.212973	0.279722855
95.250983	0.285044339
95.289648	0.280881477
95.32778	0.283789671
95.365897	0.282185458
95.404837	0.275613522
95.442679	0.284914738
95.482199	0.276650561
95.520468	0.288760998
95.558569	0.291959024
95.597372	0.286987834
95.636938	0.2807122
95.675085	0.288703931
95.714026	0.28146675
95.752905	0.281689628
95.791083	0.286977476
95.830023	0.280939837
95.868933	0.280284624
95.90766	0.281715634
95.946646	0.280558559
95.98522	0.286380598
96.0241	0.28787486
96.063391	0.287802349
96.102103	0.292997501
96.141196	0.288895107
96.180197	0.287871713
96.21984	0.282547702
96.259131	0.284492023
96.297308	0.29207082
96.337683	0.274127549
96.37641	0.284883112
96.415366	0.282857625
96.45484	0.279259622
96.494208	0.283516017
96.533194	0.290560399
96.572775	0.288669234
96.612311	0.289223666
96.651755	0.288668134
96.69126	0.287668379
96.730841	0.286704878
96.770438	0.286580625
96.809561	0.290540425
96.849142	0.286084098
96.889075	0.282225602
96.92887	0.282290259
96.96842	0.285220628
97.008276	0.28557918
97.04772	0.291673134
97.087515	0.291191457
97.126623	0.297449007
97.167212	0.285251399
97.206274	0.294787051
97.246985	0.282451595
97.286841	0.287859244
97.3263	0.289923278
97.366782	0.28096222
97.406317	0.285858033
97.446143	0.283057666
97.486731	0.27923416
97.525946	0.293476245
97.565817	0.292824075
97.606528	0.288621968
97.646796	0.291448424
97.687048	0.289895025
97.727316	0.288782048
97.766928	0.292612599
97.807486	0.285121248
97.847662	0.286365249
97.887869	0.285364218
97.927878	0.286343089
97.967856	0.287779097
98.008871	0.28221157
98.048911	0.292118401
98.089438	0.292219021
98.129629	0.29720762
98.170233	0.295098182
98.21073	0.294324466
98.251364	0.291345792
98.291785	0.291182829
98.331763	0.292555062
98.37261	0.285014769
98.413184	0.286142068
98.453146	0.29125843
98.494421	0.284231162
98.535284	0.289615334
98.576117	0.291497519
98.616446	0.296750648
98.657233	0.296149045
98.697989	0.298356604
98.738776	0.298886746
98.779334	0.29928883
98.819952	0.295317916
98.861166	0.286728933
98.901556	0.289275869
98.942343	0.286114524
98.982916	0.290332834
99.024451	0.286652526
99.065054	0.29554668
99.105795	0.296207872
99.14794	0.287335336
99.188391	0.300383256
99.229819	0.294947666
99.27085	0.299629624
99.311713	0.301273309
99.352911	0.294902796
99.394812	0.285875843
99.435507	0.291958276
99.476599	0.290312445
99.517722	0.292981301
99.558859	0.295330924
99.600653	0.291969791
99.641547	0.299821529
99.682394	0.301758762
99.723944	0.297549179
99.765662	0.298277157
99.807089	0.30180791
99.848441	0.302505523
99.890173	0.29723823
99.931372	0.297400519
99.972296	0.296938801
100.013754	0.293241176
100.055365	0.293759291
100.096716	0.297749247
100.138388	0.297856264
100.180182	0.298797507
100.221121	0.306387491
100.262625	0.302490017
100.304068	0.304021993
100.345862	0.302907036
100.387335	0.304368857
100.429236	0.299584828
100.470572	0.301801155
100.512152	0.298394713
100.553656	0.298770863
100.59574	0.294983234
100.637488	0.298210819
100.67919	0.299702218
100.720602	0.302943172
100.76261	0.299169526
100.804571	0.299943469
100.845633	0.306609494
100.888068	0.296490096
100.929526	0.302771597
100.971884	0.296293424
101.013357	0.302896934
101.054831	0.303624906
101.097327	0.297841127
101.139151	0.302541499
101.180685	0.304059653
101.22251	0.30123864
101.264578	0.299965577
101.307044	0.297700454
101.3487	0.304100128
101.390479	0.302632117
101.432455	0.299924551
101.474432	0.299251459
101.516348	0.300264952
101.558844	0.296127677
101.600455	0.303482336
101.642645	0.301549739
101.684973	0.302404794
101.727087	0.304252002
101.769156	0.303487106
101.811362	0.30185937
101.853628	0.301185983
101.895331	0.305145396
101.938101	0.2964025
101.979712	0.303882754
102.022345	0.295640273
102.064139	0.30126487
102.106604	0.299642641
102.149268	0.30146028
102.191748	0.304652746
102.233939	0.307874339
102.276679	0.304202566
102.319113	0.305695629
102.361731	0.302447321
102.40386	0.304005172
102.446417	0.298063783
102.488592	0.298845259
102.531149	0.295419353
102.574393	0.291450307
102.616431	0.301197699
102.659079	0.298231261
102.701788	0.300701877
102.744086	0.305429647
102.787146	0.301009566
102.829748	0.305060635
102.872458	0.302950068
102.915411	0.297972025
102.957754	0.299512026
103.000098	0.298149759
103.04267	0.296213975
103.08573	0.293234386
103.128653	0.297026348
103.17121	0.302678826
103.214087	0.303618659
103.256827	0.308272266
103.299689	0.309210359
103.342322	0.311439793
103.385092	0.309164822
103.428229	0.303918443
103.470007	0.311915961
103.513159	0.300701233
103.557257	0.29375295
103.599707	0.304889738
103.642691	0.303474497
103.686209	0.303211755
103.728735	0.313869133
103.771002	0.318978859
103.814185	0.313957166
103.857077	0.316481351
103.900259	0.313361001
103.942877	0.313786082
103.98606	0.306265014
104.028738	0.307964246
104.072394	0.300760688
104.115317	0.306205384
104.158286	0.30733982
104.201361	0.309154935
104.244437	0.311469067
104.287314	0.315426803
104.330542	0.314119709
104.373785	0.314305755
104.41712	0.31331697
104.460562	0.312121623
104.503165	0.315478903
104.546713	0.306163328
104.589621	0.309636621
104.633063	0.305967614
104.676062	0.31007131
104.719565	0.308181354
104.762793	0.312493782
104.805869	0.314985282
104.849875	0.310255953
104.892401	0.323570267
104.935309	0.321978373
104.979132	0.314690903
105.022772	0.312377072
105.065894	0.312104063
105.109793	0.304888622
105.152945	0.309664977
105.196097	0.310943125
105.239752	0.309831834
105.283133	0.314207041
105.326285	0.318013555
105.370047	0.314582529
105.413565	0.31845622
105.457449	0.318473402
105.500845	0.322631922
105.544714	0.317247662
105.588034	0.317700585
105.631537	0.313472755
105.675024	0.312630741
105.719168	0.308374614
105.762534	0.315535125
105.806494	0.313267314
105.849875	0.319612284
105.893607	0.318717882
105.937384	0.319017676
105.98107	0.320256841
106.025229	0.319584729
106.068625	0.325978036
106.112357	0.322379207
106.155676	0.322564696
106.199805	0.314074097
106.24314	0.317898564
106.28678	0.315620085
106.33074	0.314398321
106.37493	0.313904884
106.418906	0.316703284
106.462286	0.322388567
106.506033	0.320730243
106.549841	0.322864967
106.594015	0.322021075
106.637259	0.328636028
106.681311	0.321664892
106.724738	0.324971864
106.769019	0.316188811
106.812979	0.31618416
106.856985	0.315856674
106.900748	0.318935958
106.944708	0.319129016
106.988516	0.322098977
107.032752	0.320517259
107.076498	0.324712419
107.120291	0.325889845
107.164298	0.326562668
107.208533	0.325179397
107.252615	0.324058318
107.296652	0.321186013
107.340491	0.320173561
107.384222	0.319900149
107.428732	0.315934037
107.472128	0.326282229
107.517035	0.317329294
107.560858	0.326517783
107.604742	0.326722915
107.649283	0.322107826
107.692847	0.329429956
107.7367	0.330396914
107.780783	0.329913424
107.825568	0.323875628
107.868933	0.332465534
107.913168	0.323747469
107.957144	0.324097556
108.00144	0.321120892
108.04621	0.318718598
108.090155	0.326375159
108.134375	0.325930148
108.178275	0.329525679
108.222525	0.327683616
108.266974	0.327128484
108.311408	0.328405541
108.355643	0.333161325
108.39968	0.335439435
108.444113	0.331573351
108.48873	0.328023984
108.532873	0.329280296
108.577673	0.322829231
108.621375	0.330861787
108.665839	0.326975964
108.710104	0.330097925
108.754202	0.332407811
108.798972	0.327793985
108.843192	0.331882063
108.88761	0.330752287
108.931937	0.333971383
108.976767	0.330451573
109.020895	0.334374644
109.06507	0.331680495
109.109366	0.327859463
109.153952	0.324299849
109.198966	0.321730913
109.243369	0.328369502
109.287741	0.33020867
109.332159	0.331614646
109.376502	0.333666507
109.420523	0.337602258
109.465231	0.334130795
109.50968	0.338497804
109.554755	0.33428724
109.598761	0.340112097
109.643576	0.331836462
109.688208	0.331540009
109.732474	0.33266538
109.777365	0.327219579
109.822195	0.327881589
109.86669	0.332579269
109.911108	0.335494141
109.95571	0.335893864
110.000449	0.335464336
110.044501	0.341061106
110.089392	0.336704677
110.134528	0.337434999
110.178488	0.347810197
110.223639	0.336353658
110.268134	0.336877872
110.31333	0.328101013
110.357748	0.331306465
110.401862	0.332985813
110.446677	0.329126505
110.491385	0.331426263
110.536002	0.333739948
110.581259	0.330468992
110.625235	0.343203146
110.670233	0.33966425
110.715353	0.340750792
110.760092	0.343868858
110.804358	0.343645407
110.849554	0.332235503
110.894354	0.332941732
110.938238	0.339559899
110.983542	0.329683938
111.028708	0.331273094
111.073416	0.335096983
111.118079	0.336653123
111.163306	0.333470598
111.208075	0.338568766
111.253424	0.338206475
111.298163	0.344782059
111.342444	0.346967565
111.387518	0.335911582
111.432608	0.331131288
111.477438	0.331054106
111.522864	0.327011941
111.567786	0.33310875
111.613226	0.332050268
111.657355	0.344132589
111.702185	0.340386321
111.747992	0.333615776
111.792075	0.349450254
111.837958	0.337969863
111.883185	0.342801345
111.928152	0.343870911
111.972937	0.343058662
112.018195	0.336200623
112.062292	0.34283497
112.108023	0.330123385
112.15293	0.336736384
112.197821	0.337359273
112.242804	0.337492222
112.288184	0.335078731
112.333517	0.33549685
112.378455	0.339998531
112.423361	0.341917394
112.467947	0.346848198
112.513815	0.338891544
112.558844	0.34565108
112.603934	0.344071947
112.648917	0.344152539
112.694418	0.339830364
112.73931	0.344505208
112.784644	0.341257668
112.829855	0.340390283
112.87551	0.335585407
112.920447	0.34020383
112.965506	0.33989695
113.01087	0.33962934
113.056204	0.341814841
113.101553	0.34340748
113.146262	0.347573478
113.191534	0.341824503
113.237296	0.337359842
113.2824	0.342490224
113.32717	0.34510355
113.372763	0.339019577
113.418112	0.341337792
113.462912	0.346328912
113.509009	0.336669679
113.554373	0.34240627
113.599234	0.346580035
113.644614	0.343598475
113.689825	0.344708895
113.735602	0.339401169
113.780615	0.344846585
113.825507	0.346466235
113.871817	0.337345546
113.916632	0.350928187
113.961279	0.35389846
114.007056	0.346815921
114.05274	0.349177255
114.097479	0.359105155
114.143668	0.34796971
114.189215	0.350993022
114.234259	0.35117953
114.279334	0.348316284
114.325186	0.341605967
114.370383	0.346459857
114.41593	0.343806543
114.461096	0.347152515
114.506995	0.342349303
114.552329	0.348011522
114.597906	0.349180188
114.643012	0.354807587
114.688788	0.349729558
114.733435	0.356882976
114.779639	0.341163317
114.825186	0.343878878
114.870734	0.343874737
114.916388	0.343953
114.961157	0.352215477
115.007376	0.342040238
115.052451	0.353177045
115.097586	0.354826621
115.143454	0.351424792
115.189185	0.353869945
115.234213	0.359006234
115.279883	0.352799481
115.325339	0.35207468
115.370566	0.350868191
115.41622	0.346586669
115.462027	0.346472058
115.507681	0.348952817
115.55271	0.354716146
115.599005	0.34630221
115.644476	0.353908012
115.68978	0.357043394
115.73548	0.35661891
115.780386	0.363571144
115.826178	0.355742548
115.871527	0.356255396
115.917075	0.351681615
115.962241	0.352810544
116.007803	0.348719579
116.053275	0.349790103
116.099265	0.347325037
116.1453	0.347992293
116.190436	0.355547958
116.23577	0.356267564
116.281668	0.354309982
116.326895	0.361044892
116.372412	0.358636134
116.418402	0.352992887
116.463782	0.355088995
116.509741	0.348531061
116.554831	0.354704445
116.60105	0.346792687
116.64588	0.359119294
116.691855	0.352043992
116.737341	0.3578131
116.782813	0.361935809
116.828604	0.362607798
116.874457	0.363355678
116.920096	0.363759067
116.965338	0.364581759
117.011572	0.355415884
117.057547	0.356585928
117.103232	0.358316004
117.149161	0.356013432
117.194784	0.357593534
117.240851	0.354127013
117.285803	0.363273129
117.332358	0.352766542
117.378424	0.35784338
117.423895	0.363051585
117.469672	0.360345092
117.515524	0.358289329
117.561377	0.35707648
117.607169	0.356878452
117.653357	0.353352045
117.698889	0.359869899
117.744864	0.357713209
117.790854	0.358154688
117.836554	0.361027486
117.882422	0.361533279
117.928244	0.364051302
117.974524	0.361289155
118.020575	0.362613618
118.065863	0.36651123
118.111914	0.357651363
118.1574	0.360464545
118.20339	0.355919194
118.249106	0.35864593
118.295523	0.353444905
118.341528	0.357597131
118.387457	0.360073001
118.43244	0.370472233
118.479117	0.359150045
118.525061	0.365628002
118.570898	0.365325666
118.617438	0.357129397
118.663107	0.361939314
118.709204	0.357931454
118.755118	0.359030208
118.800848	0.361007507
118.846625	0.36203121
118.893042	0.359579456
118.938834	0.366440246
118.985037	0.365176946
119.031363	0.36542955
119.077231	0.369914252
119.123053	0.368561439
119.169241	0.363591043
119.215125	0.364869497
119.260977	0.36383803
119.307455	0.358325633
119.35343	0.361721907
119.399878	0.357917968
119.445258	0.366803919
119.492102	0.356157069
119.537695	0.367898046
119.583777	0.366064075
119.630286	0.364061571
119.676428	0.366694922
119.722342	0.367489762
119.768698	0.363401887
119.814383	0.367816422
119.860434	0.364232613
119.906577	0.363192436
119.952551	0.364072938
119.998816	0.361567898
120.044898	0.363566322
120.090781	0.367538591
120.137213	0.365307737
120.183585	0.367307096
120.229346	0.372383729
120.276007	0.363652551
120.322516	0.363147347
120.368445	0.366124918
120.414526	0.364125241
120.461127	0.360883377
120.507178	0.366926684
120.553702	0.364645198
120.599844	0.369086051
120.645789	0.372366414
120.691794	0.374005582
120.738913	0.366260093
120.784964	0.375709875
120.831305	0.372747564
120.87731	0.373320058
120.923468	0.370593062
120.969809	0.369177231
121.01618	0.369787634
121.062827	0.368972313
121.108862	0.375233936
121.155646	0.369829037
121.201315	0.378848627
121.247992	0.372172143
121.29415	0.377904313
121.339957	0.381167165
121.386786	0.372086248
121.432959	0.375158259
121.479742	0.3684932
121.526404	0.368883419
121.57244	0.374101685
121.61875	0.373021276
121.664603	0.378186487
121.711142	0.374168388
121.75788	0.374713032
121.804144	0.381255898
121.850165	0.384957271
121.897162	0.378580319
121.943243	0.386438442
121.989584	0.382787825
122.036169	0.378450211
122.082846	0.376440674
122.128882	0.381329901
122.175131	0.379568887
122.221869	0.376426902
122.268271	0.38092649
122.314185	0.387356209
122.360525	0.386362665
122.407461	0.382407862
122.453619	0.389441486
122.499945	0.388346706
122.546835	0.383642256
122.592886	0.390238922
122.639533	0.384650068
122.685828	0.387312581
122.731619	0.391303013
122.778723	0.380924812
122.824942	0.389578888
122.871466	0.389767646
122.918143	0.391978594
122.963843	0.402902649
123.010504	0.396124815
123.057089	0.397682367
123.103873	0.395711709
123.149588	0.40375612
123.196661	0.390827209
123.243201	0.394345452
123.28971	0.394308486
123.335715	0.398903151
123.383078	0.387656381
123.428809	0.403094298
123.475668	0.395920885
123.522696	0.396718693
123.569373	0.402114127
123.615897	0.404207874
123.662527	0.402780403
123.70896	0.40416603
123.754981	0.407066474
123.80184	0.400533854
123.848105	0.406791039
123.894873	0.404442254
123.941458	0.408925672
123.987738	0.414923609
124.034659	0.412498198
124.081213	0.417175703
124.127539	0.419245894
124.174048	0.415155802
124.220862	0.409723355
124.2676	0.407570175
124.313666	0.411680276
124.360846	0.401750547
124.407538	0.405508008
124.45336	0.412943797
124.499823	0.408128083
124.546912	0.403696334
124.593253	0.411454141
124.639944	0.408382197
124.686667	0.4078024
124.733527	0.405476224
124.780249	0.405516163
124.826315	0.410396771
124.872916	0.405528841
124.919699	0.403551907
124.966269	0.404226419
125.012625	0.404423861
125.059561	0.398020755
125.106543	0.397645929
125.152472	0.408520943
125.199225	0.403385905
125.245703	0.406720659
125.292822	0.400573463
125.339514	0.40220542
125.385763	0.403988271
125.433096	0.392998278
125.478979	0.404703915
125.525931	0.395504528
125.572943	0.394065348
125.619635	0.395684821
125.665976	0.397834451
125.712714	0.394262932
125.759116	0.397099887
125.805945	0.393568797
125.85195	0.399885502
125.899054	0.389931555
125.945425	0.395988145
125.992453	0.390989596
126.039481	0.391100697
126.086218	0.39396566
126.13204	0.402302974
126.179938	0.385146782
126.225882	0.401614492
126.27265	0.394547743
126.319952	0.388270038
126.366339	0.393382425
126.412894	0.389758062
126.459753	0.386637183
126.506552	0.387814835
126.553625	0.386465683
126.600531	0.388410629
126.646765	0.394555623
126.693808	0.389062185
126.740088	0.396353061
126.786978	0.391557142
126.833792	0.391389993
126.880209	0.39345272
126.9271	0.387571797
126.973822	0.387452744
127.020453	0.387457836
127.067511	0.384304398
127.114203	0.387906716
127.161246	0.386216472
127.207663	0.393437186
127.254126	0.395878052
127.30094	0.394607436
127.348105	0.392362497
127.394583	0.397808128
127.441641	0.391841673
127.487738	0.399054205
127.534491	0.39217612
127.581992	0.384498425
127.62879	0.388983201
127.675253	0.39146595
127.722937	0.381606053
127.76943	0.392284649
127.816168	0.390964306
127.862784	0.393104524
127.90946	0.39350184
127.956503	0.391895401
128.002829	0.399008732
128.049826	0.393462474
128.097006	0.392208598
128.143332	0.399898551
128.190451	0.393593547
128.23699	0.398310467
128.28385	0.396052815
128.330695	0.397084695
128.377982	0.394394243
128.424506	0.401441765
128.47167	0.395945881
128.518179	0.400917947
128.565085	0.396481267
128.612265	0.393047042
128.658575	0.400880611
128.706061	0.390957631
128.752905	0.396156832
128.799795	0.395626012
128.847037	0.391913182
128.893118	0.402996045
128.940161	0.39681409
128.987295	0.397798282
129.034369	0.399229771
129.081793	0.396775749
129.128394	0.404046309
129.17507	0.403374025
129.222617	0.395329138
129.269247	0.402809664
129.316473	0.397334103
129.363516	0.398296606
129.410498	0.398311766
129.457343	0.40108075
129.504584	0.399519257
129.551215	0.406714554
129.599249	0.395871969
129.645316	0.412813225
129.692572	0.401529783
129.739279	0.405079475
129.786887	0.396521466
129.834372	0.396579551
129.881216	0.400770568
129.928519	0.395995046
129.975424	0.39958882
130.022192	0.401667332
130.069037	0.401803473
130.116721	0.396345215
130.163443	0.40660785
130.210242	0.406678871
130.257651	0.401572118
130.305106	0.400889257
130.351248	0.411616693
130.398718	0.398268222
130.445807	0.40002912
130.492453	0.402665313
130.540213	0.393284311
130.587561	0.397335548
130.634619	0.40036242
130.681891	0.399008751
130.729071	0.401240332
130.775595	0.408579857
130.822623	0.405938839
130.870123	0.402908134
130.917151	0.406621953
130.964575	0.402353383
131.011801	0.402793951
131.05863	0.405086104
131.106039	0.399747962
131.153525	0.399791235
131.199866	0.410745101
131.247626	0.399856291
131.294028	0.412307943
131.341528	0.403723648
131.38851	0.409797706
131.435797	0.40838424
131.483252	0.407163123
131.530691	0.406627462
131.577826	0.407203459
131.625433	0.401029508
131.672705	0.40219995
131.718604	0.413549612
131.766623	0.395634786
131.81365	0.404471999
131.86109	0.400941888
131.907477	0.410697451
131.95484	0.402584673
132.002554	0.400453117
132.049628	0.407091098
132.097082	0.404594452
132.144553	0.404637908
132.191733	0.406778862
132.238699	0.407936756
132.286276	0.402217584
132.333411	0.406075209
132.380728	0.405548105
132.42829	0.405326791
132.475241	0.412569892
132.522772	0.409641086
132.569968	0.413973803
132.617224	0.415218626
132.665228	0.410412956
132.711981	0.422447639
132.759619	0.415351482
132.80683	0.418933784
132.853735	0.420093871
132.901053	0.414238052
132.94837	0.412467164
132.995825	0.411700391
133.043295	0.412349639
133.090537	0.415914619
133.137946	0.415699966
133.185141	0.419070639
133.232764	0.417303623
133.280142	0.422048812
133.3272	0.428049543
133.374579	0.426861197
133.421912	0.427360642
133.469473	0.423549826
133.516699	0.423845514
133.563239	0.427519004
133.610876	0.415373475
133.658316	0.416595151
133.705527	0.419562557
133.753546	0.414022092
133.801001	0.419726516
133.847937	0.42529723
133.894934	0.426520686
133.942602	0.422363347
133.990118	0.425042838
134.036856	0.432704574
134.083899	0.428845345
134.131583	0.421880116
134.179053	0.422374978
134.226385	0.422440938
134.273306	0.425432719
134.320914	0.41922181
134.368109	0.423744316
134.415579	0.422384325
134.463019	0.423816389
134.510138	0.427650538
134.557654	0.42567131
134.604163	0.436635896
134.652167	0.425010652
134.699667	0.430445049
134.747122	0.430040211
134.79389	0.434840212
134.841162	0.429110306
134.889059	0.422825142
134.936148	0.429636808
134.983679	0.42568004
135.031043	0.426906915
135.077185	0.438754054
135.12496	0.424991318
135.172308	0.430522147
135.219931	0.42940784
135.267706	0.428968097
135.31481	0.435282017
135.362051	0.434113147
135.409674	0.429804994
135.457281	0.427702035
135.504248	0.431006012
135.551993	0.422722139
135.598944	0.429459554
135.647314	0.416934618
135.695242	0.421439992
135.742316	0.429499177
135.789801	0.426560098
135.837012	0.430574541
135.884848	0.426888935
135.931677	0.438024371
135.978903	0.434571425
136.026633	0.429544515
136.07421	0.430830266
136.120993	0.438550623
136.169135	0.426438073
136.216574	0.432677499
136.2638	0.434127947
136.311331	0.430758043
136.358923	0.430526422
136.40647	0.431411232
136.453711	0.434472184
136.501517	0.430015593
136.548773	0.434615732
136.596274	0.43135634
136.642966	0.438867453
136.690787	0.428866536
136.73815	0.433113683
136.786032	0.428807387
136.833411	0.433817092
136.881064	0.432091586
136.928885	0.430986048
136.976233	0.43497408
137.023749	0.433384569
137.070822	0.437542059
137.118216	0.433926257
137.165427	0.434923318
137.213553	0.42643855
137.261054	0.432412376
137.308203	0.43612648
137.355994	0.430892867
137.40325	0.4369019
137.451117	0.432450184
137.498938	0.43389913
137.546469	0.437599273
137.593573	0.441855562
137.641074	0.43799031
137.689047	0.433364883
137.736121	0.440932976
137.784247	0.430737377
137.831671	0.436730042
137.878912	0.438150846
137.926489	0.434365902
137.973975	0.435766199
138.021613	0.435071111
138.069098	0.437560636
138.116599	0.437916981
138.164191	0.438858561
138.212195	0.436596144
138.259406	0.445103047
138.307501	0.437248293
138.355277	0.440120894
138.403021	0.440978852
138.450522	0.443730082
138.498206	0.442501729
138.545706	0.444249004
138.593283	0.443741028
138.640997	0.442862857
138.688376	0.446358261
138.736731	0.437289753
138.784308	0.443340926
138.832327	0.439100479
138.879019	0.452370979
138.926703	0.444343747
138.974448	0.444591555
139.021887	0.44818962
139.070258	0.43986958
139.117483	0.449961499
139.165549	0.441345025
139.213492	0.441919922
139.260611	0.449493382
139.308295	0.442976308
139.355124	0.449874738
139.403693	0.433641576
139.451331	0.442884772
139.498572	0.448368492
139.546133	0.44683564
139.593741	0.446988915
139.641394	0.447105715
139.688666	0.451113363
139.736807	0.443231327
139.784079	0.451734754
139.831564	0.450047878
139.879309	0.447351284
139.926733	0.450352615
139.974554	0.446593236
140.021948	0.450332236
140.069998	0.44452047
140.117346	0.452168913
140.165335	0.447683035
140.213049	0.451533122
140.260245	0.45745824
140.307898	0.45268029
140.3561	0.446934617
140.403006	0.458322182
140.450934	0.448027848
140.498328	0.452676115
140.546225	0.448520937
140.593771	0.452492803
140.641287	0.453144089
140.688788	0.453531693
140.736533	0.453090068
140.784384	0.453673915
140.83187	0.45814829
140.879614	0.455455762
140.92739	0.454875558
140.974707	0.45875216
141.021796	0.460519434
141.070013	0.449883742
141.117453	0.457184155
141.165045	0.455451282
141.212546	0.455853944
141.260916	0.447813058
141.308829	0.453434143
141.356207	0.459788776
141.403952	0.456880454
141.451682	0.456608019
141.499548	0.455585996
141.546606	0.46362636
141.594305	0.457503856
141.641959	0.458541116
141.690832	0.44708253
141.738226	0.460741828
141.786352	0.453906786
141.833884	0.460642471
141.881247	0.462414243
141.928992	0.45812835
141.976996	0.455128078
142.024634	0.457638866
142.072348	0.45611388
142.120398	0.453548895
142.167716	0.461424648
142.214804	0.464798652
142.263434	0.451331014
142.311057	0.461080433
142.358862	0.459118284
142.406409	0.461155541
142.454947	0.451392517
142.50199	0.464753495
142.55036	0.45120404
142.597968	0.457783712
142.645041	0.462876993
142.692938	0.456629328
142.740637	0.460375783
142.788916	0.45684658
142.837119	0.458674498
142.884634	0.465533528
142.932471	0.462355873
142.97959	0.469110978
143.028021	0.455611587
143.0754	0.465115928
143.123587	0.456815006
143.17124	0.461015498
143.219214	0.457419073
143.266775	0.461098397
143.314841	0.456806425
143.362158	0.464938122
143.410071	0.460932999
143.457754	0.465055373
143.505469	0.465834306
143.55303	0.468042135
143.600989	0.464133912
143.648932	0.464073624
143.696585	0.466608696
143.744788	0.460702421
143.792914	0.460695014
143.840125	0.469111785
143.888296	0.45910355
143.935721	0.466213955
143.983405	0.463728431
144.031287	0.46194961
144.078528	0.469261443
144.126883	0.459940172
144.174963	0.463794603
144.222586	0.468525724
144.270026	0.469529379
144.318686	0.457518003
144.366415	0.466790725
144.414343	0.464679687
144.461905	0.467860401
144.509207	0.46964102
144.557516	0.459575812
144.605505	0.462544885
144.653021	0.467658014
144.701056	0.463615957
144.749228	0.463070724
144.797552	0.462398098
144.844946	0.471515618
144.892722	0.467697947
144.940314	0.469254192
144.988577	0.462980228
145.036536	0.466390502
145.084082	0.470842318
145.132132	0.465702073
145.179778	0.469270888
145.227538	0.467901083
145.27558	0.465165882
145.323866	0.462855268
145.370879	0.474994709
145.41915	0.462895225
145.466627	0.470563967
145.514555	0.466512326
145.56288	0.463541105
145.610533	0.470320967
145.658331	0.469555867
145.706107	0.469959697
145.753737	0.471101451
145.802306	0.461451965
145.850272	0.46732869
145.898688	0.463129014
145.945288	0.481652276
145.993819	0.462766905
146.041693	0.469213396
146.089545	0.469757142
146.13761	0.468047913
146.185614	0.46954183
146.23345	0.472232776
146.281134	0.473584084
146.329329	0.46793143
146.37731	0.46968622
146.425185	0.470614005
146.473021	0.470282286
146.52101	0.468459528
146.568785	0.470350796
146.617201	0.4643532
146.665099	0.46954524
146.712759	0.473103822
146.760641	0.472018656
146.808699	0.470969562
146.855971	0.479660502
146.904929	0.463698367
146.951979	0.483050476
146.99967	0.476531427
147.047842	0.471466272
147.096297	0.468311593
147.143904	0.475740452
147.192282	0.467553457
147.239691	0.477141912
147.28755	0.473174496
147.335204	0.476053857
147.383421	0.471101033
147.431601	0.471975105
147.47975	0.473017148
147.528265	0.470784006
147.576292	0.476574441
147.623633	0.484258011
147.671515	0.478276421
147.719992	0.472055782
147.767462	0.481141491
147.81542	0.476076284
147.864012	0.469948502
147.911833	0.478370836
147.96028	0.472640035
148.008276	0.477534025
148.05593	0.481469092
148.104369	0.474071776
148.152327	0.479732332
148.20056	0.477896168
148.248465	0.481507508
148.296584	0.47937186
148.344206	0.483918192
148.392516	0.476018499
148.440657	0.4768386
148.488501	0.479424439
148.536177	0.481244359
148.584822	0.472354719
148.633177	0.476083189
148.680685	0.485105552
148.728659	0.480782132
148.776671	0.480820728
148.82485	0.480231411
148.872939	0.481758082
148.921393	0.477980914
148.968886	0.487107958
149.017119	0.478294739
149.065619	0.474366167
149.112547	0.489588286
149.161978	0.464383779
149.209227	0.486077118
149.257369	0.478123214
149.30564	0.477835714
149.35356	0.482214923
149.402129	0.476293019
149.450034	0.484342308
149.49771	0.487535213
149.545698	0.484791937
149.594313	0.478697126
149.642584	0.481358666
149.690993	0.47857808
149.738593	0.485031626
149.786711	0.478445836
149.834036	0.486021757
149.882193	0.478217079
149.930693	0.475461977
149.978911	0.478582486
150.027075	0.47994521
150.075064	0.481862539
150.123229	0.481066315
150.170996	0.486163087
150.219809	0.476676303
150.26779	0.485688961
150.315214	0.490055219
150.363593	0.4787148
150.412001	0.476753791
150.459982	0.480187173
150.507376	0.485984749
150.55564	0.477820895
150.603865	0.4785213
150.6519	0.480451478
150.700331	0.477250028
150.74864	0.479429586
150.796759	0.482475765
150.844771	0.484375161
150.892661	0.485352456
150.941107	0.47870121
150.988882	0.483912758
151.037344	0.476330598
151.085158	0.482685386
151.133627	0.476300255
151.181189	0.485436871
151.229399	0.479010502
151.277602	0.48015547
151.325636	0.483184282
151.37403	0.480161587
151.42195	0.485742383
151.470664	0.477912379
151.518156	0.490161024
151.566305	0.483270194
151.614073	0.487320782
151.661772	0.488109681
151.709868	0.484607456
151.758597	0.478061435
151.806616	0.484849743
151.854201	0.489209349
151.902457	0.482521829
151.951209	0.477363069
151.998869	0.487384899
152.047072	0.481769155
152.094977	0.484830676
152.143279	0.480040835
152.191069	0.485206518
152.239607	0.478410709
152.287215	0.487429095
152.335364	0.4818973
152.384131	0.476284975
152.431792	0.487532244
152.479918	0.483353635
152.527937	0.485182403
152.57601	0.484761778
152.624083	0.484692321
152.671759	0.488790731
152.719931	0.48457427
152.76776	0.488063021
152.815703	0.487022116
152.864073	0.482214578
152.912093	0.485975517
152.959998	0.487112502
153.008276	0.483573748
153.056128	0.488302506
153.104445	0.483983769
153.152853	0.482953413
153.200835	0.487481672
153.248663	0.48892304
153.296774	0.486412308
153.344916	0.486927466
153.392737	0.491348642
153.440634	0.491638539
153.489371	0.483554183
153.53707	0.494440991
153.584959	0.493303007
153.632986	0.492900694
153.681624	0.48786078
153.729781	0.492903152
153.778136	0.491501045
153.82569	0.500169692
153.87422	0.490168017
153.922675	0.491138478
153.97058	0.495791038
154.018813	0.493540463
154.067191	0.493167808
154.115553	0.493840639
154.163855	0.494838302
154.211615	0.499700224
154.259825	0.494314352
154.308539	0.488666127
154.356207	0.49895164
154.404059	0.496418058
154.452155	0.49314151
154.500647	0.488531489
154.548949	0.490460748
154.596838	0.494989584
154.645087	0.491913866
154.693556	0.489891636
154.741278	0.497275467
154.789885	0.489064944
154.838148	0.494090776
154.886527	0.493823715
154.934553	0.497548344
154.982672	0.495719922
155.031157	0.491348686
155.079535	0.491636317
155.127654	0.493788511
155.17536	0.497483404
155.223547	0.492529984
155.271758	0.492230724
155.319838	0.493855424
155.368254	0.491315977
155.416403	0.495663793
155.464369	0.500100197
155.5129	0.494895623
155.560675	0.501185405
155.608961	0.49401831
155.657828	0.485921663
155.705306	0.498896258
155.754324	0.483425189
155.801993	0.498264685
155.850142	0.494441805
155.898299	0.49438823
155.946936	0.490321741
155.994978	0.49758722
156.043173	0.497232313
156.091361	0.498015181
156.140112	0.491586233
156.188307	0.496221406
156.236365	0.496369682
156.284628	0.493198285
156.332632	0.495001488
156.380507	0.495729129
156.428847	0.491694865
156.477255	0.492343364
156.524977	0.501182046
156.573813	0.491124267
156.62168	0.502045982
156.669989	0.498035798
156.718092	0.50005332
156.7666	0.495202541
156.815154	0.4940409
156.862975	0.500900015
156.911032	0.49782686
156.959189	0.497101313
157.00746	0.495960647
157.056181	0.491281009
157.104941	0.491619032
157.152922	0.50160269
157.200858	0.503075823
157.248801	0.503660415
157.297163	0.499877338
157.346266	0.492494901
157.394103	0.505800029
157.442236	0.503428424
157.490599	0.500746867
157.538138	0.508488563
157.586836	0.495636543
157.635161	0.499264047
157.683173	0.503497337
157.731528	0.501247006
157.779952	0.50117695
157.828238	0.502672936
157.876318	0.506012786
157.924811	0.502214271
157.973196	0.503600064
158.020277	0.517580764
158.068678	0.503123494
158.117453	0.499707287
158.165823	0.504100929
158.213995	0.505876781
158.262602	0.500832607
158.310706	0.506043972
158.35871	0.507204211
158.406805	0.506843991
158.455283	0.503663679
158.503378	0.508205972
158.55229	0.500560397
158.600333	0.5102481
158.64855	0.509152876
158.696631	0.510513218
158.74475	0.509473327
158.792769	0.510208581
158.840758	0.509844231
158.889349	0.502220494
158.937598	0.504061292
158.98596	0.50239542
159.033949	0.506916382
159.082106	0.506400381
159.131049	0.499763751
159.178717	0.515255637
159.226439	0.516979911
159.274748	0.512034315
159.323332	0.509238566
159.371512	0.513041024
159.419707	0.51180277
159.468466	0.505811261
159.516959	0.507620911
159.564307	0.51806604
159.612181	0.510701682
159.661276	0.496704853
159.709814	0.502276828
159.757613	0.511088751
159.806219	0.504075245
159.854193	0.513095194
159.9028	0.508254294
159.951209	0.510654172
159.999304	0.513743385
160.047461	0.512423387
160.095664	0.510883601
160.143988	0.509276119
160.192786	0.502765939
160.24079	0.510110347
160.289572	0.501521185
160.338126	0.50365553
160.385359	0.51784685
160.434065	0.503076068
160.481863	0.512538119
160.53076	0.502164985
160.579062	0.509089866
160.626753	0.515695647
160.67536	0.505350662
160.723334	0.511858805
160.771696	0.507036599
160.820364	0.503779771
160.868506	0.508871847
160.916808	0.506993068
160.965079	0.506981076
161.013052	0.510887419
161.06185	0.503401769
161.109724	0.51437179
161.158408	0.506672289
161.20632	0.515777635
161.254256	0.516355962
161.30271	0.511555619
161.351248	0.510900691
161.399161	0.517216678
161.447829	0.508691046
161.495909	0.514571137
161.544013	0.513652801
161.59249	0.510008801
161.64044	0.516152686
161.688521	0.515275654
161.736815	0.513897713
161.785162	0.514449237
161.833449	0.515931362
161.882735	0.506174376
161.929823	0.530043102
161.978468	0.513183611
162.026907	0.515096289
162.074995	0.518809671
162.12332	0.516403236
162.171439	0.519022952
162.219672	0.51753381
162.268149	0.515065741
162.316702	0.513558554
162.364897	0.516883315
162.413321	0.513964973
162.461333	0.518024673
162.509489	0.51695155
162.558112	0.51234353
162.605971	0.520284312
162.65444	0.513131673
162.702765	0.514224798
162.750975	0.515588337
162.799551	0.512413807
162.847723	0.518033262
162.895956	0.518337851
162.944533	0.514875028
162.992987	0.516494536
163.041205	0.520291499
163.089453	0.520207792
163.137625	0.52123968
163.185973	0.519659772
163.234984	0.511957812
163.283156	0.521131679
163.331877	0.515971868
163.380209	0.521351439
163.428343	0.524590028
163.476858	0.520910451
163.525336	0.52191007
163.573416	0.526544615
163.622611	0.515618929
163.670073	0.535438102
163.718779	0.521315393
163.767615	0.519835898
163.815466	0.530651566
163.864325	0.518314986
163.912558	0.524231313
163.961539	0.516297224
164.009566	0.527505635
164.057539	0.529850789
164.106238	0.52259897
164.154509	0.527373062
164.202651	0.529223541
164.251387	0.523519425
164.300131	0.524085514
164.348402	0.529119601
164.397047	0.524498315
164.445059	0.531301812
164.493475	0.526537825
164.542464	0.519442846
164.590697	0.52716804
164.638854	0.5282808
164.687163	0.527497623
164.735602	0.526375523
164.784323	0.523609111
164.832327	0.531254476
164.881071	0.523722527
164.929152	0.531053618
164.978194	0.520918365
165.025694	0.537584039
165.074431	0.523845775
165.123045	0.524693581
165.171393	0.527203586
165.219832	0.525802767
165.268477	0.523778618
165.316596	0.530272763
165.365263	0.525273714
165.413702	0.528321426
165.462012	0.530458704
165.510474	0.529368102
165.55908	0.528469407
165.608069	0.524195133
165.6556	0.540131605
165.703909	0.530753044
165.752501	0.527420177
165.801131	0.526846543
165.849707	0.527944896
165.8972	0.540629174
165.946341	0.523345526
165.994856	0.530393561
166.043372	0.530295971
166.091475	0.535450157
166.140028	0.530526555
166.188834	0.527041593
166.237761	0.525584234
166.286017	0.53218285
166.334403	0.530296789
166.382445	0.533926984
166.43157	0.522263171
166.479819	0.532122112
166.528677	0.525570201
166.577002	0.531178051
166.625693	0.527200789
166.67375	0.534611865
166.722098	0.531932839
166.770544	0.530185445
166.819357	0.5260354
166.867705	0.530443532
166.915823	0.5331171
166.964362	0.529180359
167.012976	0.528534185
167.061827	0.526294958
167.109702	0.536962364
167.158766	0.524435
167.20706	0.533055926
167.255011	0.537444293
167.303412	0.532815118
167.35195	0.531119026
167.400671	0.528878883
167.448851	0.535358127
167.49771	0.527534256
167.545805	0.535857287
167.594191	0.532131569
167.643065	0.526624022
167.691832	0.527745825
167.740668	0.527314779
167.788885	0.533918001
167.836699	0.538358733
167.88571	0.526028335
167.934149	0.53166544
167.982138	0.537812516
168.031599	0.521395671
168.079665	0.535806714
168.127989	0.53278147
168.176489	0.5308602
168.225211	0.528607334
168.273688	0.530616191
168.322134	0.530288485
168.370558	0.530520013
168.419218	0.527896393
168.468169	0.524656219
168.516119	0.535675524
168.564925	0.526127666
168.61376	0.526005133
168.661543	0.537902193
168.710135	0.529588929
168.759367	0.523148554
168.806387	0.547563169
168.855162	0.527075217
168.904166	0.523480071
168.952589	0.528784415
169.000952	0.529513833
169.050009	0.522617612
169.09796	0.534780398
169.147246	0.520372559
169.195776	0.528907738
169.243971	0.532916043
169.292166	0.533592052
169.340979	0.527935033
169.389021	0.536624625
169.438254	0.523048252
169.485968	0.53922037
169.535033	0.52373248
169.583449	0.530643645
169.631758	0.532358366
169.680586	0.527491822
169.729292	0.52912922
169.777922	0.530850807
169.826788	0.52928566
169.874678	0.540842943
169.923346	0.532686474
169.971632	0.537121897
170.020316	0.532479278
170.068899	0.533393318
170.117812	0.530007191
170.166197	0.536802174
170.214407	0.538546643
170.262991	0.534106593
170.311202	0.538302157
170.359869	0.533429556
170.408461	0.534277084
170.457518	0.529611906
170.50556	0.541269703
170.554205	0.533803522
170.603156	0.53009748
170.651007	0.541837344
170.699347	0.537160986
170.747877	0.535499792
170.796416	0.53564458
170.844984	0.535240466
170.893118	0.539641257
170.942007	0.531073788
170.990347	0.536518672
171.039282	0.529192668
171.087187	0.538779637
171.136076	0.527183995
171.184821	0.528642153
171.233427	0.530286525
171.28166	0.5351406
171.330191	0.533428369
171.378874	0.533359285
171.426955	0.541864269
171.476012	0.531856882
171.524092	0.543077363
171.57289	0.535937557
171.621611	0.537017716
171.67005	0.539506078
171.71839	0.539703621
171.767073	0.535861219
171.815604	0.53795807
171.864081	0.538638553
171.912299	0.542589634
171.961394	0.534167473
172.009276	0.548923071
172.057844	0.542023561
172.106673	0.539065687
172.155356	0.540578436
172.203711	0.544180576
172.253134	0.531745802
172.300711	0.55190413
172.349753	0.534712632
172.397963	0.543065087
172.447172	0.531315034
172.495245	0.544261985
172.544646	0.530150944
172.593115	0.540781556
172.641249	0.545512732
172.689665	0.543769441
172.738875	0.535464862
172.787138	0.545947206
172.835913	0.540137835
172.884672	0.540336692
172.93373	0.537031449
172.982336	0.541508519
173.030936	0.541102205
173.079413	0.541558667
173.127539	0.545354704
173.17639	0.538369669
173.225264	0.539748018
173.273642	0.546933938
173.322546	0.542451712
173.371191	0.546330491
173.420081	0.543959813
173.468588	0.547934399
173.516775	0.55077729
173.565718	0.541329759
173.614684	0.540619905
173.663046	0.547173834
173.712103	0.539158028
173.760199	0.55055246
173.808897	0.544947507
173.858046	0.541226704
173.905783	0.557856187
173.954367	0.549101981
174.003218	0.546575405
174.051764	0.550329283
174.101073	0.541472066
174.149336	0.552120175
174.198149	0.544833563
174.246207	0.553084152
174.295508	0.539361166
174.344412	0.545014473
174.392737	0.552719108
174.441397	0.550507653
174.489813	0.554771986
174.53887	0.548612117
174.587668	0.552082012
174.636275	0.554593049
174.68495	0.55329957
174.733389	0.555028879
174.782446	0.547409128
174.830534	0.557691625
174.879576	0.547588773
174.92877	0.547261982
174.977416	0.553955051
175.025221	0.563691346
175.073912	0.554493819
175.122969	0.551285148
175.171744	0.554952143
175.220267	0.557608139
175.269339	0.550270958
175.317961	0.554354652
175.366545	0.554343916
175.41461	0.560030316
175.464102	0.544213822
175.512495	0.557227996
175.561323	0.553073442
175.609465	0.561652652
175.658881	0.548321294
175.707594	0.556960354
175.756598	0.554051826
175.805197	0.558338504
175.853819	0.55714126
175.903021	0.549652375
175.951262	0.559969994
176.000227	0.55140501
176.049429	0.548549203
176.097502	0.56190453
176.146689	0.549851345
176.194891	0.562080507
176.243658	0.55654221
176.292342	0.558196036
176.341055	0.557983511
176.38954	0.560191932
176.438742	0.550616214
176.487235	0.55708932
176.53591	0.554000135
176.58409	0.559716093
176.632979	0.552332759
176.682165	0.550175112
176.731528	0.548854059
176.779479	0.565308199
176.828154	0.558111913
176.877119	0.555230316
176.926497	0.550990274
176.974715	0.563783709
177.023299	0.558273655
177.071936	0.555779093
177.12097	0.549911247
177.169707	0.55296511
177.218687	0.550746265
177.266943	0.55993156
177.315962	0.551862774
177.364714	0.555748448
177.412856	0.563537285
177.461348	0.560771497
177.511313	0.545182056
177.559515	0.565123374
177.608931	0.550761873
177.657019	0.565667694
177.705656	0.559289675
177.754431	0.558398209
177.80316	0.559679304
177.852293	0.555612611
177.901556	0.554791097
177.949744	0.567554373
177.998267	0.564070606
178.04711	0.561026636
178.096396	0.556221384
178.144682	0.568122056
178.193335	0.564070293
178.242499	0.55812624
178.291396	0.561961769
178.340178	0.564122249
178.388754	0.566583304
178.438048	0.558170188
178.486754	0.564998396
178.535429	0.565419308
178.583701	0.570429277
178.632101	0.56834955
178.681509	0.556331116
178.730101	0.565383595
178.779173	0.559835637
178.828604	0.556820682
178.877196	0.567895465
178.925826	0.568655676
178.974875	0.564538404
179.023505	0.569754944
179.072234	0.568421661
179.120535	0.573511555
179.169302	0.56817368
179.219359	0.553461684
179.267821	0.571298138
179.316374	0.570388233
179.365256	0.566915966
179.41413	0.56786581
179.463408	0.564088162
179.512419	0.568702086
179.560767	0.577794336
179.609549	0.573495922
179.658469	0.572305343
179.706694	0.580191124
179.755934	0.567057045
179.805098	0.565682031
179.853651	0.571665397
179.902739	0.565541823
179.951414	0.570455677
179.999892	0.572858274
180.049246	0.564029803
180.097685	0.576387788
180.146429	0.57460253
180.195898	0.567114209
180.24417	0.581510605
180.293082	0.574085178
180.342322	0.569984627
180.39057	0.581024125
180.440001	0.566495204
180.488348	0.577517872
180.536826	0.574858217
180.58618	0.564393023
180.634604	0.576460268
180.683524	0.571866791
180.732855	0.568353473
180.781653	0.57538155
180.831557	0.564073163
180.879469	0.588389263
180.928175	0.579116945
180.977721	0.569289227
181.025931	0.583444149
181.074393	0.578474902
181.123648	0.567234341
181.171843	0.578358295
181.221159	0.565075793
181.270354	0.566937607
181.319052	0.573701093
181.367735	0.574601324
181.416686	0.572109926
181.465651	0.572516803
181.513876	0.581933347
181.563391	0.567637402
181.612151	0.576423288
181.66062	0.579013194
181.709418	0.573785495
181.75833	0.571036132
181.807806	0.563485838
181.856734	0.569282068
181.905417	0.573217741
181.954253	0.572844975
182.003233	0.571906627
182.05184	0.576819767
182.101134	0.569132038
182.149809	0.576998923
182.198225	0.580525472
182.247954	0.564505165
182.296195	0.57959398
182.345274	0.568632216
182.394209	0.569394227
182.44258	0.576249097
182.491583	0.569664662
182.540343	0.573325835
182.589751	0.566226578
182.639075	0.567045365
182.687018	0.584047354
182.73606	0.571667893
182.784987	0.573217206
182.834067	0.570546997
182.882445	0.57726773
182.931273	0.570889156
182.98091	0.560990153
183.029517	0.572897137
183.078368	0.571155142
183.127142	0.573207666
183.175558	0.578630425
183.224943	0.568413291
183.273947	0.573900422
183.32308	0.573094891
183.371596	0.580497294
183.420355	0.577622473
183.469168	0.576126261
183.518439	0.568869075
183.56729	0.572661813
183.616194	0.571466392
183.66564	0.565840108
183.714148	0.578121404
183.762427	0.582468067
183.811705	0.572030549
183.860342	0.581254535
183.90914	0.580371353
183.957709	0.583927489
184.007185	0.573458281
184.055128	0.592026028
184.104666	0.572075489
184.153593	0.577578743
184.202521	0.576543743
184.25109	0.579755348
184.300147	0.574430695
184.347647	0.594247327
184.397063	0.571759555
184.446669	0.570130683
184.495573	0.579085037
184.54476	0.576361715
184.59368	0.580322859
184.641669	0.592237312
184.691084	0.575309497
184.740019	0.580403173
184.788336	0.587744185
184.837942	0.57253642
184.886725	0.581988996
184.935324	0.584443767
184.984534	0.57787272
185.033545	0.580264785
185.08306	0.574847266
185.131201	0.591702027
185.180083	0.583172697
185.228713	0.586337032
185.278204	0.576055999
185.326292	0.59219223
185.376051	0.571616663
185.424719	0.583873408
185.473036	0.587510463
185.522314	0.57599769
185.570479	0.590354427
185.620367	0.571027573
185.669157	0.584336236
185.718131	0.583007678
185.766669	0.588822392
185.815688	0.583419314
185.864172	0.590383101
185.913016	0.58589956
185.961462	0.590441123
186.010992	0.577291117
186.059897	0.584293654
186.108984	0.582212464
186.157599	0.587478132
186.206145	0.588619789
186.255309	0.581903955
186.304266	0.585339594
186.353186	0.586708391
186.402853	0.578358814
186.450476	0.604247438
186.500082	0.580716106
186.54904	0.589102963
186.597906	0.590378465
186.64662	0.59188585
186.695288	0.59199512
186.744231	0.588424951
186.793135	0.587662051
186.842223	0.584578621
186.890555	0.592891635
186.939993	0.579792484
186.989485	0.579506623
187.038115	0.590069387
187.086775	0.590227193
187.13571	0.587100939
187.184958	0.58356238
187.233763	0.589595543
187.282607	0.588797506
187.331778	0.58374008
187.380431	0.589199684
187.429083	0.588831249
187.477705	0.589551841
187.527304	0.578416812
187.576041	0.589414638
187.625296	0.583999246
187.67388	0.592329796
187.723326	0.582387473
187.772192	0.589679275
187.821181	0.587864729
187.869994	0.589739805
187.919089	0.58643551
187.967985	0.588719223
188.016974	0.587275307
188.066603	0.580214966
188.115286	0.591983159
188.164709	0.583278208
188.213583	0.590086178
188.262488	0.589755911
188.311438	0.589392775
188.359831	0.596198879
188.409087	0.585709812
188.457762	0.592590723
188.507224	0.582446905
188.556158	0.587831557
188.605658	0.58077304
188.653998	0.594317949
188.703024	0.586381589
188.752493	0.581371542
188.801428	0.587936516
188.850745	0.58337685
188.899359	0.59196746
188.948538	0.585518663
188.99745	0.588821477
189.046637	0.585470342
189.095381	0.589903262
189.144713	0.582007682
189.193442	0.589066126
189.242453	0.586276094
189.291312	0.589150518
189.34046	0.586600986
189.389372	0.590027578
189.438223	0.590842912
189.487891	0.580963644
189.536749	0.590400208
189.585471	0.591984014
189.634131	0.592511458
189.683554	0.58231666
189.732443	0.587976683
189.781752	0.582203567
189.830283	0.591858703
189.879629	0.582405687
189.928862	0.584544108
189.977942	0.587220245
190.0259	0.60174406
190.075461	0.582424734
190.124747	0.586053728
190.174078	0.585372062
190.222601	0.595712871
190.271498	0.591338824
190.320425	0.589634472
190.369963	0.581567213
190.418684	0.590431057
190.468123	0.582084002
190.51702	0.589947684
190.565695	0.594108311
190.614287	0.596458374
190.663603	0.588577326
190.712546	0.593292991
190.762114	0.585612123
190.811087	0.592635083
190.860274	0.589671929
190.908949	0.5955434
190.957945	0.590539514
191.006941	0.589908517
191.056563	0.582052361
191.105009	0.59609687
191.154539	0.584199132
191.203154	0.597103516
191.252928	0.584939522
191.302	0.594165039
191.350996	0.595505077
191.399458	0.602119332
191.448569	0.593421245
191.497931	0.5902523
191.546904	0.595113367
191.596228	0.590028287
191.645659	0.58871743
191.694258	0.599312409
191.744185	0.584690067
191.792784	0.602970679
191.841834	0.600579413
191.890944	0.602292858
191.940245	0.601772582
191.988463	0.616158318
192.038313	0.596271231
192.087157	0.608080659
192.136023	0.607680677
192.185454	0.599189073
192.233649	0.613346681
192.283026	0.598022817
192.332312	0.598900786
192.380385	0.615133068
192.430182	0.594839261
192.479292	0.604919184
192.527678	0.6149218
192.576697	0.607526252
192.625479	0.610561738
192.675147	0.599119275
192.724234	0.605043076
192.773482	0.601443072
192.821944	0.610029726
192.871016	0.601518659
192.92037	0.597435714
192.969542	0.599804014
193.0185	0.603135471
193.067091	0.608591934
193.116087	0.604174435
193.165236	0.603788478
193.213942	0.610144727
193.263129	0.604696607
193.311934	0.609445973
193.361372	0.600282244
193.409735	0.612169115
193.459288	0.5966785
193.508017	0.606093723
193.557776	0.593016911
193.606253	0.608524502
193.655249	0.602690562
193.704153	0.60510552
193.752623	0.61257082
193.801932	0.603719252
193.850935	0.608348958
193.899764	0.610542
193.949759	0.596377289
193.998305	0.613793142
194.046965	0.611153523
194.096503	0.599858268
194.144949	0.613090669
194.194373	0.600954369
194.243315	0.60709946
194.292189	0.609092617
194.341223	0.607893766
194.390227	0.609630929
194.439764	0.604587336
194.488715	0.612376073
194.537314	0.617148844
194.586432	0.61074186
194.635779	0.60797149
194.684897	0.610898596
194.734198	0.607701729
194.783278	0.609184841
194.831976	0.612870271
194.881514	0.602645526
194.930365	0.61208731
194.979826	0.605591905
195.028426	0.616153064
195.077445	0.610698992
195.126563	0.609266867
195.175513	0.610899237
195.22447	0.610878506
195.274275	0.60070819
195.322821	0.614851353
195.371878	0.607864056
195.421339	0.603051501
195.470213	0.610768354
195.518774	0.615821198
195.568175	0.606945841
195.617598	0.607256546
195.666487	0.614182133
195.716139	0.604845679
195.765509	0.608506358
195.814085	0.618716929
195.863089	0.613968635
195.912573	0.608710033
195.960921	0.62206626
196.010214	0.609501682
196.059271	0.613411371
196.108695	0.609844698
196.157431	0.619790354
196.206831	0.611934055
196.255949	0.615222396
196.305159	0.613615057
196.3543	0.614188379
196.402747	0.622775015
196.452818	0.602746113
196.501494	0.620134321
196.550597	0.614177974
196.599905	0.611349136
196.649001	0.614813687
196.697981	0.617134238
196.746985	0.618125246
196.796042	0.617831224
196.845488	0.613221686
196.89398	0.625488491
196.943198	0.61632205
196.992056	0.621162765
197.041273	0.616995869
197.090453	0.617079989
197.139708	0.61563183
197.188742	0.619001293
197.23844	0.610926311
197.286848	0.627412128
197.335913	0.617999081
197.385252	0.614202395
197.434813	0.611208553
197.484015	0.616111911
197.533293	0.615624754
197.581992	0.623396754
197.631117	0.618377852
197.680357	0.617622553
197.729598	0.618104952
197.779448	0.609533487
197.828108	0.623194244
197.877158	0.616839944
197.92607	0.617598038
197.974844	0.619093909
198.024527	0.607771658
198.073554	0.616211142
198.122664	0.615529749
198.171706	0.616940792
198.221098	0.612689203
198.27072	0.610152051
198.319464	0.621937328
198.368262	0.621098601
198.417304	0.617420778
198.467024	0.608722739
198.515898	0.618687193
198.564635	0.620407208
198.614104	0.611868958
198.662657	0.624144037
198.712408	0.609530095
198.761206	0.621401853
198.81114	0.607178969
198.859053	0.632613732
198.908293	0.6152111
198.95822	0.607223216
199.006979	0.621519855
199.056258	0.613349036
199.105612	0.610555916
199.154776	0.611183517
199.203742	0.611733577
199.253195	0.605350034
199.30239	0.608832324
199.350867	0.617737931
199.400366	0.605269753
199.449744	0.606838101
199.498328	0.61660577
199.547858	0.605699667
199.596747	0.61426223
199.646407	0.604420989
199.695319	0.61209007
199.744269	0.609654413
199.793761	0.600860045
199.84281	0.605902859
199.891508	0.610331977
199.940688	0.604752451
199.989249	0.612845599
200.038321	0.606276019
200.088042	0.59809311
200.137442	0.601957049
200.186087	0.612963575
200.235197	0.60709578
200.284331	0.606703059
200.333723	0.603303503
200.382719	0.60801317
200.43183	0.607493611
200.480536	0.613824114
200.529723	0.608263333
200.578505	0.613767174
200.628554	0.598553806
200.677153	0.616840013
200.726027	0.613307267
200.775275	0.609453591
200.824362	0.610748356
200.873068	0.613962133
200.922316	0.605921241
200.971983	0.598855502
201.021132	0.603953015
201.069891	0.608780107
201.118391	0.61242109
201.167754	0.602512292
201.216498	0.610387304
201.266089	0.600360234
201.314871	0.610621089
201.36402	0.606322664
201.413054	0.606968931
201.461874	0.608562962
201.511366	0.598912732
201.560095	0.606515554
201.609831	0.593282002
201.65946	0.594040093
201.708167	0.605779887
201.756842	0.607234458
201.806219	0.599423798
201.855727	0.598447608
201.904112	0.613494716
201.953124	0.606987888
202.002272	0.606416707
202.051405	0.606298625
202.100707	0.603603817
202.149718	0.606826898
202.198286	0.611784277
202.247458	0.603886189
202.296401	0.606712626
202.345335	0.606828294
202.394789	0.601192313
202.444029	0.605387084
202.493239	0.60706405
202.541678	0.618329031
202.591307	0.604627092
202.640166	0.614007082
202.689467	0.608485427
202.738593	0.610243174
202.787535	0.611400503
202.836508	0.610115133
202.88529	0.610972195
202.934134	0.610019739
202.983626	0.603645186
203.032851	0.608552992
203.08177	0.613938818
203.130812	0.613500821
203.180365	0.608019587
203.229567	0.612592942
203.278639	0.614336292
203.327849	0.611357449
203.376868	0.611460495
203.425826	0.610885514
203.475684	0.59860985
203.525023	0.605400848
203.573851	0.613659685
203.623213	0.609065221
203.6724	0.613467618
203.72122	0.619755533
203.770659	0.614228687
203.819174	0.627022318
203.869398	0.606181254
203.917479	0.633260499
203.966956	0.613175348
204.016829	0.606137535
204.06581	0.615441182
204.114653	0.616466437
204.164435	0.606920869
204.213469	0.617807016
204.262503	0.619437242
204.311766	0.617985868
204.360998	0.619632067
204.410239	0.620807645
204.459067	0.627206343
204.508177	0.623381395
204.557616	0.617791817
204.606818	0.620132301
204.655913	0.620314326
204.705656	0.612253142
204.754889	0.61880879
204.804205	0.619211197
204.853278	0.623463958
204.901892	0.632841327
204.951468	0.623095613
205.000426	0.632705452
205.049864	0.626962507
205.098708	0.634643198
205.147704	0.630401673
205.197081	0.623180268
205.245734	0.631247608
205.29492	0.623901502
205.344969	0.613670574
205.394179	0.625180816
205.443327	0.627059869
205.492056	0.633364103
205.541571	0.62366967
205.590643	0.629987092
205.639853	0.628702593
205.688757	0.632488816
205.738112	0.626963639
205.786978	0.631592499
205.836493	0.621820493
205.885428	0.627979846
205.934561	0.625093566
205.984305	0.617629025
206.033209	0.629270054
206.082167	0.630366436
206.131369	0.628748227
206.180579	0.629707753
206.229712	0.630217551
206.279234	0.624703542
206.328581	0.625429659
206.377348	0.630823343
206.426733	0.620719645
206.476103	0.618784672
206.525603	0.6160319
206.574294	0.626702176
206.623892	0.616988434
206.673758	0.61539631
206.722372	0.633864514
206.771063	0.634311545
206.820815	0.621127729
206.869704	0.631792508
206.919066	0.625327249
206.968131	0.62846948
207.017264	0.625314827
207.066801	0.618627363
207.115363	0.630111928
207.16461	0.621200536
207.214171	0.618464102
207.262823	0.631272212
207.312537	0.618649056
207.361136	0.634577842
207.410674	0.623700103
207.46015	0.625017545
207.508849	0.635417582
207.559134	0.614464396
207.607352	0.638793031
207.656752	0.62222005
207.70571	0.627161647
207.755331	0.61853136
207.804404	0.625518544
207.85327	0.629193008
207.901946	0.630973721
207.952139	0.612860995
208.000868	0.631468253
208.05062	0.618524144
208.099547	0.628852716
208.1482	0.631556781
208.197302	0.624616619
208.246756	0.618936613
208.295721	0.624488179
208.345373	0.615637339
208.393545	0.634107964
208.442953	0.618074812
208.493018	0.610196726
208.541418	0.632409837
208.590613	0.622589777
208.639578	0.62608672
208.688574	0.625679951
208.738265	0.616974905
208.78752	0.62184263
208.836325	0.626807996
208.885367	0.622186477
208.934866	0.615660451
208.983519	0.626261175
209.03298	0.616426584
209.08177	0.625116998
209.131926	0.609420494
209.180544	0.630963692
209.229887	0.624615046
209.278948	0.630439014
209.327795	0.634822008
209.377238	0.628241901
209.42636	0.632473767
209.475691	0.628989365
209.525191	0.624985446
209.574023	0.632351652
209.622908	0.631564864
209.67253	0.623627706
209.721953	0.62897713
209.771132	0.634955459
209.820403	0.636936499
209.869559	0.641616004
209.918639	0.644611398
209.967833	0.644021617
210.01676	0.647557653
210.06663	0.633914848
210.116209	0.635906236
210.165327	0.640561963
210.214503	0.639139199
210.263792	0.637093025
210.312991	0.639278954
210.362685	0.633708488
210.411669	0.644583659
210.460459	0.648674321
210.510077	0.638880673
210.558791	0.651415169
210.608237	0.641816021
210.657721	0.640426232
210.707091	0.640153338
210.756361	0.640173998
210.806635	0.626355389
210.855273	0.647362057
210.904662	0.637981975
210.953509	0.646204151
211.002375	0.646649133
211.051649	0.642616017
211.101557	0.63472624
211.150713	0.643989604
211.200102	0.640628503
211.249354	0.641027569
211.298434	0.642296278
211.347262	0.644469768
211.39696	0.63239345
211.446154	0.63838512
211.495253	0.640294944
211.544562	0.638325718
211.59368	0.641342483
211.64305	0.638927867
211.692553	0.636762631
211.741576	0.64262356
211.790922	0.63687056
211.839697	0.642789294
211.889334	0.628605963
211.938605	0.631513016
211.987242	0.638318831
212.037264	0.620579534
212.086035	0.63738158
212.135985	0.623578077
212.185065	0.636130234
212.234259	0.636676086
212.283701	0.634793497
212.332957	0.638619118
212.382536	0.635448678
212.431982	0.637400653
212.480696	0.64645684
212.530485	0.631518346
212.579108	0.645959282
212.628073	0.642352823
212.677943	0.632992837
212.726252	0.656482977
212.776217	0.637772205
212.825854	0.64462615
212.874838	0.655908151
212.924399	0.649997625
212.973765	0.65290044
213.02244	0.661372405
213.072077	0.645743567
213.121157	0.65011656
213.170603	0.642771289
213.219702	0.646092365
213.269724	0.633991339
213.318648	0.648848287
213.367495	0.650274426
213.417326	0.638187392
213.466425	0.648489281
213.515158	0.654769116
213.564909	0.642785157
213.614066	0.651075042
213.66405	0.639489877
213.712511	0.658159648
213.762248	0.640031183
213.811675	0.644294051
213.860388	0.65464034
213.909949	0.644957284
213.959334	0.648605794
214.008414	0.653782148
214.057936	0.649382112
214.10742	0.651557614
214.156382	0.660398616
214.205443	0.6589179
214.25564	0.643833223
214.304255	0.664259638
214.35372	0.652105029
214.402781	0.657512417
214.451804	0.6587084
214.501479	0.650439374
214.550864	0.654770146
214.599635	0.663422982
214.649813	0.645401466
214.69895	0.659618801
214.747527	0.667247151
214.797396	0.64801648
214.846301	0.658550046
214.895747	0.649459513
214.944189	0.661288034
214.994444	0.636943133
215.0436	0.651475989
215.093218	0.645440412
215.142031	0.656018567
215.191321	0.649626789
215.24013	0.656138693
215.289534	0.648462557
215.338942	0.649070594
215.388617	0.644778849
215.437678	0.651990878
215.48691	0.649097637
215.536261	0.647443681
215.585341	0.651619365
215.635073	0.643164343
215.684309	0.649322928
215.732867	0.658655819
215.781966	0.651752646
215.831816	0.64191673
215.880911	0.651337578
215.930396	0.64622355
215.97938	0.652320529
216.029211	0.640830035
216.078406	0.648318793
216.127676	0.648073319
216.176718	0.652325357
216.226916	0.637612905
216.275664	0.65694495
216.32511	0.647636248
216.374751	0.644681024
216.423869	0.650767215
216.472716	0.653205577
216.521948	0.646269622
216.571951	0.63474116
216.621321	0.643052315
216.670207	0.649569808
216.72027	0.6348785
216.768942	0.654854023
216.818697	0.64205927
216.868239	0.645134101
216.917029	0.655417912
216.965952	0.653772394
217.015765	0.64273314
217.064825	0.652892787
217.114077	0.651149198
217.164427	0.636220106
217.213026	0.658400994
217.262392	0.648500388
217.31151	0.653546236
217.360785	0.653181387
217.410284	0.651844462
217.459673	0.653828127
217.508925	0.655500424
217.557829	0.659961031
217.607104	0.655291937
217.656992	0.647841503
217.706091	0.658288188
217.754919	0.661582341
217.805041	0.644036164
217.853846	0.661945262
217.903197	0.656838752
217.952566	0.658548735
218.001566	0.665301688
218.051089	0.658711952
218.10121	0.650763361
218.149748	0.672298159
218.198576	0.668389067
218.248137	0.65878101
218.297659	0.658820454
218.346682	0.664519562
218.39572	0.663997108
218.444975	0.66158797
218.495444	0.645994795
218.544096	0.670719657
218.594584	0.64679007
218.642969	0.674773689
218.692355	0.660019493
218.741705	0.658882527
218.790396	0.666163362
218.840189	0.650385925
218.888785	0.665379246
218.938517	0.64875927
218.987769	0.654535312
219.037196	0.652970853
219.086409	0.657012141
219.135912	0.655158719
219.185202	0.659556968
219.233931	0.668499259
219.284209	0.648391265
219.332785	0.671437223
219.382288	0.65869349
219.431773	0.658447759
219.481352	0.657112106
219.530798	0.657769764
219.580069	0.659452204
219.629401	0.658560999
219.678534	0.661825275
219.727538	0.665871938
219.777678	0.652155054
219.826155	0.676082552
219.876105	0.656840564
219.925452	0.665335362
219.974684	0.666865395
220.023745	0.668976733
220.072977	0.666029001
220.122328	0.66248991
220.171328	0.664955087
220.221487	0.647500348
220.269869	0.669603296
220.319354	0.653734363
220.368666	0.65621928
220.417899	0.657621726
220.467131	0.658797519
220.516516	0.658325043
220.565829	0.660038701
220.615523	0.655357722
220.664622	0.663358334
220.714549	0.651601406
220.762934	0.669194036
220.812704	0.648948195
220.86167	0.658332261
220.910979	0.653536617
220.960444	0.652138892
221.00989	0.653142613
221.058756	0.661566384
221.108759	0.647740101
221.157088	0.670754906
221.206629	0.655024304
221.256052	0.657294557
221.305247	0.660302081
221.354868	0.652858978
221.404623	0.648299068
221.45397	0.651330746
221.503241	0.650602937
221.551874	0.659086885
221.600703	0.656718694
221.650343	0.646641104
221.699477	0.653743867
221.748595	0.654554407
221.798117	0.65116786
221.847678	0.651768537
221.896891	0.656679663
221.946646	0.647882368
221.995627	0.656037783
222.044493	0.655941995
222.094038	0.645623885
222.143	0.654025358
222.192347	0.650232389
222.242255	0.644580133
222.291369	0.656982894
222.340327	0.661056416
222.389712	0.658059987
222.438693	0.665748644
222.488135	0.660695075
222.53723	0.665090065
222.586211	0.665509032
222.63637	0.649657078
222.68595	0.657573853
222.734965	0.666537479
222.783984	0.668858117
222.833525	0.664218764
222.882387	0.675256531
222.931944	0.667310045
222.98112	0.674345685
223.030737	0.669021424
223.079562	0.680025523
223.129332	0.666974565
223.178389	0.675160417
223.22814	0.664113482
223.277121	0.673820042
223.325964	0.676301396
223.375372	0.670519593
223.424815	0.672111524
223.474104	0.675861864
223.523352	0.67730458
223.572794	0.675660435
223.621832	0.681981744
223.671065	0.679025971
223.720873	0.670428722
223.769854	0.67982167
223.819044	0.674532623
223.868006	0.675727512
223.917429	0.667830517
223.966643	0.670438748
224.016314	0.664982551
224.064291	0.689401343
224.11468	0.657836508
224.164298	0.669842524
224.213278	0.680541944
224.261832	0.688290095
224.311392	0.674397539
224.360621	0.678287061
224.410101	0.673672403
224.458678	0.685521895
224.508021	0.675728091
224.557719	0.672174229
224.606738	0.684301801
224.655909	0.683323482
224.704867	0.68661112
224.754874	0.671947385
224.804644	0.674684645
224.853915	0.680527667
224.901751	0.698613412
224.951758	0.66647595
225.000407	0.684564792
225.050043	0.670936517
225.099585	0.672231258
225.14839	0.682808283
225.197386	0.680356613
225.246428	0.679415583
225.295676	0.676382862
225.345057	0.674406802
225.394419	0.674710885
225.44353	0.67841155
225.49264	0.677547588
225.542178	0.671046757
225.591483	0.674628292
225.640635	0.677180551
225.689879	0.676238893
225.739317	0.673399694
225.788565	0.674798463
225.837466	0.678102325
225.887312	0.663697673
225.936152	0.676313865
225.985495	0.668920242
226.034701	0.669629077
226.0842	0.664416165
226.133601	0.664912578
226.183157	0.662624478
226.231825	0.676928005
226.281226	0.668567596
226.330218	0.675303318
226.380106	0.663353269
226.428984	0.676176386
226.478327	0.669341096
226.527747	0.668438728
226.576937	0.672197423
226.625796	0.676610523
226.67512	0.670108559
226.724577	0.669007203
226.773768	0.673311757
226.82284	0.677613367
226.872263	0.674896687
226.922011	0.672134379
226.970732	0.685973206
227.020464	0.670348243
227.069788	0.674466252
227.119132	0.673339049
227.16807	0.678656375
227.217314	0.673840475
227.267123	0.665758805
227.316061	0.677379965
227.365324	0.673306766
227.414225	0.679849728
227.464224	0.665844664
227.5133	0.679379101
227.562136	0.683133756
227.611559	0.675076472
227.660689	0.678389429
227.710188	0.673221085
227.75928	0.679223886
227.808737	0.67337785
227.858042	0.675235536
227.906264	0.690661727
227.956381	0.665571796
228.005278	0.685153425
228.054972	0.676742656
228.103869	0.689463872
228.153193	0.684741783
228.202052	0.69071551
228.252169	0.672584385
228.301417	0.683089867
228.350779	0.679604797
228.399237	0.687996506
228.448767	0.670116836
228.497973	0.672399296
228.54743	0.668230687
228.596457	0.674983908
228.646361	0.664414519
228.695391	0.678493831
228.743876	0.68785407
228.793642	0.671439224
228.842459	0.685869027
228.892073	0.675500514
228.940772	0.686899036
228.990576	0.669982307
229.040053	0.672975837
229.089316	0.675773389
229.138831	0.672779958
229.187937	0.679560654
229.236678	0.6871952
229.286406	0.676313192
229.335783	0.683260927
229.385336	0.681999356
229.434443	0.688415245
229.483065	0.694025025
229.532637	0.678833787
229.582404	0.673492012
229.631338	0.683105408
229.680289	0.681478117
229.729494	0.677979662
229.778914	0.675733832
229.829047	0.668191001
229.877825	0.689052512
229.926718	0.690295314
229.976	0.687264975
230.025187	0.690491308
230.074332	0.692005738
230.124369	0.679593885
230.173457	0.691936535
230.222391	0.694224299
230.27117	0.696325653
230.320876	0.683759429
230.37076	0.682115249
230.419287	0.702756129
230.468607	0.69315354
230.517886	0.694729942
230.567072	0.696838077
230.61624	0.697442436
230.665636	0.693286962
230.714899	0.693549332
230.764258	0.690500924
230.813445	0.691436045
230.862105	0.697865547
230.912047	0.6783187
230.960822	0.694850087
231.010512	0.683222126
231.059542	0.694390397
231.10861	0.695392207
231.158125	0.6895684
231.207175	0.695833073
231.256049	0.696927294
231.305098	0.693287099
231.354964	0.680001645
231.403895	0.691812749
231.453524	0.681395971
231.503272	0.679793015
231.551623	0.69983019
231.600294	0.695956039
231.649847	0.685011423
231.699103	0.690045628
231.748633	0.686573427
231.79756	0.694860737
231.846995	0.686430657
231.895941	0.692074863
231.945685	0.679896739
231.994517	0.692154883
232.044436	0.676824799
232.093615	0.686691436
232.14268	0.688906638
232.191241	0.697478602
232.240713	0.685867947
232.290667	0.680260266
232.339888	0.690690234
232.388136	0.704850431
232.438036	0.680342841
232.4877	0.682325181
232.536631	0.690401492
232.586218	0.678897787
232.635302	0.6841613
232.684248	0.685046577
232.73374	0.677710981
232.782961	0.682557676
232.832278	0.682560397
232.88101	0.691700421
232.930617	0.679827815
232.979292	0.692975341
233.029135	0.676108829
233.078295	0.683565741
233.12736	0.682163765
233.175978	0.685477472
233.22547	0.670933939
233.274767	0.672008896
233.324179	0.670724836
233.373671	0.670380093
233.422831	0.676579106
233.47209	0.676752704
233.52125	0.679048189
233.570158	0.682537934
233.619788	0.671720584
233.66852	0.682557284
233.717741	0.674097878
233.767153	0.670330612
233.816161	0.675298108
233.865012	0.677470234
233.914309	0.671671359
233.963099	0.680330319
234.012301	0.67681795
234.061152	0.683779631
234.111147	0.669527502
234.15959	0.691318102
234.209742	0.666655849
234.258067	0.690320876
234.307421	0.673528977
234.356566	0.673967713
234.405241	0.679197628
234.455042	0.663404393
234.504145	0.672913993
234.553053	0.677033144
234.602778	0.668171129
234.651473	0.684428629
234.700499	0.681440224
234.750067	0.675118077
234.798834	0.686736243
234.848124	0.679055886
234.897028	0.683271311
234.946864	0.668654842
234.995902	0.677927775
235.045447	0.669772003
235.094641	0.673545351
235.143114	0.68326519
235.192427	0.673306583
235.241621	0.677379233
235.291048	0.675963785
235.339892	0.684531026
235.389613	0.673308351
235.439387	0.672743399
235.488211	0.685697532
235.537814	0.67548102
235.586913	0.682732929
235.636008	0.682693203
235.685301	0.681130413
235.735037	0.676209091
235.783339	0.698319319
235.832671	0.686762012
235.881998	0.689191375
235.931036	0.694707147
235.980776	0.685055912
236.029719	0.695740096
236.078657	0.694134235
236.127619	0.692103363
236.177649	0.675744654
236.226862	0.684264527
236.275145	0.695419653
236.324923	0.673283459
236.373862	0.684491751
236.42269	0.687602885
236.471785	0.685720942
236.521426	0.680458287
236.569903	0.698202973
236.6197	0.680411018
236.668562	0.693503235
236.717932	0.686142862
236.767088	0.688246026
236.815813	0.693284634
236.864912	0.687750884
236.913348	0.697755358
236.962408	0.690974546
237.011561	0.693591156
237.060793	0.697088272
237.109988	0.702757144
237.158816	0.711230932
237.207697	0.71217203
237.257651	0.697052619
237.30593	0.720749171
237.355181	0.705694284
237.404047	0.70979592
237.453356	0.702875472
237.502261	0.708621756
237.551493	0.704198981
237.600455	0.70808046
237.649767	0.703528726
237.698805	0.708944333
237.74734	0.717062284
237.796397	0.709949853
237.845591	0.707616661
237.893988	0.719107156
237.943816	0.697914952
237.992262	0.717408045
238.041705	0.702294271
238.090929	0.704725835
238.139746	0.709752358
238.189089	0.701577547
238.238451	0.701540995
238.287287	0.710173571
238.335852	0.714965142
238.385058	0.706222654
238.434267	0.708461824
238.483298	0.712626788
238.532622	0.709383354
238.581553	0.714726577
238.631247	0.70268611
238.680201	0.712361108
238.729292	0.709078972
238.77772	0.716388967
238.827002	0.70281577
238.876444	0.699498305
238.925356	0.706869494
238.974348	0.706221974
239.023478	0.705176667
239.072897	0.701401876
239.121851	0.707824094
239.170515	0.711219731
239.220206	0.695883754
239.269354	0.702878237
239.318095	0.70861067
239.367243	0.701528735
239.415904	0.707219008
239.46554	0.692147087
239.514784	0.697373893
239.563078	0.711307977
239.612479	0.697274879
239.66223	0.694114723
239.711512	0.703245248
239.760737	0.706684718
239.80942	0.715858297
239.858313	0.713321788
239.907229	0.71316577
239.956904	0.701598924
240.00601	0.707555544
240.054831	0.709505388
240.103823	0.705942111
240.152777	0.705195517
240.20278	0.689989432
240.251868	0.704036562
240.299792	0.723390826
240.348883	0.708969377
240.398535	0.70295588
240.447314	0.717147262
240.496249	0.715877769
240.545882	0.706134744
240.594466	0.721166832
240.643439	0.714353947
240.692412	0.712829511
240.741366	0.712916055
240.79061	0.709427929
240.839411	0.71814942
240.888556	0.714967861
240.937083	0.725939128
240.986464	0.715129683
241.035498	0.720885894
241.084586	0.720001801
241.133208	0.726264951
241.182038	0.722093797
241.230751	0.721639269
241.280518	0.70514265
241.328843	0.725770194
241.377848	0.716195502
241.42705	0.715310839
241.475863	0.722728887
241.525044	0.718336247
241.573779	0.726318181
241.623173	0.716630781
241.67109	0.738102647
241.72	0.722186211
241.769083	0.716803033
241.818537	0.708739964
241.867232	0.718088209
241.91548	0.724242572
241.964585	0.712032473
242.013882	0.709876745
242.063103	0.713228586
242.111447	0.728871794
242.160765	0.716680206
242.210318	0.714321936
242.258175	0.739490696
242.30761	0.715282455
242.356286	0.726503923
242.405545	0.717443801
242.453812	0.730381596
242.503012	0.715585903
242.551863	0.720760165
242.600714	0.721290168
242.648865	0.732303337
242.69793	0.719205478
242.746859	0.722000541
242.794951	0.73635421
242.844229	0.721637219
242.893566	0.723098664
242.941853	0.740637771
242.991658	0.719000103
243.04039	0.735497381
243.088833	0.739990529
243.137801	0.731427785
243.18673	0.728342729
243.235386	0.730696153
243.284294	0.72597338
243.333243	0.725722687
243.382542	0.722530955
243.431158	0.734591769
243.480496	0.724704414
243.52958	0.728589539
243.578179	0.735963536
243.627028	0.732571255
243.676308	0.725102872
243.725294	0.728252038
243.774399	0.723000596
243.82288	0.730443591
243.872177	0.716811785
243.920775	0.726415669
243.969977	0.71753725
244.018906	0.722977465
244.067952	0.721979949
244.11686	0.724469373
244.166178	0.719584714
244.214581	0.733379185
244.263394	0.727003346
244.311549	0.736299401
244.361033	0.71542222
244.410382	0.714110929
244.459479	0.715472996
244.508086	0.721702406
244.55691	0.717836335
244.606064	0.714540183
244.6551	0.717797963
244.704508	0.713501785
244.752903	0.729850565
244.802271	0.716982583
244.851191	0.723990979
244.900267	0.721245207
244.949616	0.715850561
244.997836	0.729009929
245.047535	0.704129636
245.096104	0.718467665
245.14485	0.715004341
245.194218	0.70730403
245.242749	0.720638264
245.291787	0.713852257
245.339966	0.727460007
245.389023	0.715307223
245.438177	0.714265306
245.486435	0.728062113
245.535628	0.714719204
245.585095	0.710609868
245.633604	0.724379058
245.682564	0.717606221
245.730374	0.735668604
245.779938	0.710549724
245.829443	0.714137047
245.877974	0.730718946
245.926737	0.728900568
245.975581	0.729273409
246.024306	0.732175982
246.073771	0.721325736
246.122752	0.728041698
246.171788	0.725684532
246.219773	0.739281526
246.269259	0.715015812
246.317673	0.730399082
246.366806	0.719787369
246.415513	0.726700644
246.464764	0.719328883
246.513413	0.730153481
246.562468	0.727177714
246.610922	0.739928765
246.659218	0.744757952
246.708334	0.733998799
246.758383	0.721146068
246.806214	0.7543894
246.855036	0.737492042
246.904171	0.731043472
246.953248	0.731258715
247.001446	0.745028492
247.05062	0.731480178
247.099871	0.73194542
247.148499	0.742596828
247.197966	0.730127371
247.246359	0.74993202
247.295397	0.742018074
247.34426	0.745822038
247.393412	0.741124686
247.442528	0.739472146
247.490981	0.748296618
247.539728	0.742910829
247.588698	0.737827894
247.638447	0.724812009
247.687144	0.740081482
247.735665	0.742697846
247.785336	0.725669702
247.833914	0.74411405
247.882378	0.747162909
247.932244	0.726837771
247.9802	0.755803974
248.029637	0.732283411
248.078762	0.736136002
248.128258	0.730540932
248.177559	0.733633618
248.226237	0.742216229
248.275284	0.736308817
248.323492	0.748733779
248.373124	0.727717296
248.421898	0.740935484
248.471239	0.7336106
248.519739	0.747281215
248.569041	0.735414028
248.617874	0.742662882
248.667057	0.73707633
248.715578	0.745990484
248.764763	0.735190638
248.814122	0.732156432
248.863034	0.738576714
248.911963	0.737884804
248.96148	0.729463154
249.010157	0.74239647
249.058773	0.74394976
249.107724	0.740585744
249.156401	0.745730059
249.206053	0.731974258
249.254008	0.758285165
249.303484	0.735046247
249.352065	0.748633555
249.400624	0.749050857
249.450646	0.727313582
249.498991	0.752113224
249.547572	0.746399236
249.596638	0.738251753
249.645119	0.747164048
249.694069	0.741280506
249.743508	0.735830829
249.79197	0.752332364
249.840723	0.749903041
249.889498	0.750499092
249.93804	0.754344384
249.986678	0.752299898
250.03549	0.749268422
250.083544	0.75947833
250.132962	0.735683122
250.181307	0.750577705
250.230179	0.74172318
250.279246	0.739039516
250.327942	0.745878751
250.376463	0.749519061
250.425061	0.748958537
250.473252	0.756159551
250.521752	0.751469813
250.570546	0.746547061
250.619612	0.741960439
250.66749	0.759240317
250.716092	0.745212604
250.764878	0.740592248
250.813799	0.737524297
250.862469	0.740666864
250.911156	0.740300932
250.959454	0.747380826
251.007498	0.752435765
251.056714	0.735221625
251.105009	0.750954885
251.153658	0.746080825
251.202816	0.738357435
251.251309	0.74807215
251.300015	0.742789619
251.34882	0.740204833
251.39745	0.742725509
251.445786	0.747928592
251.495295	0.731529462
251.54369	0.749205578
251.592123	0.749910914
251.641182	0.741456243
251.689188	0.761297892
251.738402	0.745203329
251.787228	0.752784587
251.836247	0.750613193
251.884642	0.759038381
251.933096	0.757263397
251.981842	0.752408161
252.030491	0.753247788
252.079062	0.754676451
252.127867	0.751359249
252.176457	0.755736991
252.225653	0.748667527
252.273854	0.767041409
252.322405	0.763429983
252.371308	0.759049781
252.420288	0.757819132
252.468506	0.769020506
252.517527	0.754925108
252.567444	0.739458512
252.61623	0.753531863
252.664685	0.757074694
252.713841	0.745687007
252.762528	0.752790436
252.810181	0.771034907
252.859553	0.74587894
252.908377	0.756038324
252.957455	0.753030743
253.006613	0.752426953
253.055125	0.762231316
253.104477	0.748923902
253.15293	0.762469656
253.201638	0.756797149
253.250813	0.749166355
253.299424	0.757714195
253.348404	0.751710029
253.396975	0.759166336
253.445956	0.753234043
253.495463	0.746010204
253.544346	0.755466436
253.592781	0.762169676
253.642075	0.748793548
253.690546	0.761793556
253.739704	0.750475887
253.788432	0.755703176
253.837666	0.746858127
253.886959	0.74531517
253.935162	0.760908097
253.984642	0.742524628
254.033282	0.756504575
254.082488	0.748852186
254.13185	0.747216611
254.180508	0.758341288
254.22942	0.754829825
254.278862	0.748294522
254.327969	0.753934187
254.376608	0.76075058
254.425951	0.75024393
254.475041	0.753652713
254.52409	0.75336628
254.573061	0.7540937
254.62303	0.739475095
254.671572	0.76159296
254.719918	0.764846894
254.76887	0.755200376
254.81872	0.741292413
254.867632	0.755688928
254.916781	0.752425702
254.965731	0.755004385
255.014821	0.750784204
255.063792	0.75075113
255.112706	0.749075771
255.161852	0.744033007
255.210823	0.747084179
255.26005	0.744962366
255.308396	0.760927868
255.357621	0.749770363
255.406885	0.751354027
255.455935	0.756810912
255.504984	0.758633154
255.55382	0.762706544
255.603026	0.75758126
255.652232	0.756534312
255.701437	0.755447258
255.749939	0.765069447
255.798775	0.759446729
255.848175	0.752439855
255.896971	0.763093972
255.945807	0.763732576
255.994759	0.762823334
256.044159	0.756706187
256.093209	0.762793468
256.141633	0.772865216
256.190527	0.765390571
256.240162	0.753115469
256.288704	0.768270682
256.336972	0.77054854
256.385983	0.758161636
256.4347	0.76377832
256.48379	0.759132349
256.532605	0.764500625
256.580834	0.774524233
256.630059	0.759434667
256.679343	0.759621675
256.728198	0.766753593
256.777031	0.766609263
256.826062	0.762237243
256.874995	0.761992608
256.9242	0.756467625
256.97243	0.771354142
257.021458	0.759087517
257.069766	0.771976737
257.118292	0.770261585
257.16819	0.750518998
257.216857	0.770834727
257.265622	0.770317476
257.314387	0.770728986
257.363366	0.767320735
257.411682	0.777169978
257.461071	0.758059068
257.509406	0.773133903
257.558014	0.768005506
257.60715	0.759723185
257.655289	0.776111226
257.705599	0.743371124
257.753991	0.773415484
257.802718	0.769779016
257.851325	0.77391187
257.900774	0.762525947
257.949011	0.782851075
257.997619	0.777151884
258.046814	0.767339675
258.095755	0.770613338
258.145126	0.761997628
258.194165	0.766612186
258.242225	0.781508674
258.291791	0.758093188
258.340146	0.777764993
258.389262	0.767724456
258.438046	0.774085713
258.487417	0.765665651
258.536299	0.773522334
258.585846	0.762443011
258.633926	0.785598657
258.683141	0.767770085
258.731749	0.777445825
258.780474	0.775939621
258.829493	0.771231702
258.87906	0.762881292
258.927687	0.778941734
258.977273	0.765163246
259.025471	0.788586161
259.074314	0.77866436
259.123372	0.774884138
259.172548	0.771894395
259.221038	0.78165334
259.270428	0.766248397
259.319251	0.774136957
259.368075	0.77361966
259.417231	0.766697361
259.46627	0.767539868
259.51476	0.775773041
259.563897	0.765185053
259.611781	0.785225335
259.661249	0.760106313
259.710248	0.766395369
259.758681	0.774300136
259.807641	0.765259652
259.856797	0.761822657
259.905894	0.762678719
259.954502	0.770783332
260.00358	0.76408853
260.052188	0.771514759
260.100992	0.769460286
260.149893	0.768814832
260.198462	0.77507946
260.246894	0.778214219
260.29603	0.767086191
260.345076	0.768374383
260.393673	0.775411956
260.442467	0.772462289
260.490791	0.780286088
260.539663	0.771776687
260.588671	0.769795899
260.637328	0.774908329
260.686004	0.774199516
260.734759	0.772510697
260.783591	0.770672407
260.832286	0.773051134
260.88155	0.764000111
260.929717	0.781620329
260.978315	0.774931717
261.027069	0.772749067
261.076607	0.760799496
261.125009	0.778816657
261.173802	0.772593159
261.221753	0.78600782
261.270724	0.769135266
261.319674	0.769175839
261.36835	0.773164414
261.417515	0.764651124
261.466329	0.770319377
261.514495	0.781587501
261.563094	0.775808712
261.611594	0.778538908
261.660857	0.767465153
261.709415	0.779385635
261.758071	0.778938919
261.807354	0.770429417
261.855659	0.785881288
261.90455	0.776367675
261.953148	0.78052823
262.002078	0.774656791
262.051107	0.773119744
262.099352	0.785968586
262.14887	0.766011035
262.197801	0.776575005
262.245987	0.790487735
262.294625	0.784761853
262.342928	0.79235796
262.392231	0.777466204
262.440339	0.797174799
262.489446	0.780840142
262.538377	0.782687505
262.587523	0.776392582
262.636218	0.782905369
262.685658	0.770817159
262.733884	0.79084832
262.783422	0.771456552
262.831824	0.791006129
262.880617	0.785938555
262.929469	0.786337041
262.97795	0.792746656
263.027272	0.778904591
263.0763	0.782786836
263.125055	0.784988697
263.173397	0.789604385
263.222838	0.770725732
263.271396	0.784030697
263.320385	0.776973013
263.369473	0.776867456
263.418208	0.783619173
263.46706	0.782753804
263.515823	0.785779424
263.564782	0.783233427
263.613742	0.783409111
263.663016	0.778233107
263.711603	0.788386534
263.761013	0.774008031
263.809973	0.780166388
263.858952	0.779619367
263.908107	0.776783022
263.956656	0.787135923
264.006027	0.775395295
264.05434	0.793525221
264.103143	0.787635483
264.153023	0.771922447
264.201944	0.787583259
264.250237	0.798223032
264.299804	0.777344306
264.348314	0.793626499
264.39694	0.790364707
264.445626	0.788729683
264.495075	0.776215202
264.54378	0.788531777
264.592583	0.788393991
264.641386	0.789260242
264.690463	0.786874718
264.739286	0.792004482
264.788833	0.780632457
264.836773	0.806351186
264.885792	0.787372845
264.935124	0.780742379
264.983515	0.794042928
265.032926	0.776631879
265.081728	0.785857486
265.130238	0.790385253
265.178883	0.789083409
265.228863	0.769029195
265.277861	0.786094502
265.32639	0.79462352
265.375506	0.784904722
265.423799	0.798142865
265.473308	0.777736267
265.521777	0.793651961
265.570561	0.787445623
265.618933	0.793809248
265.668657	0.77207447
265.716676	0.799587222
265.766184	0.775994404
265.815007	0.787453022
265.86377	0.791328336
265.91275	0.79004174
265.961161	0.800677399
266.010786	0.781930995
266.059531	0.795577589
266.107589	0.806624393
266.156921	0.78560981
266.206076	0.787957538
266.255389	0.785022142
266.303956	0.797219815
266.352662	0.795253043
266.401974	0.786077585
266.450444	0.801316269
266.499305	0.795990935
266.548148	0.795925436
266.598381	0.77602751
266.646576	0.809144785
266.69483	0.807765555
266.744442	0.785253263
266.793173	0.799542608
266.842355	0.792401376
266.89138	0.795377744
266.939719	0.805733363
266.988724	0.795338133
267.038397	0.785851305
267.086833	0.807271378
267.136408	0.789891455
267.185139	0.80484886
267.233772	0.806913213
267.283228	0.793090556
267.332371	0.79780848
267.381239	0.801951214
267.430461	0.796330822
267.479643	0.79714336
267.529041	0.793534897
267.57787	0.802272547
267.626738	0.801960748
267.675704	0.800779354
267.72471	0.800067109
267.773696	0.800684753
267.823094	0.794143691
267.872178	0.798794356
267.921046	0.802178214
267.970169	0.798269019
268.01996	0.788073138
268.068436	0.810054958
268.117617	0.799128894
268.166682	0.801455685
268.215354	0.808357307
268.264203	0.805779148
268.313718	0.79476719
268.362292	0.810221827
268.411141	0.805754622
268.460696	0.794266022
268.509348	0.80936474
268.55855	0.801041958
268.607732	0.802205626
268.655875	0.820421929
268.705194	0.801655842
268.754219	0.807470693
268.802519	0.821269769
268.851544	0.809074066
268.900569	0.808774027
268.94875	0.82267217
268.998227	0.801528021
269.047429	0.805976585
269.09612	0.814927213
269.144224	0.825327224
269.193543	0.805999133
269.242235	0.817299633
269.29073	0.821418739
269.339324	0.820172156
269.388859	0.805424687
269.437864	0.814139835
269.486399	0.821453726
269.535209	0.81642354
269.584038	0.816157656
269.633691	0.802284072
269.681774	0.828384407
269.730623	0.815354109
269.779256	0.819199209
269.828163	0.81477797
269.876874	0.817982633
269.926312	0.806146259
269.974692	0.823323113
270.023098	0.823384137
270.071996	0.814874623
270.121384	0.806021503
270.170261	0.813866841
270.218432	0.823835249
270.267801	0.803007769
270.316835	0.808435093
270.365163	0.8202667
270.414453	0.804279493
270.462899	0.817931034
270.511364	0.817623651
270.560556	0.805336051
270.609767	0.805768771
270.658664	0.810283648
270.707031	0.818489495
270.756145	0.805290803
270.805199	0.804134021
270.853821	0.808640104
270.902444	0.806935436
270.951243	0.803705958
271.000572	0.796342931
271.049607	0.80240481
271.098563	0.805055574
271.147539	0.805979362
271.196357	0.81057121
271.245039	0.813571211
271.293877	0.811560312
271.342912	0.806979575
271.392005	0.80610527
271.440785	0.810479261
271.489702	0.807937482
271.538756	0.806299306
271.587536	0.811730015
271.636825	0.804104058
271.685428	0.816214414
271.734208	0.813759874
271.783615	0.803824865
271.832709	0.810573159
271.881842	0.810335023
271.930975	0.80961096
271.979322	0.822331044
272.028632	0.805727807
272.078177	0.80084998
272.127035	0.811783002
272.17605	0.810263002
272.22481	0.815936885
272.273315	0.821651444
272.32231	0.814654678
272.370971	0.821181203
272.420478	0.807738655
272.4691	0.824683067
272.519018	0.804005734
272.567837	0.82159721
272.617245	0.810709196
272.6652	0.834331124
272.714686	0.80817513
272.763465	0.819927662
272.812854	0.811555189
272.861221	0.830179086
272.910766	0.811997659
272.958956	0.836183993
273.008246	0.819953121
273.056809	0.833416977
273.105707	0.828359466
273.15451	0.830425193
273.203551	0.825303433
273.252769	0.820798983
273.301063	0.835913999
273.350458	0.816898592
273.39946	0.824351401
273.44801	0.832968842
273.496422	0.836179144
273.545738	0.821898652
273.594327	0.8363458
273.643015	0.835017502
273.692115	0.828053538
273.740468	0.840261945
273.789627	0.825692917
273.838865	0.823546484
273.887021	0.839939239
273.935866	0.825619579
273.984809	0.8231788
274.033555	0.826584981
274.082282	0.828312617
274.131067	0.828776068
274.179696	0.832957652
274.228776	0.826920032
274.277404	0.83634686
274.325817	0.840656787
274.374524	0.835724165
274.423742	0.82615483
274.472547	0.831665596
274.521431	0.829007891
274.56947	0.843461185
274.618963	0.819811259
274.66763	0.834779706
274.71673	0.828850837
274.765025	0.843872568
274.813909	0.834797453
274.86234	0.84487149
274.911598	0.831105242
274.960422	0.838097432
275.008953	0.842370811
275.057699	0.836447794
275.107015	0.825672439
275.155152	0.845365961
275.203977	0.833552622
275.253844	0.816328143
275.301686	0.851427004
275.350884	0.829248947
275.399631	0.838673503
275.448023	0.846165127
275.497143	0.833759293
275.546361	0.831782268
275.595009	0.84111242
275.643539	0.84162105
275.692462	0.832695774
275.741464	0.830396865
275.790898	0.823002981
275.839566	0.836189643
275.88843	0.833664421
275.937825	0.825540142
275.986492	0.83909001
276.034944	0.844017645
276.084201	0.830790384
276.13338	0.832023241
276.182048	0.840390906
276.23162	0.823628136
276.280641	0.830870655
276.32864	0.847021527
276.377335	0.83413887
276.426718	0.822281849
276.475354	0.83544088
276.524737	0.823727587
276.573609	0.833557463
276.623111	0.824616454
276.671884	0.838090411
276.720402	0.842856936
276.769215	0.837869282
276.818795	0.824771007
276.867982	0.830203899
276.916185	0.845846557
276.965135	0.832497539
277.014755	0.821038893
277.063764	0.831631136
277.112892	0.830873971
277.161135	0.847261153
277.210065	0.836543664
277.259272	0.834147953
277.308163	0.840365468
277.357232	0.83738347
277.405986	0.841794267
277.454976	0.836337678
277.504025	0.834634632
277.553448	0.82716904
277.601316	0.853381848
277.650857	0.824345937
277.699532	0.839754082
277.748267	0.839540562
277.79763	0.83091541
277.846443	0.841299257
277.895394	0.839464137
277.944679	0.833800598
277.993039	0.849533625
278.041419	0.847973158
278.090822	0.829083784
278.139143	0.846569583
278.188311	0.831664071
278.237163	0.837157923
278.286369	0.832127595
278.335083	0.841755873
278.383385	0.850719771
278.432041	0.846317054
278.481679	0.830703185
278.530296	0.848755624
278.579128	0.844514141
278.627646	0.848831927
278.677187	0.829910486
278.725528	0.849453095
278.774419	0.839365549
278.823114	0.842825595
278.872045	0.839260212
278.920661	0.845496006
278.969611	0.841253001
279.018602	0.843180087
279.067552	0.844776262
279.116503	0.844944376
279.165453	0.845297941
279.214227	0.846476597
279.263512	0.837024188
279.312049	0.849107358
279.360685	0.846750835
279.410187	0.831726474
279.459118	0.841484217
279.508187	0.839318632
279.556803	0.847869274
279.605016	0.856932127
279.654073	0.843393404
279.703209	0.842792585
279.751832	0.851914718
279.800948	0.841917738
279.850221	0.838771109
279.898904	0.848661558
279.947922	0.842903255
279.996899	0.843211148
280.045897	0.841511971
280.095505	0.831332334
280.144227	0.846994106
280.193087	0.845957499
280.242262	0.841169059
280.291437	0.841070705
280.340671	0.83995803
280.389393	0.847365908
280.43841	0.841747259
280.487645	0.837930094
280.536169	0.850395818
280.585245	0.840236882
280.63509	0.827498185
280.683458	0.852596171
280.732416	0.843416033
280.781552	0.841073406
280.831337	0.83118356
280.879606	0.858161196
280.928742	0.843714823
280.978054	0.840545142
281.026048	0.863180752
281.075813	0.83244
281.125106	0.840748732
281.174557	0.838501025
281.22324	0.852488287
281.271784	0.854924259
281.321216	0.839680339
281.370429	0.844285228
281.419467	0.848362756
281.468209	0.854555214
281.516891	0.856515356
281.566244	0.845403385
281.615103	0.853323938
281.664337	0.846927629
281.712822	0.860391058
281.762077	0.8475656
281.811055	0.852869149
281.859698	0.859064334
281.909424	0.839740768
281.958304	0.853670843
282.007006	0.857896751
282.055788	0.856787511
282.104705	0.85466176
282.154098	0.846023155
282.202071	0.870106262
282.251128	0.850687087
282.299889	0.855872732
282.34867	0.855862026
282.398259	0.842148865
282.446134	0.872682128
282.495683	0.84272103
282.543932	0.866311641
282.593068	0.850844842
282.641967	0.854952546
282.691319	0.847456069
282.739233	0.87269368
282.788488	0.847966036
282.837107	0.858844522
282.886406	0.847096257
282.934602	0.866664262
282.984158	0.843091549
283.032551	0.863341832
283.082462	0.836577734
283.130519	0.869586035
283.17974	0.848848594
283.228271	0.860564817
283.277176	0.853562445
283.326358	0.849216537
283.374613	0.86638967
283.423951	0.847689346
283.472601	0.858755805
283.522255	0.841545534
283.571181	0.854340844
283.620066	0.855744954
283.66838	0.865910714
283.717877	0.84503219
283.76629	0.864204853
283.815924	0.84405479
283.864495	0.862672595
283.913243	0.859779238
283.961773	0.863868177
284.010994	0.852322031
284.060097	0.854600462
284.108371	0.86945329
284.157454	0.855484775
284.206971	0.848400734
284.256546	0.847753419
284.30492	0.86924167
284.353982	0.856948902
284.403499	0.847807964
284.451813	0.869937724
284.500719	0.859697589
284.549585	0.861110939
284.599278	0.847287802
284.647455	0.874330042
284.696261	0.862301834
284.74562	0.851677453
284.794664	0.856702025
284.843333	0.862993709
284.89273	0.849827344
284.942109	0.848536041
284.9906	0.863078735
285.040176	0.842893291
285.08922	0.851707168
285.138007	0.856053951
285.186557	0.860578078
285.236054	0.844204979
285.285098	0.851886985
285.334101	0.851527634
285.38346	0.844513797
285.432307	0.853130698
285.481744	0.842811113
285.530491	0.855006433
285.579219	0.855063219
285.628775	0.840813441
285.678035	0.845981806
285.726547	0.86054057
285.775649	0.8519326
285.824949	0.849997469
285.874445	0.847779269
285.923233	0.859720748
285.972296	0.855117904
286.021202	0.858374752