120	0.298609
120.046	0.29942
120.091	0.304332
120.138	0.296534
120.184	0.302552
120.229	0.301822
120.276	0.298125
120.321	0.305109
120.368	0.295277
120.414	0.300688
120.46	0.302592
120.506	0.301459
120.553	0.2968
120.599	0.303119
120.645	0.300515
120.691	0.303703
120.737	0.301453
120.783	0.302492
120.83	0.29886
120.876	0.300787
120.922	0.298218
120.968	0.303636
121.015	0.298355
121.061	0.301742
121.107	0.301917
121.153	0.300437
121.199	0.302502
121.245	0.302189
121.292	0.299587
121.338	0.297806
121.384	0.301647
121.43	0.302058
121.476	0.300877
121.523	0.295691
121.569	0.299657
121.616	0.296822
121.662	0.30393
121.708	0.297587
121.754	0.304008
121.8	0.305205
121.847	0.298073
121.893	0.300748
121.939	0.301439
121.985	0.303671
122.032	0.296487
122.078	0.302141
122.125	0.297
122.171	0.302256
122.217	0.301183
122.264	0.299247
122.31	0.299255
122.356	0.303833
122.403	0.303184
122.449	0.304706
122.495	0.302299
122.542	0.29697
122.588	0.299929
122.634	0.300452
122.681	0.302267
122.727	0.300725
122.773	0.304029
122.82	0.297822
122.866	0.302348
122.913	0.299205
122.959	0.303374
123.005	0.301683
123.052	0.300448
123.098	0.299996
123.145	0.304736
123.191	0.299772
123.238	0.302359
123.285	0.298843
123.33	0.306519
123.377	0.300857
123.424	0.301032
123.47	0.3065
123.516	0.308701
123.563	0.29916
123.609	0.310898
123.656	0.302971
123.702	0.312291
123.749	0.307407
123.795	0.312366
123.842	0.30837
123.888	0.313592
123.934	0.311523
123.981	0.309557
124.027	0.313245
124.073	0.312667
124.12	0.308027
124.166	0.312511
124.213	0.312301
124.259	0.309537
124.305	0.315643
124.353	0.305981
124.399	0.314026
124.445	0.317628
124.491	0.313895
124.538	0.308424
124.584	0.313345
124.631	0.311314
124.678	0.313155
124.724	0.31337
124.771	0.312687
124.817	0.31828
124.863	0.312358
124.91	0.317462
124.956	0.312041
125.002	0.318457
125.049	0.313873
125.096	0.321863
125.142	0.322679
125.189	0.314744
125.235	0.319696
125.282	0.32164
125.328	0.320285
125.375	0.319735
125.422	0.318793
125.468	0.32268
125.514	0.325552
125.561	0.320153
125.607	0.324779
125.654	0.322845
125.701	0.317448
125.747	0.318978
125.793	0.32166
125.84	0.320852
125.887	0.319776
125.933	0.323994
125.979	0.323911
126.026	0.321022
126.072	0.321657
126.119	0.32519
126.165	0.324143
126.212	0.318376
126.259	0.323849
126.306	0.318121
126.351	0.326179
126.398	0.318053
126.445	0.320544
126.491	0.322327
126.538	0.319505
126.585	0.321011
126.632	0.319669
126.679	0.321756
126.725	0.327334
126.771	0.327862
126.818	0.319701
126.865	0.321251
126.911	0.323443
126.958	0.322099
127.004	0.323134
127.05	0.326074
127.098	0.318204
127.144	0.318488
127.191	0.322344
127.237	0.321984
127.284	0.320863
127.331	0.322093
127.378	0.326049
127.424	0.325888
127.47	0.326239
127.518	0.314959
127.565	0.325455
127.611	0.324101
127.658	0.317019
127.705	0.32225
127.751	0.320992
127.798	0.318485
127.845	0.325287
127.892	0.328561
127.938	0.335174
127.985	0.326061
128.031	0.342253
128.079	0.332371
128.125	0.339904
128.172	0.334375
128.219	0.334345
128.265	0.337239
128.312	0.334701
128.359	0.334115
128.406	0.332095
128.453	0.3339
128.499	0.338816
128.546	0.333639
128.593	0.335068
128.64	0.338529
128.686	0.338557
128.734	0.337275
128.781	0.335873
128.828	0.334508
128.874	0.340842
128.921	0.338258
128.968	0.334744
129.014	0.337439
129.061	0.334448
129.108	0.334408
129.156	0.334967
129.203	0.336153
129.25	0.340192
129.296	0.337525
129.344	0.335912
129.39	0.343171
129.437	0.341584
129.483	0.341581
129.531	0.330477
129.578	0.337956
129.624	0.339671
129.671	0.337689
129.719	0.331645
129.766	0.337201
129.812	0.338943
129.859	0.338629
129.906	0.343338
129.953	0.342453
130	0.33387
130.047	0.345389
130.095	0.330309
130.14	0.350772
130.187	0.338054
130.234	0.33977
130.281	0.343648
130.328	0.338212
130.375	0.343011
130.422	0.340328
130.469	0.33865
130.516	0.34149
130.562	0.351635
130.609	0.337576
130.656	0.345979
130.702	0.346786
130.749	0.344488
130.796	0.343141
130.844	0.34111
130.89	0.347546
130.937	0.344712
130.984	0.345052
131.031	0.346235
131.078	0.344407
131.125	0.349429
131.171	0.347081
131.218	0.347577
131.265	0.347717
131.312	0.345717
131.358	0.344775
131.405	0.34311
131.452	0.34654
131.499	0.341452
131.546	0.345771
131.593	0.345972
131.639	0.347624
131.687	0.345875
131.733	0.352039
131.78	0.347874
131.827	0.348558
131.874	0.34395
131.921	0.349165
131.968	0.345081
132.014	0.34954
132.061	0.347978
132.109	0.340448
132.156	0.344921
132.203	0.345847
132.25	0.349352
132.296	0.348977
132.344	0.346406
132.39	0.351788
132.437	0.348751
132.484	0.346745
132.532	0.343483
132.578	0.346653
132.626	0.34289
132.673	0.34507
132.72	0.345135
132.767	0.348707
132.814	0.345568
132.861	0.343411
132.907	0.352675
132.955	0.344724
133.002	0.348193
133.049	0.345276
133.096	0.345103
133.143	0.350281
133.191	0.339558
133.237	0.349471
133.285	0.338355
133.332	0.345676
133.379	0.347459
133.426	0.342509
133.473	0.347229
133.52	0.350135
133.567	0.34316
133.614	0.352055
133.661	0.347532
133.709	0.345659
133.756	0.346648
133.803	0.34747
133.85	0.342531
133.897	0.341471
133.945	0.344051
133.991	0.347143
134.039	0.341576
134.086	0.343078
134.134	0.340812
134.181	0.349845
134.228	0.346895
134.275	0.342274
134.322	0.348446
134.369	0.350533
134.417	0.339426
134.464	0.344138
134.511	0.344812
134.559	0.339979
134.605	0.349372
134.653	0.342034
134.7	0.349421
134.747	0.342145
134.795	0.34684
134.842	0.349329
134.89	0.344568
134.936	0.348758
134.983	0.348021
135.031	0.342984
135.078	0.345425
135.125	0.34442
135.173	0.336562
135.221	0.342946
135.268	0.342183
135.315	0.346038
135.362	0.347074
135.409	0.346078
135.457	0.347308
135.504	0.34521
135.551	0.345468
135.599	0.342066
135.647	0.341354
135.694	0.343388
135.742	0.344777
135.789	0.339365
135.837	0.345881
135.884	0.349387
135.931	0.341191
135.979	0.34933
136.026	0.349577
136.073	0.352456
136.121	0.351733
136.168	0.344392
136.215	0.358024
136.263	0.351135
136.31	0.353027
136.357	0.356093
136.404	0.355601
136.452	0.35413
136.499	0.352706
136.547	0.352716
136.593	0.361189
136.64	0.356021
136.688	0.352028
136.735	0.358558
136.783	0.35471
136.831	0.350605
136.878	0.359965
136.925	0.357361
136.972	0.35795
137.019	0.358589
137.066	0.361963
137.114	0.354265
137.161	0.361086
137.208	0.35626
137.255	0.368825
137.302	0.36099
137.349	0.358965
137.397	0.356508
137.444	0.357655
137.491	0.355012
137.538	0.367077
137.586	0.36151
137.633	0.361324
137.68	0.363288
137.727	0.368696
137.775	0.358802
137.822	0.368603
137.87	0.366243
137.916	0.369116
137.963	0.365779
138.01	0.365483
138.058	0.3601
138.105	0.365272
138.152	0.366981
138.2	0.366428
138.248	0.357886
138.295	0.360402
138.342	0.37034
138.389	0.365696
138.437	0.368295
138.484	0.367266
138.532	0.362212
138.579	0.366078
138.626	0.3656
138.674	0.357426
138.721	0.366606
138.769	0.362632
138.816	0.361078
138.864	0.364628
138.911	0.366439
138.958	0.364999
139.006	0.364618
139.053	0.36815
139.101	0.364637
139.148	0.365123
139.196	0.36149
139.243	0.362232
139.29	0.365309
139.338	0.361997
139.385	0.364657
139.432	0.364771
139.48	0.354911
139.528	0.360311
139.575	0.364966
139.622	0.370618
139.67	0.361764
139.718	0.365799
139.765	0.364181
139.813	0.362253
139.86	0.363804
139.908	0.361103
139.955	0.363315
140.003	0.363233
140.05	0.36125
140.098	0.360108
140.145	0.36635
140.193	0.362803
140.241	0.361216
140.288	0.367145
140.336	0.358031
140.383	0.367742
140.431	0.359005
140.479	0.362527
140.526	0.364998
140.573	0.36224
140.621	0.363207
140.668	0.363053
140.715	0.365255
140.763	0.360769
140.811	0.361592
140.859	0.361163
140.906	0.366982
140.954	0.368319
141.001	0.361888
141.049	0.365801
141.097	0.359597
141.144	0.364069
141.192	0.362935
141.24	0.35714
141.288	0.360221
141.335	0.365876
141.383	0.360261
141.43	0.364223
141.478	0.365261
141.525	0.369439
141.573	0.364213
141.621	0.36458
141.668	0.364941
141.716	0.364917
141.764	0.357852
141.811	0.370047
141.859	0.360783
141.907	0.364559
141.954	0.364026
142.002	0.365419
142.05	0.363505
142.097	0.366508
142.145	0.366075
142.193	0.367092
142.24	0.36511
142.288	0.366882
142.336	0.36341
142.383	0.366372
142.431	0.363199
142.479	0.362431
142.527	0.364628
142.574	0.372128
142.622	0.366976
142.669	0.365476
142.717	0.3703
142.764	0.373087
142.812	0.364088
142.86	0.369221
142.908	0.365994
142.955	0.369086
143.003	0.367275
143.05	0.373193
143.098	0.36943
143.145	0.373726
143.193	0.371099
143.241	0.374119
143.289	0.36996
143.336	0.377169
143.384	0.367911
143.431	0.374287
143.479	0.37295
143.526	0.373223
143.574	0.369703
143.621	0.380902
143.669	0.36892
143.717	0.378199
143.765	0.372058
143.813	0.370198
143.86	0.377338
143.907	0.384702
143.955	0.375324
144.004	0.371108
144.051	0.376192
144.098	0.378726
144.146	0.378653
144.193	0.380507
144.241	0.372722
144.288	0.377377
144.336	0.372637
144.384	0.372734
144.432	0.372282
144.479	0.379123
144.527	0.380601
144.575	0.372523
144.623	0.372692
144.671	0.373048
144.718	0.375098
144.766	0.371331
144.814	0.371347
144.862	0.371514
144.91	0.377993
144.957	0.37697
145.005	0.374997
145.054	0.369856
145.102	0.37387
145.149	0.380878
145.197	0.379431
145.245	0.373451
145.292	0.377066
145.34	0.375411
145.388	0.376753
145.436	0.37509
145.484	0.370531
145.531	0.383604
145.579	0.370917
145.627	0.379863
145.675	0.375587
145.722	0.379755
145.77	0.377611
145.818	0.376197
145.866	0.378347
145.914	0.374382
145.962	0.372668
146.01	0.379157
146.058	0.371706
146.105	0.379024
146.153	0.375909
146.2	0.379768
146.249	0.375677
146.297	0.375211
146.345	0.374487
146.392	0.384191
146.44	0.379588
146.488	0.373159
146.536	0.382354
146.584	0.375988
146.632	0.375192
146.679	0.381455
146.727	0.375358
146.775	0.380892
146.823	0.378272
146.871	0.380835
146.919	0.379343
146.967	0.381055
147.014	0.385977
147.062	0.380792
147.11	0.378243
147.158	0.380129
147.205	0.384019
147.253	0.38
147.301	0.378428
147.349	0.381761
147.397	0.380455
147.445	0.37785
147.493	0.38388
147.54	0.386828
147.588	0.385823
147.636	0.382992
147.684	0.387927
147.731	0.382136
147.779	0.382059
147.827	0.381398
147.876	0.378613
147.923	0.38857
147.971	0.380209
148.019	0.3836
148.067	0.382792
148.114	0.386366
148.162	0.383406
148.21	0.386235
148.257	0.384782
148.305	0.384784
148.353	0.383741
148.401	0.38246
148.449	0.383516
148.496	0.38564
148.544	0.385002
148.592	0.384947
148.639	0.386137
148.688	0.381313
148.735	0.387263
148.783	0.390414
148.83	0.386291
148.878	0.382206
148.926	0.384216
148.974	0.384267
149.022	0.383802
149.07	0.382606
149.118	0.383356
149.165	0.38865
149.213	0.382283
149.26	0.388963
149.308	0.383405
149.356	0.386814
149.404	0.382891
149.452	0.385271
149.499	0.385054
149.547	0.386404
149.595	0.383082
149.642	0.384436
149.691	0.378961
149.738	0.388184
149.786	0.383458
149.834	0.387224
149.882	0.379825
149.93	0.386773
149.977	0.389211
150.025	0.384692
150.073	0.384998
150.121	0.386543
150.169	0.383776
150.217	0.383321
150.265	0.382774
150.312	0.394309
150.36	0.381123
150.408	0.382309
150.457	0.385079
150.504	0.386254
150.552	0.390643
150.6	0.38428
150.648	0.390038
150.696	0.384848
150.744	0.38541
150.792	0.386081
150.84	0.384264
150.888	0.38449
150.936	0.387653
150.984	0.386506
151.032	0.381555
151.08	0.392967
151.128	0.385133
151.175	0.395267
151.224	0.388882
151.272	0.396672
151.32	0.39346
151.368	0.387124
151.416	0.404378
151.464	0.39364
151.512	0.400427
151.56	0.398232
151.608	0.397188
151.656	0.400235
151.705	0.397664
151.753	0.398768
151.801	0.39855
151.848	0.410898
151.896	0.39566
151.945	0.399299
151.994	0.391786
152.041	0.405092
152.089	0.401528
152.137	0.395767
152.185	0.397002
152.233	0.400241
152.281	0.401544
152.329	0.401336
152.377	0.402037
152.425	0.400332
152.473	0.406078
152.522	0.404653
152.57	0.406422
152.618	0.404919
152.665	0.408494
152.714	0.402145
152.762	0.403476
152.81	0.40431
152.858	0.406827
152.906	0.408117
152.954	0.404742
153.002	0.411369
153.05	0.402886
153.098	0.412581
153.146	0.409664
153.194	0.409477
153.243	0.402721
153.291	0.410339
153.339	0.407069
153.386	0.414036
153.435	0.401516
153.483	0.409874
153.531	0.407928
153.579	0.407775
153.627	0.41422
153.675	0.404996
153.723	0.416584
153.771	0.411364
153.819	0.406566
153.867	0.412258
153.915	0.41114
153.963	0.409069
154.012	0.40096
154.059	0.415997
154.108	0.405777
154.155	0.414677
154.204	0.405526
154.252	0.410788
154.3	0.410813
154.348	0.411338
154.396	0.418065
154.445	0.406189
154.492	0.416227
154.54	0.40805
154.588	0.407156
154.637	0.407391
154.684	0.412256
154.733	0.408488
154.781	0.402235
154.829	0.413954
154.877	0.411314
154.924	0.419302
154.973	0.410765
155.021	0.421213
155.069	0.422254
155.117	0.426571
155.165	0.422431
155.213	0.418722
155.261	0.423354
155.309	0.421783
155.358	0.414
155.406	0.419608
155.454	0.421907
155.501	0.425297
155.55	0.416934
155.598	0.422864
155.646	0.423063
155.694	0.421872
155.742	0.421652
155.79	0.425187
155.839	0.416057
155.886	0.428222
155.934	0.422479
155.983	0.415759
156.03	0.429115
156.078	0.417526
156.127	0.420424
156.175	0.421568
156.223	0.421097
156.271	0.428506
156.319	0.421939
156.367	0.418321
156.415	0.426288
156.463	0.423908
156.511	0.425063
156.56	0.416363
156.608	0.420024
156.656	0.424484
156.705	0.419731
156.752	0.42582
156.8	0.425676
156.849	0.422493
156.897	0.422535
156.945	0.429284
156.993	0.422932
157.041	0.426495
157.089	0.424174
157.138	0.415504
157.186	0.429466
157.235	0.418962
157.282	0.429238
157.331	0.422786
157.379	0.427081
157.427	0.427419
157.475	0.422869
157.523	0.426856
157.571	0.42976
157.619	0.42561
157.667	0.426741
157.715	0.427528
157.763	0.423556
157.812	0.423884
157.86	0.425981
157.908	0.420515
157.956	0.42684
158.004	0.425563
158.052	0.430834
158.1	0.42635
158.148	0.424248
158.196	0.427942
158.244	0.424006
158.292	0.428875
158.34	0.427814
158.388	0.428256
158.436	0.426905
158.484	0.425165
158.532	0.427797
158.58	0.431095
158.628	0.425067
158.675	0.43643
158.724	0.426924
158.772	0.429646
158.82	0.431086
158.867	0.429671
158.916	0.427321
158.963	0.432378
159.012	0.422807
159.06	0.428946
159.107	0.433392
159.155	0.428437
159.203	0.431424
159.251	0.429513
159.299	0.432691
159.347	0.440709
159.395	0.42927
159.442	0.439276
159.49	0.435726
159.538	0.432209
159.586	0.431203
159.634	0.430273
159.682	0.430551
159.73	0.435067
159.779	0.427681
159.827	0.432871
159.875	0.429658
159.923	0.436581
159.971	0.436042
160.018	0.437273
160.066	0.434192
160.114	0.437493
160.163	0.424581
160.211	0.436426
160.259	0.433658
160.307	0.435713
160.355	0.429702
160.403	0.43404
160.451	0.434266
160.499	0.434021
160.547	0.433019
160.595	0.438784
160.643	0.431063
160.691	0.437818
160.739	0.430435
160.787	0.435002
160.836	0.432818
160.883	0.435799
160.932	0.424611
160.98	0.437616
161.029	0.430887
161.076	0.436042
161.124	0.436279
161.172	0.435422
161.221	0.436615
161.269	0.432668
161.318	0.430264
161.366	0.432279
161.413	0.440782
161.462	0.430722
161.51	0.432124
161.558	0.429849
161.606	0.434052
161.655	0.429569
161.703	0.433899
161.752	0.428472
161.799	0.439727
161.847	0.433737
161.896	0.436353
161.944	0.437587
161.992	0.430501
162.041	0.432224
162.089	0.432255
162.137	0.435631
162.185	0.437147
162.234	0.425794
162.282	0.438198
162.33	0.43433
162.379	0.429506
162.427	0.433063
162.476	0.431687
162.523	0.442431
162.571	0.438704
162.62	0.427726
162.669	0.438258
162.717	0.439998
162.765	0.433221
162.814	0.438815
162.862	0.44121
162.91	0.438731
162.959	0.4321
163.007	0.444291
163.055	0.443143
163.103	0.442942
163.151	0.450528
163.2	0.443621
163.249	0.444071
163.297	0.445078
163.345	0.449195
163.394	0.439988
163.443	0.444299
163.491	0.444462
163.539	0.444091
163.587	0.449656
163.636	0.444323
163.684	0.449331
163.733	0.441357
163.781	0.450038
163.83	0.44269
163.877	0.455196
163.925	0.449937
163.974	0.448044
164.022	0.449143
164.07	0.456077
164.119	0.446708
164.167	0.459231
164.216	0.453756
164.263	0.4566
164.312	0.450937
164.361	0.452655
164.409	0.458148
164.457	0.450949
164.505	0.456801
164.553	0.459485
164.601	0.461813
164.65	0.450084
164.698	0.457205
164.747	0.454319
164.795	0.454433
164.843	0.454326
164.892	0.455275
164.94	0.459213
164.988	0.454369
165.036	0.456209
165.084	0.458903
165.133	0.455398
165.181	0.453356
165.229	0.459626
165.277	0.45814
165.326	0.453469
165.374	0.458661
165.423	0.453934
165.471	0.452597
165.519	0.45719
165.568	0.456848
165.616	0.459391
165.664	0.459333
165.712	0.459414
165.761	0.457301
165.809	0.455814
165.857	0.466589
165.906	0.452433
165.954	0.461775
166.003	0.452932
166.051	0.459675
166.099	0.458483
166.147	0.456385
166.196	0.455914
166.244	0.4551
166.293	0.452167
166.342	0.455765
166.39	0.456496
166.438	0.458665
166.487	0.454208
166.535	0.463346
166.584	0.454678
166.632	0.456247
166.681	0.453565
166.73	0.45101
166.778	0.453147
166.826	0.463923
166.875	0.449512
166.923	0.460548
166.972	0.459364
167.02	0.452894
167.069	0.45498
167.118	0.454832
167.166	0.4586
167.215	0.454761
167.263	0.458595
167.312	0.449769
167.36	0.461038
167.409	0.452906
167.457	0.454515
167.506	0.456834
167.555	0.451612
167.603	0.456388
167.651	0.457414
167.7	0.462732
167.748	0.455396
167.797	0.450887
167.845	0.459482
167.895	0.450251
167.943	0.460107
167.992	0.449829
168.04	0.460693
168.088	0.457114
168.137	0.454699
168.186	0.454504
168.234	0.452292
168.283	0.45225
168.332	0.457397
168.379	0.464933
168.429	0.450995
168.477	0.453623
168.525	0.461262
168.574	0.452031
168.623	0.454854
168.672	0.456892
168.72	0.455189
168.768	0.461401
168.816	0.461913
168.865	0.449392
168.914	0.455635
168.962	0.457121
169.011	0.455005
169.059	0.458578
169.108	0.453732
169.157	0.45695
169.205	0.461002
169.254	0.452558
169.302	0.460409
169.35	0.456871
169.399	0.453304
169.448	0.456579
169.497	0.455159
169.545	0.462283
169.593	0.456276
169.642	0.461
169.69	0.456582
169.739	0.460186
169.788	0.456174
169.836	0.464054
169.885	0.455545
169.933	0.463728
169.982	0.458734
170.031	0.456795
170.079	0.461609
170.128	0.450906
170.176	0.463189
170.225	0.458948
170.274	0.462802
170.322	0.463485
170.37	0.469342
170.419	0.460894
170.468	0.456289
170.516	0.47593
170.565	0.460468
170.614	0.45241
170.662	0.469165
170.712	0.458605
170.76	0.466843
170.808	0.464413
170.857	0.462787
170.906	0.46512
170.955	0.46227
171.004	0.461893
171.051	0.475872
171.1	0.458777
171.148	0.470327
171.197	0.46615
171.246	0.462311
171.295	0.464972
171.343	0.463049
171.392	0.464895
171.44	0.470268
171.49	0.455585
171.538	0.470195
171.587	0.458515
171.636	0.465342
171.684	0.471314
171.733	0.460267
171.782	0.464806
171.83	0.466012
171.879	0.461981
171.927	0.470677
171.977	0.459295
172.026	0.459703
172.074	0.466546
172.123	0.466955
172.171	0.46558
172.221	0.459676
172.27	0.45815
172.318	0.471596
172.367	0.462018
172.416	0.467422
172.465	0.462237
172.514	0.464073
172.563	0.459441
172.611	0.468287
172.66	0.463241
172.709	0.462731
172.758	0.463958
172.807	0.461006
172.855	0.475587
172.904	0.462727
172.952	0.467154
173.001	0.462823
173.051	0.459353
173.099	0.466281
173.148	0.466549
173.196	0.468439
173.245	0.459382
173.294	0.467416
173.343	0.462815
173.392	0.460319
173.441	0.466986
173.489	0.472219
173.538	0.463617
173.587	0.467467
173.636	0.462965
173.684	0.468889
173.733	0.468057
173.782	0.466378
173.831	0.460537
173.879	0.472305
173.928	0.465515
173.977	0.467305
174.026	0.464828
174.075	0.469321
174.124	0.460874
174.173	0.469175
174.221	0.469176
174.27	0.465104
174.319	0.467657
174.367	0.471256
174.416	0.467196
174.465	0.464935
174.514	0.467818
174.562	0.47053
174.612	0.46026
174.661	0.468277
174.709	0.467153
174.758	0.467887
174.807	0.466979
174.856	0.464359
174.905	0.471314
174.954	0.465492
175.003	0.47066
175.051	0.473808
175.1	0.464345
175.149	0.465034
175.198	0.46322
175.247	0.472355
175.296	0.466501
175.345	0.464384
175.393	0.471109
175.442	0.466087
175.491	0.467045
175.54	0.465893
175.589	0.471274
175.638	0.465495
175.688	0.46062
175.736	0.468479
175.785	0.465304
175.834	0.473304
175.883	0.465622
175.932	0.468808
175.98	0.468458
176.029	0.465683
176.078	0.472873
176.127	0.470188
176.176	0.464578
176.225	0.472263
176.274	0.462171
176.323	0.472567
176.371	0.477875
176.421	0.456332
176.469	0.472752
176.518	0.472885
176.567	0.459352
176.615	0.478837
176.664	0.471686
176.713	0.467816
176.763	0.468122
176.811	0.474084
176.86	0.47185
176.909	0.470636
176.958	0.471317
177.007	0.46981
177.056	0.47131
177.105	0.470899
177.154	0.473716
177.203	0.469417
177.252	0.470898
177.301	0.472551
177.349	0.474719
177.398	0.472598
177.446	0.480732
177.496	0.47114
177.544	0.475285
177.594	0.468699
177.642	0.477943
177.691	0.473772
177.74	0.479261
177.79	0.465932
177.838	0.480765
177.887	0.473715
177.935	0.48187
177.985	0.477869
178.033	0.48595
178.082	0.481063
178.13	0.495924
178.179	0.484646
178.229	0.479046
178.277	0.489126
178.326	0.486534
178.375	0.483466
178.423	0.490258
178.473	0.478908
178.521	0.492631
178.57	0.486243
178.619	0.48512
178.668	0.482381
178.717	0.486119
178.766	0.484941
178.815	0.485223
178.864	0.488883
178.913	0.492663
178.962	0.48645
179.01	0.490216
179.059	0.484273
179.108	0.4934
179.158	0.479593
179.206	0.490866
179.255	0.487285
179.304	0.489359
179.352	0.496868
179.402	0.490679
179.451	0.487166
179.5	0.48751
179.549	0.497347
179.598	0.489499
179.647	0.496663
179.695	0.494338
179.744	0.497289
179.793	0.486709
179.843	0.490175
179.891	0.494893
179.94	0.493378
179.99	0.491049
180.038	0.494263
180.088	0.490946
180.136	0.498676
180.185	0.501552
180.234	0.492134
180.283	0.493663
180.332	0.498833
180.381	0.489322
180.43	0.498951
180.479	0.494107
180.528	0.495033
180.577	0.492857
180.626	0.495422
180.675	0.494655
180.723	0.507298
180.773	0.48729
180.822	0.497089
180.871	0.496411
180.919	0.504496
180.968	0.49456
181.018	0.491258
181.066	0.497818
181.115	0.495353
181.164	0.499008
181.214	0.486699
181.262	0.497518
181.312	0.493411
181.36	0.50216
181.409	0.494451
181.458	0.499152
181.506	0.501032
181.555	0.496091
181.604	0.499622
181.653	0.493631
181.701	0.500314
181.75	0.497623
181.799	0.498568
181.848	0.490757
181.898	0.493523
181.946	0.496151
181.995	0.501581
182.044	0.497457
182.092	0.501622
182.142	0.48996
182.191	0.500901
182.24	0.498343
182.288	0.502337
182.337	0.498714
182.386	0.498823
182.434	0.503514
182.483	0.498168
182.532	0.494898
182.581	0.500266
182.629	0.498805
182.678	0.504395
182.727	0.494426
182.775	0.507912
182.823	0.502807
182.872	0.499026
182.921	0.497814
182.97	0.494531
183.02	0.494317
183.068	0.504234
183.117	0.498185
183.166	0.49628
183.214	0.503134
183.263	0.498698
183.313	0.49324
183.361	0.498035
183.411	0.497631
183.459	0.501185
183.508	0.500035
183.557	0.499252
183.606	0.511694
183.654	0.505294
183.703	0.498445
183.752	0.511791
183.801	0.499621
183.849	0.504294
183.898	0.499844
183.948	0.495566
183.996	0.500886
184.045	0.504094
184.094	0.501529
184.143	0.509424
184.192	0.505406
184.24	0.512806
184.289	0.507968
184.338	0.510131
184.387	0.51162
184.436	0.507008
184.485	0.507801
184.534	0.504517
184.583	0.509379
184.632	0.511965
184.68	0.513871
184.729	0.506517
184.778	0.509951
184.827	0.514142
184.876	0.50681
184.925	0.508882
184.975	0.504342
185.024	0.509216
185.073	0.512848
185.121	0.513054
185.17	0.511293
185.219	0.509585
185.268	0.504692
185.317	0.512367
185.366	0.506168
185.415	0.512392
185.464	0.512478
185.513	0.510272
185.562	0.50545
185.611	0.516305
185.66	0.505341
185.709	0.50784
185.758	0.511143
185.807	0.512437
185.856	0.506327
185.905	0.509166
185.954	0.515695
186.003	0.508369
186.052	0.513461
186.101	0.511756
186.15	0.512491
186.199	0.508291
186.248	0.512906
186.297	0.514824
186.346	0.506477
186.396	0.507472
186.445	0.510449
186.494	0.515284
186.543	0.512063
186.592	0.505263
186.641	0.512694
186.69	0.51677
186.739	0.511591
186.788	0.513014
186.838	0.504556
186.886	0.521823
186.935	0.504313
186.984	0.514992
187.033	0.512599
187.083	0.502488
187.132	0.516855
187.181	0.509951
187.23	0.509276
187.279	0.512132
187.328	0.518986
187.376	0.519526
187.426	0.511933
187.475	0.51378
187.524	0.514256
187.573	0.512258
187.623	0.509591
187.672	0.515392
187.721	0.509918
187.769	0.522993
187.819	0.512388
187.868	0.509577
187.917	0.519493
187.966	0.510813
188.015	0.519355
188.064	0.518874
188.113	0.512736
188.162	0.520597
188.211	0.517402
188.26	0.518325
188.309	0.520584
188.358	0.513316
188.407	0.519905
188.456	0.5191
188.505	0.5132
188.554	0.517739
188.603	0.516657
188.652	0.513872
188.701	0.522111
188.75	0.516622
188.799	0.522424
188.848	0.51226
188.897	0.52062
188.946	0.515659
188.996	0.513154
189.044	0.519123
189.093	0.520182
189.142	0.51732
189.191	0.517673
189.24	0.522422
189.29	0.509217
189.338	0.520156
189.388	0.512962
189.437	0.521171
189.485	0.520139
189.534	0.520682
189.584	0.51479
189.632	0.522171
189.681	0.521507
189.73	0.515523
189.779	0.517132
189.828	0.521831
189.877	0.518915
189.926	0.512449
189.975	0.518328
190.024	0.518342
190.074	0.513769
190.122	0.528205
190.171	0.517984
190.22	0.516114
190.268	0.529367
190.318	0.508053
190.367	0.519908
190.416	0.522896
190.465	0.516702
190.514	0.519101
190.563	0.51489
190.612	0.52824
190.661	0.519206
190.71	0.517818
190.759	0.515764
190.808	0.520591
190.857	0.519367
190.906	0.519289
190.955	0.518415
191.004	0.521472
191.053	0.522078
191.102	0.519873
191.151	0.519708
191.2	0.520398
191.249	0.516253
191.298	0.520473
191.347	0.522261
191.397	0.51782
191.445	0.522765
191.494	0.519942
191.544	0.517458
191.592	0.525191
191.641	0.526156
191.69	0.521736
191.739	0.513974
191.788	0.522967
191.836	0.52813
191.885	0.520494
191.934	0.519713
191.983	0.524219
192.033	0.512817
192.081	0.528045
192.13	0.52019
192.179	0.527028
192.228	0.518394
192.277	0.518969
192.326	0.519713
192.375	0.523034
192.424	0.519816
192.473	0.522003
192.522	0.519259
192.57	0.528153
192.619	0.518688
192.668	0.527698
192.717	0.517987
192.766	0.520835
192.815	0.516828
192.864	0.525642
192.913	0.522268
192.961	0.526819
193.01	0.521269
193.059	0.522159
193.109	0.51488
193.157	0.525965
193.206	0.523325
193.255	0.521552
193.304	0.519065
193.352	0.528209
193.402	0.517626
193.451	0.520104
193.5	0.524393
193.549	0.51726
193.597	0.525768
193.646	0.521136
193.696	0.514749
193.744	0.536708
193.793	0.52131
193.842	0.515221
193.891	0.527264
193.94	0.516751
193.989	0.523209
194.038	0.518094
194.088	0.512106
194.137	0.526698
194.186	0.523395
194.234	0.524853
194.284	0.517013
194.332	0.527783
194.382	0.514304
194.43	0.528001
194.48	0.518106
194.529	0.523039
194.577	0.528975
194.627	0.519482
194.676	0.523373
194.725	0.522683
194.774	0.521946
194.822	0.527822
194.872	0.515007
194.921	0.526572
194.97	0.522986
195.019	0.519421
195.068	0.528163
195.117	0.523882
195.167	0.521689
195.216	0.528046
195.265	0.520697
195.314	0.530044
195.363	0.530057
195.412	0.52268
195.461	0.527711
195.511	0.526409
195.559	0.533189
195.608	0.529159
195.658	0.522755
195.707	0.531537
195.756	0.526069
195.805	0.529171
195.854	0.528466
195.903	0.527853
195.952	0.532406
196.001	0.529699
196.051	0.526123
196.1	0.527186
196.149	0.537659
196.198	0.52277
196.247	0.536897
196.296	0.525303
196.345	0.537918
196.394	0.527697
196.444	0.528817
196.493	0.532866
196.542	0.537795
196.591	0.531214
196.64	0.534153
196.689	0.544426
196.738	0.533247
196.787	0.535482
196.836	0.537293
196.885	0.540591
196.934	0.535348
196.983	0.531724
197.032	0.536628
197.081	0.546072
197.131	0.525989
197.179	0.538868
197.229	0.531272
197.278	0.5407
197.326	0.544106
197.375	0.536734
197.424	0.541748
197.473	0.540721
197.522	0.53103
197.571	0.541344
197.62	0.532541
197.669	0.539579
197.718	0.539424
197.767	0.53365
197.816	0.537924
197.865	0.535679
197.914	0.537454
197.963	0.547453
198.012	0.534016
198.061	0.544573
198.11	0.539242
198.159	0.537169
198.208	0.54003
198.256	0.544749
198.305	0.537864
198.355	0.534476
198.404	0.534095
198.452	0.548119
198.501	0.5413
198.55	0.538956
198.599	0.540814
198.649	0.535397
198.697	0.541494
198.747	0.536254
198.795	0.545506
198.844	0.544851
198.893	0.534851
198.942	0.541761
198.99	0.548504
199.04	0.538082
199.089	0.536061
199.138	0.547688
199.187	0.536756
199.236	0.541834
199.285	0.543464
199.334	0.538525
199.384	0.539517
199.432	0.546937
199.482	0.531952
199.531	0.545866
199.58	0.540408
199.629	0.54466
199.677	0.544152
199.727	0.534815
199.776	0.545676
199.825	0.541412
199.874	0.539531
199.923	0.54214
199.972	0.540078
200.021	0.547503
200.07	0.539029
200.12	0.542077
200.169	0.540583
200.218	0.541961
200.266	0.544961
200.316	0.535032
200.365	0.543215
200.414	0.542413
200.463	0.541932
200.513	0.538493
200.561	0.544968
200.611	0.542053
200.66	0.534998
200.709	0.548169
200.758	0.538988
200.808	0.534586
200.857	0.546677
200.906	0.533716
200.955	0.542812
201.004	0.542938
201.053	0.54231
201.103	0.536987
201.152	0.537304
201.201	0.546673
201.25	0.542894
201.299	0.542143
201.349	0.53704
201.397	0.547449
201.447	0.540398
201.496	0.541386
201.545	0.540541
201.594	0.54486
201.643	0.544144
201.693	0.534224
201.742	0.535457
201.791	0.548893
201.84	0.539532
201.889	0.543274
201.938	0.549395
201.987	0.542112
202.037	0.535224
202.085	0.551408
202.134	0.542592
202.184	0.539099
202.233	0.54193
202.282	0.541617
202.331	0.546801
202.38	0.540688
202.429	0.551645
202.478	0.535998
202.527	0.5476
202.576	0.539562
202.625	0.545857
202.675	0.540021
202.724	0.539243
202.773	0.549402
202.821	0.552369
202.87	0.543971
202.919	0.544125
202.968	0.546851
203.017	0.535686
203.067	0.542711
203.115	0.553992
203.164	0.541611
203.212	0.553344
203.262	0.53563
203.311	0.544411
203.36	0.548373
203.409	0.5494
203.458	0.543515
203.507	0.545883
203.555	0.557337
203.604	0.543851
203.654	0.540099
203.703	0.547195
203.752	0.545376
203.801	0.546425
203.85	0.541418
203.899	0.556484
203.947	0.552414
203.997	0.548169
204.046	0.545403
204.095	0.547059
204.144	0.550277
204.194	0.538889
204.242	0.549326
204.291	0.548637
204.34	0.550141
204.39	0.544039
204.438	0.556016
204.487	0.547306
204.536	0.554055
204.586	0.544981
204.635	0.548976
204.684	0.555439
204.732	0.554897
204.781	0.550427
204.83	0.554144
204.879	0.549961
204.929	0.54751
204.978	0.549322
205.027	0.549459
205.076	0.560164
205.125	0.548998
205.174	0.550228
205.223	0.55484
205.272	0.548621
205.321	0.554222
205.37	0.552979
205.42	0.548398
205.469	0.552844
205.518	0.553835
205.567	0.556966
205.616	0.546229
205.665	0.553878
205.714	0.555981
205.764	0.543961
205.812	0.558363
205.862	0.548279
205.911	0.554931
205.96	0.553126
206.009	0.551774
206.059	0.551188
206.107	0.55893
206.157	0.546704
206.206	0.560383
206.255	0.548798
206.304	0.552545
206.354	0.552968
206.403	0.552831
206.452	0.547059
206.501	0.555802
206.55	0.556227
206.599	0.554254
206.648	0.551263
206.698	0.548207
206.747	0.555017
206.796	0.553851
206.846	0.546523
206.895	0.547489
206.945	0.548144
206.993	0.56496
207.043	0.543669
207.092	0.55688
207.141	0.5541
207.19	0.556063
207.239	0.549824
207.288	0.55802
207.338	0.547222
207.387	0.557065
207.436	0.549292
207.485	0.554248
207.534	0.554974
207.583	0.552675
207.633	0.549115
207.682	0.553912
207.731	0.5513
207.78	0.556684
207.83	0.544535
207.878	0.566392
207.927	0.549878
207.976	0.555221
208.025	0.553777
208.075	0.54395
208.123	0.561162
208.172	0.55273
208.222	0.546739
208.271	0.554065
208.32	0.553192
208.369	0.556541
208.418	0.551037
208.467	0.557258
208.515	0.561891
208.565	0.549122
208.615	0.548981
208.663	0.558415
208.712	0.554657
208.761	0.55384
208.81	0.55495
208.86	0.552518
208.909	0.549418
208.957	0.563841
209.007	0.552184
209.057	0.549544
209.104	0.570278
209.154	0.556056
209.203	0.5557
209.252	0.554465
209.301	0.560639
209.351	0.553901
209.4	0.561243
209.449	0.557408
209.498	0.559715
209.547	0.558207
209.596	0.555625
209.645	0.561061
209.694	0.55764
209.743	0.562889
209.792	0.561593
209.841	0.557872
209.891	0.554522
209.94	0.565157
209.989	0.555971
210.038	0.560471
210.087	0.562288
210.137	0.552276
210.186	0.559049
210.235	0.557771
210.284	0.559669
210.333	0.556389
210.382	0.566127
210.431	0.55838
210.481	0.553122
210.53	0.560607
210.579	0.555482
210.628	0.560627
210.677	0.558738
210.727	0.552241
210.776	0.564685
210.825	0.558184
210.874	0.554542
210.923	0.559808
210.972	0.562399
211.021	0.560631
211.07	0.560384
211.12	0.551323
211.17	0.555631
211.219	0.560332
211.268	0.558152
211.316	0.567256
211.366	0.549646
211.415	0.56807
211.464	0.560928
211.513	0.557238
211.563	0.557989
211.612	0.558122
211.661	0.557328
211.71	0.562396
211.76	0.55864
211.809	0.557817
211.858	0.560453
211.907	0.561237
211.956	0.557428
212.006	0.558836
212.055	0.559665
212.105	0.551
212.154	0.560252
212.203	0.564489
212.252	0.56336
212.301	0.55593
212.35	0.558791
212.399	0.569721
212.448	0.552188
212.497	0.562381
212.547	0.556576
212.595	0.567903
212.645	0.555765
212.694	0.555925
212.744	0.558773
212.792	0.564085
212.842	0.555133
212.891	0.558343
212.94	0.563098
212.989	0.563366
213.039	0.552303
213.088	0.56143
213.137	0.555553
213.186	0.559187
213.236	0.557909
213.285	0.558077
213.334	0.558388
213.384	0.557591
213.433	0.562765
213.482	0.558407
213.532	0.557295
213.58	0.564898
213.63	0.55901
213.679	0.558117
213.728	0.558813
213.777	0.566788
213.827	0.555812
213.876	0.558365
213.925	0.565326
213.975	0.557112
214.024	0.559678
214.073	0.557757
214.122	0.563924
214.171	0.561373
214.221	0.556309
214.271	0.556045
214.32	0.562223
214.369	0.556705
214.419	0.559122
214.467	0.570564
214.517	0.547826
214.566	0.572787
214.615	0.559493
214.664	0.555932
214.713	0.564761
214.763	0.559323
214.813	0.551742
214.861	0.568616
214.911	0.557401
214.961	0.555473
215.009	0.572085
215.059	0.556506
215.109	0.552817
215.157	0.571654
215.207	0.561763
215.256	0.558417
215.305	0.558996
215.354	0.565805
215.403	0.564409
215.453	0.555367
215.503	0.562036
215.552	0.567478
215.602	0.548386
215.651	0.567947
215.7	0.568939
215.748	0.570455
215.798	0.56067
215.847	0.559306
215.896	0.5707
215.946	0.555225
215.995	0.569422
216.044	0.566955
216.093	0.559241
216.142	0.567768
216.192	0.567216
216.24	0.573463
216.29	0.560819
216.339	0.570575
216.388	0.565863
216.437	0.572633
216.486	0.56757
216.535	0.574122
216.585	0.567465
216.633	0.579462
216.682	0.571335
216.732	0.565282
216.781	0.574718
216.83	0.575648
216.879	0.574703
216.928	0.574163
216.977	0.573293
217.027	0.568626
217.075	0.580321
217.125	0.570828
217.173	0.576969
217.222	0.577618
217.272	0.570624
217.32	0.581617
217.369	0.575014
217.419	0.5736
217.468	0.575241
217.516	0.577726
217.565	0.574308
217.615	0.568031
217.664	0.577195
217.713	0.56758
217.762	0.578002
217.811	0.571472
217.859	0.579326
217.909	0.572299
217.958	0.565307
218.007	0.584631
218.056	0.571455
218.104	0.591137
218.154	0.566326
218.203	0.576858
218.251	0.585441
218.3	0.567272
218.349	0.5762
218.398	0.574071
218.447	0.581988
218.497	0.56576
218.546	0.581144
218.595	0.574704
218.644	0.57342
218.693	0.580739
218.742	0.571679
218.791	0.58315
218.84	0.572965
218.889	0.576679
218.938	0.573576
218.987	0.576677
219.037	0.574022
219.085	0.582323
219.135	0.568456
219.184	0.582962
219.233	0.575462
219.282	0.578925
219.331	0.58335
219.38	0.575463
219.429	0.583577
219.479	0.571599
219.528	0.571632
219.577	0.585596
219.626	0.577813
219.675	0.579459
219.724	0.578581
219.773	0.580626
219.823	0.573339
219.872	0.583602
219.921	0.574308
219.97	0.579689
220.019	0.583133
220.069	0.571678
220.118	0.588023
220.167	0.575109
220.217	0.575169
220.266	0.582085
220.315	0.580885
220.364	0.578329
220.413	0.575457
220.463	0.577264
220.511	0.584081
220.56	0.586795
220.61	0.576532
220.66	0.570228
220.708	0.591366
220.758	0.57345
220.806	0.590867
220.856	0.571565
220.904	0.588095
220.954	0.57534
221.003	0.58481
221.053	0.573104
221.101	0.590026
221.15	0.57486
221.2	0.580451
221.249	0.578241
221.298	0.58471
221.348	0.577451
221.396	0.58772
221.445	0.583103
221.495	0.577707
221.544	0.579308
221.593	0.586433
221.642	0.583602
221.691	0.584081
221.741	0.577865
221.79	0.580295
221.839	0.583291
221.888	0.578934
221.937	0.581943
221.986	0.585889
222.036	0.573705
222.085	0.585533
222.133	0.589634
222.183	0.574588
222.232	0.581873
222.281	0.581661
222.33	0.587399
222.379	0.578599
222.428	0.586597
222.477	0.583878
222.526	0.576197
222.575	0.586822
222.624	0.584046
222.673	0.582781
222.722	0.576581
222.771	0.587711
222.821	0.575374
222.869	0.586238
222.919	0.580347
222.967	0.584119
223.017	0.582792
223.065	0.583343
223.115	0.579172
223.163	0.585692
223.213	0.579469
223.261	0.590243
223.31	0.58261
223.36	0.577213
223.409	0.583276
223.457	0.590203
223.506	0.585189
223.555	0.578083
223.604	0.585514
223.653	0.585502
223.701	0.590566
223.751	0.576094
223.8	0.586697
223.849	0.582686
223.897	0.587751
223.946	0.58721
223.995	0.590594
224.043	0.585022
224.093	0.574962
224.142	0.586483
224.191	0.58705
224.24	0.582038
224.289	0.590515
224.337	0.589016
224.386	0.590596
224.435	0.58894
224.484	0.591501
224.533	0.591069
224.581	0.599138
224.631	0.589978
224.679	0.60668
224.729	0.585144
224.777	0.601848
224.826	0.596567
224.875	0.594326
224.924	0.598128
224.973	0.591325
225.021	0.600525
225.07	0.594353
225.119	0.599726
225.168	0.593701
225.217	0.599043
225.266	0.595634
225.314	0.597818
225.364	0.589776
225.413	0.593976
225.461	0.602465
225.51	0.592103
225.559	0.595422
225.608	0.596579
225.657	0.597845
225.706	0.592008
225.755	0.591957
225.804	0.59506
225.852	0.601428
225.901	0.589194
225.95	0.595532
225.999	0.600785
226.048	0.593919
226.097	0.593806
226.146	0.593211
226.195	0.599504
226.244	0.598141
226.293	0.595046
226.342	0.595591
226.391	0.594958
226.44	0.594156
226.488	0.606221
226.538	0.586838
226.587	0.597823
226.635	0.603148
226.684	0.602441
226.733	0.593361
226.782	0.599362
226.831	0.602503
226.88	0.59957
226.929	0.591976
226.978	0.601557
227.027	0.595489
227.076	0.601912
227.125	0.600511
227.174	0.602988
227.223	0.595006
227.272	0.605401
227.32	0.599327
227.369	0.599902
227.418	0.6019
227.468	0.589543
227.517	0.602161
227.566	0.600895
227.615	0.595013
227.664	0.603197
227.713	0.598083
227.762	0.600666
227.811	0.594021
227.86	0.598094
227.909	0.603692
227.958	0.598371
228.008	0.596605
228.056	0.605415
228.105	0.605322
228.154	0.598712
228.203	0.60058
228.252	0.60133
228.302	0.59666
228.35	0.615397
228.399	0.603909
228.449	0.591566
228.498	0.59777
228.547	0.602886
228.596	0.606098
228.645	0.59912
228.694	0.605047
228.743	0.599908
228.792	0.605646
228.841	0.604359
228.891	0.591345
228.939	0.610443
228.989	0.600236
229.038	0.595782
229.087	0.600784
229.136	0.604548
229.185	0.603027
229.234	0.601664
229.283	0.605475
229.332	0.59625
229.381	0.601142
229.431	0.600878
229.479	0.603545
229.528	0.603707
229.578	0.59778
229.627	0.595161
229.676	0.607827
229.725	0.60422
229.774	0.601843
229.823	0.596699
229.872	0.602772
229.922	0.59711
229.97	0.605763
230.02	0.599469
230.068	0.608383
230.117	0.600507
230.167	0.597486
230.215	0.610423
230.265	0.595634
230.314	0.602018
230.362	0.608388
230.411	0.601306
230.46	0.603013
230.509	0.603006
230.559	0.599377
230.607	0.604709
230.656	0.6017
230.705	0.599646
230.755	0.595259
230.803	0.609605
230.852	0.598563
230.902	0.597978
230.951	0.60221
230.999	0.604908
231.048	0.598675
231.097	0.610093
231.146	0.595318
231.196	0.596741
231.244	0.605265
231.293	0.603826
231.342	0.59965
231.391	0.603565
231.44	0.601995
231.489	0.599651
231.538	0.603924
231.586	0.610243
231.636	0.596983
231.685	0.603094
231.734	0.609556
231.783	0.601185
231.832	0.60171
231.881	0.607162
231.93	0.605873
231.979	0.609658
232.028	0.603989
232.077	0.602382
232.126	0.608362
232.175	0.60199
232.224	0.603684
232.273	0.607575
232.323	0.592733
232.371	0.609032
232.421	0.59969
232.47	0.606512
232.519	0.597869
232.567	0.611077
232.617	0.605788
232.666	0.601481
232.714	0.610399
232.763	0.603576
232.812	0.607132
232.862	0.607662
232.911	0.608194
232.96	0.613797
233.01	0.609501
233.058	0.619753
233.107	0.617283
233.156	0.608697
233.205	0.618447
233.254	0.610561
233.304	0.607018
233.353	0.610481
233.402	0.61327
233.451	0.608301
233.5	0.614217
233.549	0.613569
233.598	0.615373
233.648	0.607023
233.696	0.634362
233.746	0.611059
233.794	0.622163
233.844	0.611304
233.893	0.62145
233.942	0.622055
233.991	0.623392
234.04	0.622785
234.089	0.618928
234.138	0.626654
234.187	0.620368
234.237	0.61553
234.286	0.630195
234.335	0.619684
234.384	0.628247
234.434	0.616084
234.482	0.628762
234.532	0.61992
234.581	0.619165
234.63	0.634796
234.679	0.624646
234.727	0.629496
234.777	0.621635
234.826	0.622224
234.876	0.623118
234.925	0.620476
234.974	0.631894
235.024	0.616671
235.072	0.628678
235.122	0.621415
235.171	0.623004
235.22	0.627395
235.27	0.619488
235.319	0.625574
235.368	0.623886
235.418	0.613177
235.467	0.623169
235.515	0.628972
235.565	0.614323
235.615	0.622499
235.664	0.622763
235.713	0.625221
235.762	0.619567
235.812	0.624653
235.861	0.621568
235.91	0.628043
235.96	0.614309
236.008	0.625908
236.057	0.625696
236.107	0.620578
236.156	0.623698
236.205	0.622475
236.255	0.618359
236.304	0.622188
236.352	0.633057
236.402	0.619956
236.451	0.618099
236.5	0.629642
236.55	0.613489
236.599	0.622879
236.648	0.626229
236.697	0.630216
236.747	0.611572
236.795	0.63089
236.845	0.624921
236.893	0.627899
236.943	0.617411
236.992	0.622919
237.041	0.622783
237.09	0.62618
237.139	0.62609
237.188	0.629305
237.238	0.616629
237.287	0.621847
237.336	0.625508
237.385	0.625503
237.434	0.62275
237.483	0.630057
237.533	0.610915
237.582	0.619463
237.631	0.629007
237.68	0.625414
237.729	0.62486
237.778	0.614352
237.827	0.629353
237.876	0.619742
237.926	0.615374
237.975	0.632233
238.024	0.620902
238.073	0.624852
238.123	0.619374
238.172	0.62697
238.221	0.623968
238.27	0.624505
238.319	0.621395
238.368	0.624946
238.418	0.616966
238.467	0.619511
238.516	0.633211
238.566	0.615518
238.614	0.630099
238.664	0.618845
238.713	0.631524
238.762	0.627518
238.811	0.61833
238.86	0.628784
238.91	0.61508
238.959	0.630142
239.009	0.622289
239.057	0.635295
239.107	0.619728
239.156	0.635773
239.205	0.633122
239.255	0.621687
239.304	0.631588
239.353	0.632026
239.402	0.631104
239.451	0.622996
239.5	0.629582
239.549	0.635304
239.599	0.623598
239.648	0.621018
239.697	0.631944
239.747	0.616057
239.796	0.626543
239.845	0.62629
239.894	0.632411
239.943	0.621827
239.993	0.623975
240.042	0.62464
240.091	0.62539
240.14	0.631699
240.19	0.619925
240.238	0.636829
240.288	0.621577
240.337	0.620165
240.386	0.625565
240.436	0.626239
240.485	0.619182
240.535	0.620531
240.584	0.621307
240.633	0.627018
240.682	0.627224
240.731	0.62447
240.78	0.617841
240.83	0.624574
240.879	0.620916
240.928	0.626285
240.977	0.625666
241.026	0.62925
241.075	0.627293
241.125	0.621609
241.174	0.624399
241.223	0.633346
241.273	0.62512
241.322	0.630514
241.372	0.624034
241.42	0.638313
241.47	0.628988
241.52	0.624047
241.569	0.631087
241.618	0.636144
241.668	0.622226
241.716	0.635988
241.766	0.630885
241.815	0.635818
241.864	0.635104
241.913	0.634883
241.963	0.631803
242.012	0.628502
242.061	0.642208
242.11	0.632183
242.159	0.635545
242.209	0.634119
242.258	0.638533
242.307	0.628065
242.356	0.645068
242.405	0.628344
242.455	0.632824
242.504	0.639903
242.553	0.630661
242.602	0.642624
242.651	0.627106
242.7	0.637369
242.749	0.636141
242.799	0.628587
242.848	0.63716
242.897	0.632997
242.946	0.639182
242.995	0.633129
243.045	0.63124
243.094	0.632172
243.143	0.639259
243.192	0.629452
243.241	0.633458
243.29	0.633969
243.339	0.640887
243.389	0.62516
243.438	0.634302
243.487	0.633208
243.536	0.631569
243.586	0.626457
243.635	0.634779
243.684	0.636231
243.733	0.637463
243.782	0.63183
243.831	0.633688
243.881	0.632325
243.93	0.634355
243.979	0.628283
244.028	0.639111
244.077	0.633295
244.127	0.631291
244.176	0.627322
244.225	0.640097
244.274	0.635666
244.323	0.639621
244.373	0.620043
244.421	0.641789
244.471	0.630425
244.52	0.636282
244.57	0.623093
244.619	0.638465
244.667	0.63865
244.718	0.61952
244.766	0.639965
244.815	0.637747
244.865	0.626354
244.913	0.639503
244.963	0.622317
245.012	0.636567
245.062	0.633324
245.111	0.628861
245.161	0.630104
245.209	0.636267
245.259	0.629814
245.308	0.634623
245.357	0.635094
245.406	0.628729
245.456	0.632264
245.505	0.629832
245.554	0.629639
245.604	0.630968
245.653	0.636189
245.702	0.62601
245.752	0.630715
245.801	0.634831
245.85	0.631964
245.9	0.62429
245.949	0.637886
245.998	0.633205
246.047	0.631476
246.097	0.625167
246.146	0.638946
246.195	0.628427
246.245	0.62649
246.294	0.63082
246.343	0.638506
246.392	0.636152
246.442	0.62981
246.491	0.636158
246.541	0.629452
246.59	0.629447
246.639	0.64479
246.689	0.628404
246.738	0.629071
246.788	0.635937
246.837	0.634672
246.886	0.63605
246.936	0.63763
246.985	0.635758
247.034	0.636872
247.084	0.633572
247.133	0.633882
247.182	0.647932
247.231	0.632056
247.281	0.633557
247.331	0.629212
247.38	0.641049
247.429	0.633509
247.478	0.640814
247.527	0.636552
247.577	0.628686
247.626	0.637858
247.676	0.630391
247.725	0.645006
247.775	0.624123
247.824	0.636693
247.874	0.630957
247.923	0.639179
247.973	0.632314
248.022	0.630661
248.072	0.630745
248.121	0.634814
248.171	0.631929
248.22	0.635806
248.27	0.633538
248.319	0.635189
248.368	0.633346
248.418	0.630208
248.468	0.634278
248.517	0.638393
248.566	0.634323
248.616	0.62912
248.665	0.639375
248.715	0.62706
248.765	0.63304
248.814	0.636509
248.863	0.637635
248.913	0.63038
248.962	0.636603
249.012	0.630517
249.061	0.636545
249.111	0.639189
249.16	0.636685
249.208	0.644889
249.259	0.624683
249.308	0.640841
249.357	0.632916
249.407	0.633084
249.456	0.636578
249.505	0.637652
249.555	0.6318
249.604	0.640048
249.653	0.636362
249.703	0.628081
249.752	0.6428
249.802	0.632028
249.852	0.628493
249.9	0.648756
249.949	0.637984
249.999	0.631932
250.049	0.631426
250.098	0.63646
250.147	0.638653
250.196	0.634074
250.246	0.632653
250.296	0.6311
250.345	0.642543
250.394	0.642404
250.443	0.6422
250.492	0.630434
250.542	0.634534
250.591	0.636789
250.64	0.642405
250.69	0.633883
250.739	0.634542
250.788	0.642331
250.837	0.635586
250.886	0.64241
250.937	0.622209
250.986	0.640606
251.035	0.63905
251.084	0.63614
251.134	0.639835
251.183	0.6362
251.232	0.637379
251.281	0.641974
251.331	0.630716
251.381	0.636912
251.43	0.640752
251.48	0.627108
251.528	0.648137
251.578	0.633253
251.628	0.63045
251.677	0.639796
251.726	0.63904
251.775	0.643836
251.825	0.635653
251.874	0.636197
251.924	0.631759
251.972	0.646103
252.022	0.631967
252.072	0.633837
252.121	0.640585
252.171	0.633916
252.22	0.640688
252.269	0.642133
252.318	0.636533
252.368	0.635241
252.417	0.634998
252.467	0.631562
252.516	0.639961
252.565	0.646464
252.615	0.629697
252.665	0.628834
252.714	0.645298
252.763	0.642797
252.812	0.633805
252.862	0.630891
252.911	0.642913
252.961	0.631077
253.01	0.635751
253.06	0.632829
253.109	0.638727
253.159	0.637735
253.208	0.634782
253.257	0.638512
253.306	0.644169
253.356	0.632081
253.406	0.633791
253.456	0.637594
253.505	0.638429
253.554	0.642051
253.603	0.645658
253.653	0.640394
253.702	0.639687
253.751	0.64538
253.801	0.63152
253.85	0.642672
253.899	0.640856
253.949	0.637781
253.998	0.639293
254.048	0.637752
254.097	0.645668
254.147	0.631178
254.197	0.643919
254.246	0.644563
254.295	0.64323
254.344	0.647188
254.394	0.639204
254.443	0.650864
254.492	0.643389
254.541	0.637415
254.591	0.637215
254.64	0.643562
254.69	0.635037
254.74	0.641012
254.789	0.644309
254.838	0.643261
254.887	0.649061
254.937	0.63372
254.986	0.645408
255.035	0.646204
255.084	0.645666
255.134	0.645278
255.183	0.643351
255.233	0.650367
255.282	0.644962
255.331	0.652198
255.381	0.64236
255.43	0.644756
255.48	0.651675
255.528	0.661282
255.578	0.640688
255.627	0.659182
255.676	0.643074
255.725	0.653139
255.775	0.648902
255.824	0.647432
255.874	0.647708
255.923	0.654743
255.972	0.647817
256.02	0.665204
256.071	0.637582
256.119	0.658114
256.17	0.635211
256.218	0.656534
256.267	0.652942
256.317	0.639676
256.366	0.657661
256.415	0.648027
256.465	0.641402
256.515	0.645232
256.564	0.650616
256.613	0.645696
256.662	0.645054
256.711	0.652313
256.761	0.646006
256.81	0.648867
256.86	0.640375
256.909	0.651577
256.958	0.642952
257.008	0.648033
257.056	0.651992
257.106	0.648991
257.155	0.647246
257.205	0.644676
257.254	0.649281
257.303	0.648885
257.353	0.646819
257.402	0.646139
257.451	0.652553
257.501	0.642276
257.551	0.643682
257.6	0.650307
257.65	0.646498
257.699	0.647659
257.748	0.65254
257.798	0.643625
257.847	0.643523
257.897	0.647064
257.946	0.645308
257.995	0.658776
258.045	0.638062
258.094	0.648907
258.144	0.649265
258.193	0.643993
258.243	0.64586
258.292	0.653676
258.342	0.644585
258.391	0.650075
258.44	0.653021
258.49	0.639711
258.539	0.650079
258.589	0.644801
258.638	0.656925
258.687	0.647931
258.737	0.64651
258.786	0.648741
258.835	0.655921
258.885	0.633458
258.934	0.655073
258.983	0.651489
259.033	0.642088
259.082	0.647229
259.131	0.653054
259.18	0.656528
259.23	0.639782
259.28	0.649516
259.329	0.646423
259.378	0.651402
259.428	0.647741
259.477	0.648581
259.527	0.648305
259.576	0.650965
259.625	0.653818
259.674	0.648069
259.723	0.648934
259.772	0.654954
259.822	0.644844
259.872	0.644628
259.92	0.662035
259.97	0.643479
260.019	0.651053
260.068	0.648406
260.118	0.654846
260.166	0.664262
260.216	0.652665
260.265	0.659617
260.314	0.659535
260.364	0.656159
260.413	0.659004
260.462	0.656682
260.511	0.669098
260.561	0.651715
260.61	0.657891
260.659	0.665978
260.708	0.653471
260.757	0.667839
260.806	0.657211
260.855	0.659894
260.905	0.660558
260.954	0.651461
261.003	0.660755
261.053	0.656568
261.102	0.654994
261.151	0.663987
261.201	0.653224
261.25	0.66577
261.299	0.660878
261.348	0.654201
261.397	0.668758
261.445	0.666
261.495	0.649631
261.544	0.663846
261.593	0.666077
261.643	0.657055
261.692	0.659285
261.741	0.662116
261.791	0.652568
261.839	0.665015
261.888	0.663422
261.937	0.66619
261.987	0.657333
262.036	0.656411
262.086	0.661568
262.134	0.666336
262.184	0.662281
262.232	0.667923
262.282	0.651285
262.331	0.670103
262.38	0.663965
262.43	0.653468
262.479	0.666725
262.527	0.668373
262.577	0.65417
262.626	0.667278
262.675	0.658345
262.725	0.660648
262.774	0.661054
262.823	0.663346
262.873	0.653467
262.922	0.663347
262.971	0.660933
263.02	0.669796
263.069	0.661375
263.119	0.661567
263.167	0.667266
263.217	0.660767
263.266	0.662446
263.315	0.662301
263.365	0.653004
263.414	0.675456
263.463	0.659623
263.513	0.656238
263.562	0.660279
263.611	0.660924
263.66	0.666345
263.71	0.658626
263.758	0.666248
263.808	0.656024
263.858	0.65501
263.907	0.667243
263.956	0.667936
264.006	0.655497
264.055	0.660512
264.104	0.662305
264.154	0.653378
264.203	0.665363
264.253	0.657426
264.302	0.659851
264.351	0.665423
264.4	0.662198
264.45	0.66269
264.499	0.661211
264.548	0.661217
264.598	0.658898
264.647	0.669532
264.696	0.660818
264.745	0.665491
264.794	0.662575
264.844	0.652564
264.893	0.666097
264.942	0.664214
264.992	0.657833
265.041	0.659106
265.09	0.666536
265.14	0.661502
265.189	0.658033
265.238	0.664555
265.288	0.661997
265.337	0.657747
265.386	0.667869
265.436	0.660227
265.485	0.663785
265.535	0.662406
265.584	0.66347
265.633	0.661872
265.682	0.671533
265.732	0.661443
265.781	0.666468
265.829	0.672029
265.878	0.665268
265.929	0.654878
265.977	0.6733
266.027	0.660989
266.076	0.665011
266.125	0.671763
266.174	0.6614
266.223	0.663293
266.272	0.670323
266.322	0.658396
266.371	0.664721
266.421	0.659602
266.47	0.675524
266.519	0.665033
266.568	0.66328
266.617	0.669223
266.667	0.663628
266.715	0.676497
266.765	0.663917
266.814	0.660719
266.863	0.668783
266.911	0.678373
266.962	0.652353
267.011	0.661774
267.06	0.667584
267.11	0.665625
267.158	0.678983
267.207	0.661739
267.256	0.669261
267.305	0.667729
267.355	0.658578
267.405	0.661783
267.453	0.672249
267.502	0.667417
267.552	0.665934
267.601	0.67204
267.65	0.657673
267.7	0.666455
267.749	0.668629
267.798	0.666831
267.847	0.669187
267.897	0.660435
267.946	0.661726
267.994	0.680171
268.044	0.654718
268.093	0.675388
268.143	0.658755
268.191	0.677247
268.241	0.662692
268.29	0.66418
268.339	0.670014
268.388	0.670843
268.437	0.665408
268.486	0.666326
268.535	0.672564
268.585	0.653564
268.634	0.672879
268.684	0.662364
268.733	0.667616
268.782	0.668185
268.831	0.663572
268.881	0.665145
268.93	0.664156
268.979	0.668751
269.029	0.6593
269.077	0.673429
269.127	0.659442
269.176	0.67168
269.225	0.666688
269.274	0.670315
269.324	0.656505
269.373	0.668984
269.423	0.661337
269.472	0.669788
269.522	0.657118
269.571	0.66048
269.62	0.672996
269.67	0.662868
269.719	0.667994
269.768	0.667809
269.817	0.664599
269.867	0.66836
269.916	0.657374
269.965	0.671742
270.014	0.670437
270.063	0.672458
270.113	0.657046
270.162	0.6641
270.212	0.662536
270.261	0.673046
270.311	0.655597
270.36	0.668256
270.409	0.663023
270.459	0.665016
270.508	0.666954
270.558	0.665089
270.607	0.670287
270.656	0.658726
270.705	0.673393
270.755	0.665603
270.804	0.664706
270.854	0.66101
270.903	0.668978
270.953	0.659272
271.001	0.674478
271.051	0.669323
271.1	0.660865
271.149	0.672615
271.198	0.671372
271.247	0.667648
271.297	0.669485
271.346	0.669373
271.395	0.668514
271.444	0.665031
271.493	0.671556
271.543	0.656438
271.592	0.678799
271.641	0.669681
271.69	0.670895
271.74	0.665357
271.789	0.670541
271.838	0.666129
271.888	0.667183
271.937	0.668082
271.986	0.674684
272.035	0.673589
272.084	0.663964
272.134	0.662524
272.183	0.669171
272.231	0.687425
272.281	0.66682
272.33	0.662363
272.379	0.677366
272.429	0.667173
272.478	0.676511
272.527	0.676352
272.576	0.67501
272.626	0.671586
272.675	0.676857
272.724	0.672938
272.773	0.676503
272.823	0.6622
272.871	0.683971
272.92	0.678789
272.969	0.675729
273.019	0.670434
273.068	0.678991
273.117	0.677446
273.166	0.672559
273.215	0.679165
273.264	0.670042
273.314	0.674583
273.363	0.673095
273.412	0.673109
273.461	0.675762
273.51	0.679146
273.559	0.676285
273.609	0.670583
273.658	0.675255
273.707	0.677014
273.757	0.666348
273.806	0.670278
273.856	0.671312
273.905	0.677385
273.954	0.680684
274.003	0.675628
274.052	0.675047
274.101	0.671638
274.15	0.679974
274.199	0.674553
274.249	0.672913
274.298	0.670611
274.347	0.672474
274.397	0.67401
274.445	0.682748
274.495	0.667717
274.544	0.674559
274.594	0.670648
274.642	0.683631
274.692	0.671764
274.742	0.669136
274.79	0.682317
274.839	0.679855
274.889	0.677247
274.939	0.668107
274.988	0.684802
275.037	0.6799
275.086	0.677227
275.135	0.682134
275.185	0.678084
275.235	0.671996
275.283	0.690444
275.333	0.669895
275.382	0.685889
275.431	0.675267
275.48	0.687573
275.53	0.672978
275.579	0.686364
275.628	0.675967
275.677	0.688686
275.727	0.677297
275.776	0.685463
275.826	0.668411
275.874	0.692689
275.925	0.663134
275.973	0.696165
276.023	0.670605
276.071	0.686997
276.121	0.677122
276.171	0.674696
276.22	0.681123
276.269	0.679347
276.318	0.682329
276.368	0.678126
276.417	0.6855
276.466	0.674265
276.516	0.676723
276.565	0.681974
276.615	0.675533
276.663	0.692813
276.713	0.674888
276.762	0.679272
276.811	0.686466
276.861	0.6782
276.909	0.686845
276.959	0.678004
277.008	0.682448
277.058	0.673116
277.107	0.687151
277.156	0.679041
277.206	0.678361
277.255	0.687603
277.304	0.676214
277.354	0.673312
277.403	0.688798
277.452	0.686413
277.501	0.678378
277.551	0.678915
277.6	0.687754
277.649	0.677427
277.698	0.687001
277.748	0.677815
277.797	0.679037
277.845	0.702286
277.895	0.670474
277.944	0.685265
277.993	0.688944
278.042	0.679363
278.092	0.680671
278.141	0.682094
278.19	0.690611
278.239	0.685283
278.288	0.67932
278.337	0.690735
278.386	0.680422
278.436	0.680728
278.485	0.68038
278.534	0.685852
278.583	0.688365
278.632	0.682201
278.681	0.680595
278.731	0.679872
278.779	0.686573
278.829	0.680807
278.877	0.691457
278.927	0.679159
278.976	0.682306
279.026	0.677459
279.075	0.682311
279.124	0.683982
279.173	0.678956
279.222	0.693414
279.271	0.673651
279.321	0.676846
279.37	0.684578
279.419	0.683761
279.468	0.683419
279.517	0.686234
279.566	0.678938
279.615	0.693499
279.664	0.68045
279.714	0.677866
279.764	0.669904
279.813	0.686207
279.862	0.680479
279.911	0.683489
279.96	0.685896
280.009	0.683452
280.058	0.680724
280.107	0.684766
280.157	0.680034
280.206	0.682516
280.256	0.67222
280.305	0.682738
280.355	0.679539
280.403	0.690239
280.452	0.685771
280.503	0.666101
280.551	0.689162
280.601	0.684115
280.65	0.680573
280.7	0.673015
280.749	0.690585
280.798	0.673869
280.848	0.678606
280.897	0.687525
280.946	0.682029
280.995	0.686955
281.044	0.683343
281.094	0.678754
281.143	0.679935
281.193	0.677408
281.242	0.68646
281.291	0.680374
281.34	0.68113
281.39	0.680703
281.439	0.684193
281.488	0.6807
281.537	0.688114
281.587	0.678852
281.636	0.684815
281.685	0.679974
281.735	0.681004
281.784	0.682924
281.833	0.685315
281.883	0.676977
281.931	0.690699
281.981	0.674464
282.031	0.678996
282.08	0.686981
282.129	0.681818
282.178	0.682967
282.227	0.690675
282.277	0.680114
282.325	0.694098
282.375	0.681539
282.425	0.673981
282.473	0.693967
282.522	0.688368
282.573	0.668639
282.621	0.70099
282.67	0.679753
282.72	0.68406
282.768	0.69315
282.817	0.686556
282.867	0.686992
282.916	0.693753
282.965	0.682256
283.014	0.691803
283.064	0.686589
283.113	0.689065
283.162	0.690467
283.212	0.677148
283.26	0.699049
283.31	0.686974
283.359	0.687467
283.408	0.689867
283.458	0.685172
283.507	0.690349
283.556	0.690128
283.605	0.691248
283.654	0.685276
283.703	0.693367
283.753	0.682417
283.802	0.696542
283.85	0.698215
283.9	0.68142
283.948	0.700882
283.998	0.682702
284.047	0.691089
284.096	0.685194
284.145	0.687994
284.195	0.688747
284.244	0.687836
284.293	0.689116
284.343	0.687374
284.392	0.688407
284.44	0.695611
284.49	0.68632
284.539	0.683502
284.588	0.68952
284.638	0.682918
284.687	0.688302
284.736	0.689039
284.785	0.693509
284.835	0.68178
284.884	0.693845
284.933	0.687974
284.983	0.680362
285.032	0.688273