110.006857	0.262440131
110.049155	0.264788581
110.092108	0.260508716
110.134482	0.26468814
110.177313	0.262178793
110.219855	0.262516664
110.262411	0.261022124
110.304968	0.260364068
110.347418	0.261632508
110.390417	0.259105391
110.433218	0.260542988
110.4755	0.263340902
110.518362	0.259345826
110.561224	0.261002261
110.60372	0.266541795
110.646658	0.266828226
110.689108	0.270711322
110.732077	0.265148875
110.774786	0.264410597
110.817343	0.264217973
110.861136	0.256441284
110.903418	0.265615162
110.946417	0.26122557
110.989981	0.258084707
111.03237	0.265779802
111.075583	0.263672636
111.118842	0.267827718
111.161765	0.273315247
111.204993	0.272711565
111.247565	0.275279932
111.291464	0.265201995
111.33425	0.272085425
111.377371	0.270938574
111.420004	0.274891414
111.463507	0.269170046
111.507163	0.26684217
111.550406	0.268075843
111.593878	0.266180351
111.63703	0.269148796
111.680243	0.272376066
111.723532	0.273406301
111.767264	0.270198955
111.809714	0.275475757
111.853293	0.264872161
111.896841	0.263554185
111.940237	0.264788282
111.983084	0.269879521
112.026343	0.269723515
112.070059	0.269538961
112.113242	0.275008249
112.157721	0.268365306
112.200415	0.282556187
112.243552	0.281408742
112.287161	0.27864004
112.330603	0.279351868
112.374228	0.276344752
112.4177	0.273301753
112.460959	0.27217274
112.505026	0.266499044
112.548148	0.273067607
112.592001	0.269760688
112.635138	0.276895822
112.678961	0.275572921
112.721915	0.283907765
112.76589	0.280887864
112.809195	0.287454657
112.852927	0.286147225
112.89736	0.281867011
112.940512	0.289431126
112.983954	0.28509713
113.027197	0.284801493
113.071585	0.275927732
113.115805	0.275819352
113.159338	0.279740303
113.20217	0.284203387
113.246634	0.274600108
113.290274	0.281241292
113.333563	0.286426828
113.377463	0.285648415
113.421164	0.28900052
113.464331	0.292746302
113.508887	0.281543311
113.552267	0.286866114
113.596442	0.280299276
113.640494	0.28130417
113.684622	0.280355693
113.728628	0.281651022
113.772498	0.283456479
113.816183	0.286002523
113.860007	0.287383202
113.903433	0.292692401
113.947775	0.288349113
113.991736	0.291707182
114.035284	0.293010468
114.079352	0.28770774
114.123144	0.288567089
114.16712	0.287878134
114.211112	0.288297099
114.25524	0.287305748
114.29888	0.289768547
114.343146	0.285819878
114.387137	0.288719661
114.430792	0.294729077
114.47518	0.293399073
114.51969	0.293902195
114.563391	0.297873973
114.607504	0.293312525
114.651068	0.296066833
114.695822	0.288178056
114.739996	0.292198281
114.783637	0.296594295
114.828558	0.288463964
114.872321	0.296788515
114.916907	0.292968045
114.960577	0.301226718
115.005194	0.296015819
115.049292	0.29927565
115.093161	0.299344656
115.137778	0.293512725
115.182196	0.294845818
115.226019	0.299664082
115.270087	0.298797992
115.313986	0.300136257
115.358435	0.296825685
115.402213	0.30235873
115.446738	0.299262848
115.49108	0.301723516
115.535819	0.299023032
115.579627	0.304581992
115.624136	0.297922306
115.668875	0.294872129
115.712927	0.298722807
115.757208	0.297456469
115.80123	0.299928338
115.845847	0.296938983
115.890311	0.300089902
115.934317	0.304978598
115.978613	0.305199876
116.02384	0.301811054
116.067206	0.316906595
116.112402	0.304717368
116.156699	0.309624266
116.201239	0.305652108
116.245535	0.305286181
116.290015	0.303060464
116.334402	0.303323409
116.378638	0.304809998
116.423163	0.302922102
116.467596	0.303560709
116.512274	0.304159056
116.556433	0.311330545
116.601386	0.308387943
116.646185	0.310096605
116.690771	0.310679162
116.734839	0.313562686
116.779715	0.307598526
116.824316	0.309905876
116.868216	0.315289905
116.912924	0.310165863
116.958121	0.307997346
117.002493	0.3151852
117.047552	0.312648859
117.092078	0.317946937
117.137091	0.315233029
117.18183	0.317778002
117.226446	0.317971029
117.271185	0.31667358
117.316199	0.315158524
117.360739	0.318628185
117.405768	0.315695694
117.450293	0.319578976
117.495306	0.316566989
117.540335	0.316518896
117.584814	0.321789
117.630377	0.31519982
117.675314	0.320545345
117.719916	0.322562871
117.764975	0.318457021
117.809988	0.31881533
117.854285	0.324638119
117.899207	0.320420281
117.944159	0.320670767
117.988928	0.322800446
118.033652	0.323885005
118.078528	0.32342103
118.123984	0.320460608
118.168677	0.327094844
118.213675	0.325451737
118.258643	0.326007376
118.303686	0.325305824
118.348654	0.324884951
118.393927	0.321829432
118.438528	0.326166126
118.48371	0.322419161
118.529028	0.321852774
118.574179	0.323518248
118.61936	0.324363864
118.664206	0.328695284
118.708746	0.332426692
118.75405	0.327270458
118.799094	0.328954492
118.844305	0.327480456
118.889227	0.329909544
118.933936	0.332337692
118.9793	0.328421062
119.024344	0.331163589
119.069479	0.331036892
119.114539	0.332185525
119.159857	0.330359655
119.204428	0.336281829
119.249396	0.333165016
119.295401	0.326040411
119.340247	0.333845295
119.386328	0.324385388
119.430945	0.335192675
119.475729	0.334284197
119.521918	0.324170379
119.567252	0.329862592
119.612204	0.33243955
119.657004	0.33317604
119.702856	0.32548551
119.748557	0.327707299
119.793524	0.334651285
119.838568	0.335183217
119.884085	0.331947911
119.928397	0.341264719
119.974081	0.331400446
120.019263	0.335367117
120.065207	0.329888342
120.110358	0.336182594
120.155508	0.336461433
120.20098	0.334989466
120.246939	0.333014413
120.291678	0.344866072
120.337622	0.338294227
120.382483	0.34788211
120.42832	0.340803127
120.473502	0.344667932
120.518774	0.342414701
120.564612	0.33704564
120.610007	0.338935501
120.655234	0.33928182
120.700751	0.33656431
120.746603	0.333692998
120.79212	0.336049898
120.836966	0.342435952
120.88233	0.341697505
120.927832	0.344022994
120.974081	0.34073585
121.019812	0.345903859
121.064551	0.353302601
121.11019	0.345931014
121.155676	0.346666954
121.201407	0.344543073
121.246741	0.347013817
121.292975	0.339915572
121.338538	0.343801708
121.383856	0.345466248
121.429373	0.346024645
121.474844	0.348485306
121.521094	0.344306219
121.566809	0.348699009
121.611884	0.35311868
121.65798	0.344538394
121.703238	0.350462624
121.749533	0.342514944
121.794379	0.354475671
121.840277	0.347684935
121.886054	0.350084845
121.931403	0.354367904
121.976889	0.354419608
122.023016	0.350721275
122.068259	0.358870227
122.114157	0.354763313
122.159888	0.356870485
122.205756	0.356571802
122.250922	0.363149817
122.296851	0.358475334
122.342627	0.360966342
122.388068	0.36487827
122.433539	0.365844943
122.479285	0.365296454
122.525381	0.36390212
122.570624	0.371336093
122.616538	0.366106305
122.662405	0.366896902
122.707907	0.36917267
122.753668	0.366718447
122.799979	0.362897753
122.845435	0.371192054
122.891379	0.369157589
122.936377	0.378946645
122.982245	0.373258588
123.028479	0.372000699
123.074118	0.378943993
123.11991	0.379244145
123.165945	0.378353562
123.211615	0.381303267
123.257407	0.378946416
123.303503	0.375052257
123.348517	0.383588908
123.395239	0.370005904
123.440939	0.37993026
123.486548	0.382892025
123.533164	0.376884043
123.579153	0.384362906
123.62496	0.388568957
123.671179	0.387409622
123.71633	0.399131995
123.762762	0.389143541
123.808768	0.393981251
123.854407	0.397885449
123.900168	0.397240868
123.946356	0.394796235
123.992071	0.401102062
124.038397	0.399480837
124.084021	0.410455292
124.129645	0.415362519
124.176169	0.412346934
124.221991	0.42265172
124.267523	0.42798465
124.313803	0.422536226
124.359793	0.42652114
124.406104	0.425595269
124.451392	0.437280501
124.497229	0.43327032
124.543372	0.431460348
124.589621	0.431556576
124.63587	0.432408304
124.681937	0.435103658
124.727866	0.438158092
124.773947	0.43771719
124.819418	0.443828351
124.865561	0.436015625
124.911368	0.437248789
124.957724	0.430184727
125.003561	0.433731532
125.04975	0.428934793
125.095602	0.430240075
125.142233	0.420335263
125.188086	0.424857686
125.233633	0.426118134
125.279913	0.417766357
125.326224	0.416050553
125.371588	0.423425128
125.418204	0.410385851
125.464438	0.411749778
125.510153	0.414033943
125.55712	0.400326788
125.602652	0.410416229
125.648581	0.405083095
125.695105	0.398278641
125.740576	0.406257733
125.786597	0.40024191
125.832968	0.395989019
125.879141	0.395588585
125.925085	0.395099922
125.970847	0.394414381
126.017432	0.386224392
126.063788	0.387492728
126.110007	0.388791704
126.1565	0.386369279
126.202673	0.388337093
126.248724	0.38878607
126.295493	0.382936092
126.341238	0.391200732
126.3879	0.382287763
126.433813	0.385635206
126.480383	0.37734992
126.526343	0.380073284
126.572531	0.377161734
126.619208	0.37367787
126.664862	0.382552898
126.711951	0.371505379
126.757147	0.387486555
126.80358	0.378118128
126.849921	0.379323281
126.895972	0.381577899
126.943381	0.370263717
126.988699	0.3868755
127.03559	0.372261334
127.081641	0.376830455
127.128012	0.373170657
127.174262	0.373965532
127.220511	0.374461423
127.266928	0.37405145
127.313315	0.37558203
127.359534	0.378583677
127.40621	0.376454675
127.452948	0.377130177
127.498267	0.389228302
127.545279	0.374897932
127.592078	0.375736207
127.638434	0.37818648
127.684241	0.380992459
127.730872	0.372702813
127.7768	0.377459993
127.823645	0.369274551
127.869925	0.373669262
127.916434	0.372953063
127.963248	0.372189359
128.009329	0.379283012
128.055472	0.379603401
128.102194	0.375245396
128.148733	0.376683591
128.19538	0.375299941
128.241782	0.376570826
128.287878	0.378339071
128.334463	0.373489471
128.38056	0.377334372
128.427161	0.374417269
128.473303	0.379824461
128.520071	0.375491617
128.566779	0.376033491
128.613104	0.379220866
128.65975	0.37608626
128.705969	0.378746312
128.752646	0.374772389
128.799399	0.374202465
128.846426	0.371971098
128.89202	0.383341843
128.938788	0.37295375
128.985129	0.376873239
129.031683	0.376273845
129.078574	0.374304641
129.124945	0.379551764
129.171393	0.379767213
129.218131	0.377851681
129.264471	0.381327928
129.311514	0.375723379
129.357794	0.382275452
129.405066	0.374668498
129.452002	0.377726786
129.49819	0.383971653
129.544623	0.381401831
129.591742	0.37616937
129.63822	0.38209523
129.685217	0.378368161
129.731619	0.383691517
129.77793	0.384813613
129.824912	0.379446183
129.871954	0.379123273
129.918295	0.385529812
129.965643	0.377574455
130.012152	0.384230287
130.058676	0.383740793
130.105093	0.384829688
130.152426	0.377171113
130.198584	0.387588587
130.245413	0.383589642
130.292731	0.380504361
130.339514	0.385419467
130.386359	0.385782046
130.432898	0.388903021
130.480277	0.381734928
130.526129	0.393801115
130.573172	0.383252791
130.620429	0.381028511
130.667258	0.384217716
130.713965	0.384837139
130.760733	0.383705025
130.807272	0.386473857
130.85459	0.381101812
130.900885	0.390545007
130.94779	0.386608724
130.994589	0.388329083
131.042166	0.381995026
131.088187	0.394567458
131.135336	0.384993188
131.182043	0.389289575
131.228644	0.390609751
131.275915	0.384762306
131.32273	0.388331688
131.369711	0.386938866
131.416296	0.391151674
131.463095	0.390609593
131.51055	0.386269579
131.557654	0.390234398
131.604422	0.393787914
131.651465	0.391622721
131.698096	0.394752346
131.744864	0.393280468
131.79209	0.388936767
131.83866	0.394157668
131.885977	0.387224051
131.933142	0.387293825
131.979742	0.391691873
132.026709	0.388483622
132.073904	0.387687462
132.120749	0.392663914
132.167914	0.392512947
132.21456	0.39883545
132.262213	0.390796744
132.309012	0.39707726
132.356284	0.392578783
132.402808	0.39846625
132.450003	0.392959864
132.496695	0.396553838
132.544135	0.389645902
132.591177	0.392506622
132.638388	0.39114217
132.686133	0.388537971
132.73313	0.396647144
132.779684	0.401786029
132.826834	0.397344736
132.873862	0.398694359
132.920996	0.396885102
132.968115	0.395943844
133.014899	0.397578977
133.061896	0.395577403
133.109106	0.393491247
133.15618	0.394281285
133.203162	0.395130509
133.25083	0.390041959
133.297705	0.397656182
133.344275	0.402772954
133.39147	0.399720633
133.438757	0.399928854
133.485998	0.400313442
133.53237	0.40807582
133.580161	0.395244365
133.627509	0.398059662
133.674414	0.399913882
133.721243	0.398911514
133.768729	0.392929969
133.815894	0.395427992
133.862738	0.398390774
133.909964	0.395884015
133.956976	0.399507006
134.004111	0.400711671
134.050711	0.407023836
134.098547	0.397832854
134.145727	0.403882358
134.192877	0.403817749
134.23963	0.407243767
134.286551	0.405541417
134.334357	0.39740745
134.381537	0.401822102
134.428137	0.406903229
134.475256	0.402210587
134.522452	0.402141175
134.569937	0.40074951
134.616553	0.410138969
134.66387	0.405231466
134.710745	0.409928258
134.757269	0.413466396
134.804602	0.406066844
134.852484	0.401177498
134.899741	0.405675368
134.946738	0.406391441
134.994208	0.401933551
135.040228	0.415301536
135.087851	0.401773613
135.135077	0.406451755
135.182349	0.407284862
135.229758	0.407948976
135.277228	0.408963904
135.324332	0.412688612
135.371787	0.409237762
135.418662	0.413875819
135.465674	0.412226164
135.513571	0.403395981
135.56095	0.406365895
135.607474	0.412694618
135.655447	0.399851636
135.70304	0.403459183
135.750098	0.40889246
135.797079	0.41041904
135.844626	0.407323809
135.891638	0.414119316
135.939291	0.409750957
135.98696	0.409976296
136.034033	0.415035453
136.080908	0.416285664
136.128546	0.409526041
136.17562	0.414837845
136.222876	0.412839019
136.270056	0.413339036
136.317267	0.413139559
136.364767	0.410893095
136.411658	0.416842229
136.45928	0.411136152
136.506399	0.416381303
136.553686	0.415889579
136.600256	0.422466466
136.6482	0.410015224
136.695608	0.414734682
136.742438	0.419804783
136.789954	0.413807071
136.837683	0.411771262
136.884238	0.421511383
136.931845	0.411616731
136.978888	0.41665589
137.026633	0.411154512
137.073706	0.418100692
137.121039	0.416638176
137.168494	0.416487327
137.215384	0.421898823
137.262518	0.419433309
137.310065	0.415603556
137.357703	0.414494488
137.404272	0.423913759
137.451682	0.415712052
137.49935	0.413075827
137.546835	0.414511551
137.594016	0.417858155
137.641638	0.416088128
137.688971	0.420415795
137.735983	0.424502187
137.782767	0.427257179
137.830557	0.418072282
137.87847	0.416582254
137.925314	0.425440403
137.972418	0.422945589
138.019843	0.420564629
138.067602	0.417080359
138.114401	0.424764826
138.162238	0.414713117
138.209677	0.418581775
138.256766	0.423327038
138.303915	0.424450422
138.352011	0.417408221
138.399344	0.424514806
138.446753	0.422933435
138.493689	0.426214563
138.541327	0.41953047
138.588934	0.41950476
138.636176	0.423009086
138.684042	0.41688467
138.731696	0.418415051
138.778601	0.424922472
138.825919	0.421455002
138.873221	0.42247861
138.920706	0.422438039
138.967841	0.427443253
139.015601	0.423195631
139.062842	0.428074273
139.110602	0.422982938
139.157858	0.426583489
139.205618	0.420841876
139.253272	0.420465024
139.300497	0.42349337
139.347815	0.421873868
139.396002	0.413671533
139.443198	0.422623978
139.490668	0.422014895
139.537665	0.428404692
139.585913	0.418954566
139.632742	0.43271747
139.67977	0.431269015
139.72753	0.42466535
139.775534	0.422193638
139.822958	0.427030677
139.870749	0.42247565
139.917364	0.432432584
139.965155	0.421844844
140.012442	0.426748592
140.060095	0.424575339
140.107504	0.427793509
140.154944	0.428778424
140.202368	0.430354851
140.250021	0.429268623
140.297476	0.431591179
140.34484	0.431853291
140.392355	0.429649135
140.440344	0.424196767
140.487418	0.431361647
140.534659	0.429211426
140.582556	0.423455654
140.629675	0.431372637
140.67774	0.423806994
140.725333	0.428544187
140.77323	0.427244765
140.820654	0.4325561
140.868185	0.432269458
140.915823	0.431297493
140.962805	0.437064719
141.010825	0.426819769
141.058188	0.431977508
141.105841	0.42923049
141.153037	0.433671193
141.200674	0.430027514
141.248633	0.427417103
141.29595	0.433442551
141.343665	0.430948817
141.391592	0.430127594
141.439047	0.4353662
141.486426	0.436215674
141.533667	0.437317374
141.581183	0.433823417
141.629233	0.42825592
141.676871	0.431941373
141.724707	0.430235501
141.77265	0.428619355
141.81983	0.435032654
141.867743	0.428455619
141.915594	0.429139631
141.96337	0.430593332
142.010825	0.43518834
142.058737	0.432204612
142.106253	0.436513593
142.153937	0.435275748
142.201743	0.433808501
142.249152	0.437766043
142.297018	0.433801396
142.345358	0.429230164
142.392264	0.441557154
142.440253	0.43036728
142.488013	0.431590642
142.5362	0.42775114
142.583182	0.438843469
142.63114	0.430767837
142.679083	0.431789279
142.726981	0.433939263
142.775076	0.433640711
142.822028	0.445348397
142.869803	0.438234215
142.91767	0.437376996
142.96514	0.440723806
143.012793	0.438315118
143.060187	0.439680034
143.10842	0.430968797
143.155356	0.441612363
143.203665	0.428107466
143.250952	0.437212404
143.298895	0.431531004
143.347022	0.430973659
143.393897	0.443457004
143.441946	0.433772736
143.490012	0.435083194
143.537283	0.44329609
143.585318	0.436859394
143.632407	0.445534935
143.680914	0.432083637
143.728537	0.439396494
143.776343	0.436935167
143.823569	0.441636693
143.872031	0.430182611
143.919287	0.441157543
143.966879	0.438361775
144.014563	0.43832545
144.062323	0.438194712
144.109869	0.441058131
144.158194	0.43508128
144.204825	0.451642124
144.252829	0.438629408
144.300955	0.43688776
144.348227	0.444518276
144.396216	0.437399815
144.444235	0.436625292
144.491705	0.44148857
144.539801	0.435515831
144.587653	0.43805923
144.63526	0.440417279
144.682929	0.440910365
144.730322	0.444914543
144.778357	0.439923195
144.826651	0.43776128
144.873999	0.445787663
144.92179	0.440931947
144.96984	0.43787471
145.017401	0.442218895
145.065558	0.436563428
145.113516	0.438056279
145.161047	0.441528657
145.208701	0.440619277
145.255995	0.444546441
145.303946	0.439365621
145.351385	0.444753982
145.399863	0.435297623
145.447043	0.447300743
145.494803	0.441804038
145.543036	0.437555866
145.590704	0.443192713
145.638747	0.439562853
145.686881	0.439147314
145.733672	0.45169298
145.781912	0.437999156
145.829886	0.440258818
145.877181	0.447111926
145.925406	0.438582001
145.973166	0.443255669
146.020872	0.444068167
146.068709	0.442497769
146.116064	0.446558844
146.163992	0.441413754
146.211844	0.443276466
146.259978	0.441692582
146.307539	0.447111665
146.355689	0.441273178
146.403395	0.445120761
146.450911	0.447540117
146.498808	0.443994848
146.546645	0.444319248
146.594778	0.441034587
146.642798	0.442123085
146.690001	0.450039036
146.73799	0.443343753
146.785529	0.448463225
146.833754	0.44276786
146.881445	0.448131163
146.929221	0.448042615
146.976912	0.449276534
147.025137	0.444353746
147.072676	0.450402439
147.120772	0.445066787
147.167975	0.452472525
147.216444	0.440026319
147.26393	0.448896011
147.312224	0.441365857
147.360083	0.445918421
147.408041	0.445611819
147.455771	0.44840618
147.50453	0.439945273
147.551871	0.454403016
147.600012	0.447911191
147.64778	0.452215297
147.695174	0.456234949
147.743277	0.449743466
147.791518	0.447506973
147.838927	0.454245764
147.887747	0.440521975
147.935347	0.4518838
147.983809	0.44380162
148.031256	0.453963163
148.079199	0.450042701
148.127432	0.448341069
148.175162	0.454280848
148.22299	0.454827825
148.271414	0.450203247
148.319365	0.455069091
148.36727	0.455411129
148.415373	0.452336201
148.463683	0.448941949
148.511229	0.455442838
148.559668	0.446860974
148.607138	0.456522803
148.655112	0.452210643
148.702658	0.457144936
148.751273	0.447816403
148.799116	0.455582048
148.846655	0.459453709
148.894781	0.454198586
148.943488	0.448860201
148.991217	0.458395313
149.039061	0.456723365
149.087202	0.453176932
149.134825	0.45703549
149.182837	0.452580736
149.231276	0.447901944
149.278502	0.459567788
149.32672	0.450497682
149.37451	0.455575119
149.422934	0.450655608
149.470625	0.458958361
149.519553	0.448034016
149.566893	0.463673931
149.61434	0.462466503
149.663199	0.44879864
149.710799	0.459910046
149.758902	0.453789042
149.806937	0.452696438
149.854178	0.459561435
149.902899	0.445687732
149.950049	0.460837372
149.998793	0.446190634
150.046729	0.454759495
150.094351	0.458382072
150.141898	0.46001546
150.19071	0.449011685
150.237952	0.464548559
150.286528	0.452404733
150.333517	0.467162434
150.382216	0.449818258
150.43019	0.45517878
150.478056	0.455174357
150.525961	0.453942749
150.57437	0.449131084
150.622313	0.453364442
150.67037	0.452440641
150.718909	0.448812158
150.766745	0.45659964
150.814963	0.454706184
150.862311	0.464045647
150.910216	0.459118561
150.958807	0.452436326
151.006506	0.460307394
151.055106	0.451342602
151.102972	0.457636375
151.150877	0.456132053
151.198576	0.457419362
151.246634	0.453673848
151.294516	0.45601976
151.343321	0.448601213
151.391188	0.45797802
151.43894	0.46011611
151.486662	0.461904546
151.534827	0.458706552
151.582472	0.464452347
151.631071	0.455580317
151.678954	0.462224687
151.72708	0.459725118
151.77516	0.459486928
151.823378	0.457346073
151.871062	0.461610851
151.918684	0.461880504
151.967917	0.446205567
152.015921	0.457525703
152.063971	0.45829064
152.111952	0.46004613
152.159758	0.46184339
152.208548	0.45320154
152.255926	0.46717667
152.304266	0.457278273
152.352187	0.460860844
152.400107	0.46048276
152.447806	0.461649299
152.495978	0.457081948
152.543951	0.459126824
152.592718	0.452603258
152.640341	0.464774079
152.688284	0.462950641
152.736189	0.464698778
152.784735	0.459068338
152.832152	0.46997971
152.880843	0.457010317
152.928114	0.470128057
152.977042	0.453695231
153.025175	0.460214856
153.072722	0.465648762
153.120909	0.459484812
153.169264	0.457813058
153.217207	0.462969282
153.265601	0.46010005
153.313559	0.465307654
153.361876	0.463166071
153.409445	0.471587427
153.457877	0.464186677
153.506407	0.463600631
153.554282	0.470272319
153.602377	0.468049313
153.650588	0.467396453
153.697875	0.477343631
153.747099	0.458635461
153.79473	0.474387538
153.843108	0.467080013
153.891165	0.469918688
153.93936	0.469164249
153.987418	0.470768868
154.035666	0.469476429
154.083701	0.472066124
154.132422	0.465767867
154.180609	0.471601826
154.228728	0.471632484
154.276877	0.470460907
154.325049	0.468979494
154.373038	0.470128924
154.421248	0.467462996
154.470129	0.460050633
154.517401	0.4758409
154.565634	0.46651027
154.613821	0.467159821
154.662184	0.465726467
154.710226	0.468661983
154.757887	0.471975928
154.806509	0.463095527
154.854575	0.469719349
154.902968	0.467023878
154.951384	0.466617639
154.999449	0.468988492
155.047957	0.464307707
155.095999	0.468061135
155.144225	0.466345727
155.192137	0.469530919
155.240515	0.465332886
155.288481	0.469232112
155.336935	0.464535999
155.385313	0.465799634
155.433501	0.46895401
155.481543	0.472089732
155.529868	0.469624884
155.578055	0.469680035
155.625815	0.471833179
155.674193	0.464057023
155.722082	0.46821498
155.770667	0.461914326
155.818633	0.468922413
155.866377	0.472163923
155.915076	0.463022929
155.9634	0.467130985
156.011343	0.471860604
156.06021	0.46364985
156.108267	0.471972546
156.156165	0.472643284
156.203734	0.474806071
156.252524	0.461970257
156.300436	0.469639104
156.348677	0.465952894
156.39704	0.464490862
156.444838	0.470493297
156.492667	0.470746615
156.541067	0.466421888
156.588637	0.475776546
156.637396	0.465260893
156.686133	0.466274474
156.733748	0.477325581
156.782225	0.468082727
156.830306	0.471433783
156.8785	0.470188723
156.926444	0.472710487
156.974265	0.474291174
157.022833	0.466585801
157.072234	0.458502752
157.119338	0.481176956
157.167845	0.468640932
157.21527	0.480423408
157.263487	0.473313639
157.312445	0.466807795
157.360175	0.479017363
157.408537	0.473061593
157.456732	0.475203929
157.504958	0.47514987
157.553191	0.474827073
157.60208	0.468173246
157.649596	0.481400223
157.697661	0.476456558
157.745985	0.47483725
157.794051	0.477625017
157.842375	0.475301849
157.891264	0.470972497
157.938383	0.489333002
157.986563	0.478743632
158.034621	0.480039552
158.083083	0.475622817
158.131964	0.471863976
158.179526	0.485294085
158.227995	0.476174265
158.275778	0.48345895
158.324294	0.476323094
158.372053	0.483578397
158.420401	0.477585329
158.469122	0.473967942
158.516692	0.48568861
158.56494	0.479769692
158.613265	0.480020924
158.6612	0.484651205
158.709876	0.477545033
158.757826	0.484347592
158.805724	0.484687461
158.853713	0.483845544
158.902243	0.478056653
158.9504	0.480419988
158.99861	0.479270424
159.046332	0.484102102
159.094832	0.476752738
159.14321	0.478647956
159.191199	0.484172475
159.239088	0.487703436
159.28781	0.480542351
159.33557	0.490774243
159.384314	0.480608626
159.431731	0.492968604
159.479834	0.485600424
159.528388	0.480677774
159.576086	0.488393136
159.624243	0.482243177
159.672858	0.476600689
159.721106	0.479977146
159.76953	0.4784053
159.817427	0.48448363
159.865584	0.483580568
159.91442	0.478404968
159.962141	0.489820309
160.010641	0.482018811
160.05863	0.487014499
160.106787	0.484648254
160.155432	0.47977551
160.203612	0.483740068
160.25228	0.478539021
160.299605	0.492191502
160.347891	0.48214901
160.396468	0.478722684
160.4438	0.491448011
160.492934	0.472776331
160.54109	0.483060262
160.588797	0.488078288
160.637427	0.478699373
160.685774	0.481573949
160.733916	0.484096529
160.782431	0.480276794
160.830702	0.483781384
160.878653	0.487415978
160.926848	0.485305156
160.974913	0.486634893
161.023085	0.48601427
161.071623	0.482644693
161.119116	0.493540217
161.167616	0.483430277
161.216193	0.482947507
161.264403	0.487192848
161.312918	0.485016657
161.361189	0.488051503
161.408575	0.497182895
161.457335	0.483359196
161.50566	0.487841481
161.554198	0.485838974
161.602278	0.490798656
161.650534	0.489456165
161.698782	0.489446767
161.747115	0.488564643
161.795218	0.491507155
161.84294	0.496157613
161.891753	0.486080843
161.939673	0.495860597
161.988127	0.490617982
162.036414	0.491922003
162.084517	0.493611895
162.133108	0.48864167
162.181189	0.493856546
162.229895	0.487163371
162.277792	0.4948913
162.326102	0.48999988
162.375029	0.483445824
162.423033	0.492492879
162.471274	0.490514453
162.519614	0.490515804
162.567587	0.495146565
162.615408	0.497040795
162.663939	0.489319039
162.711874	0.495315364
162.760367	0.48941437
162.808867	0.489704891
162.857565	0.488353261
162.905348	0.497240315
162.953886	0.489038574
163.002585	0.486984636
163.051024	0.490525965
163.098784	0.498547186
163.147246	0.492549713
163.195876	0.492261328
163.244803	0.4893509
163.292716	0.500174135
163.341063	0.495822411
163.389555	0.494902115
163.438094	0.494926156
163.486212	0.498665813
163.534178	0.500094711
163.582541	0.49592796
163.63085	0.497282714
163.679594	0.493624487
163.727454	0.503360276
163.776473	0.492155519
163.824591	0.501926771
163.872389	0.505062103
163.921362	0.492512768
163.969763	0.49829017
164.018339	0.496908771
164.066	0.507572475
164.114554	0.498589219
164.162734	0.502062395
164.211432	0.496412639
164.259482	0.502983243
164.30773	0.501120587
164.356184	0.499186831
164.404761	0.498174492
164.452918	0.503206973
164.501227	0.502067043
164.550009	0.497074326
164.597823	0.506958844
164.64649	0.497788198
164.695006	0.499854296
164.743468	0.500516999
164.791922	0.500610908
164.84017	0.502723005
164.888029	0.507060833
164.935919	0.506204908
164.985098	0.492994633
165.033652	0.499506653
165.081923	0.503154083
165.130042	0.504952918
165.178648	0.500562475
165.227072	0.502566038
165.275908	0.49871821
165.323912	0.507890243
165.371939	0.508354117
165.42079	0.500163569
165.468558	0.511958566
165.516997	0.505325249
165.565619	0.504036629
165.61318	0.515519203
165.66284	0.493743534
165.710669	0.512169493
165.758849	0.508166815
165.807288	0.50501181
165.856337	0.499001071
165.903921	0.514993314
165.952666	0.503633799
166.001433	0.503668653
166.049963	0.506193219
166.098158	0.510072497
166.146826	0.505135755
166.194724	0.513456908
166.243124	0.508087069
166.291418	0.508311349
166.340064	0.503643029
166.388167	0.508576481
166.436964	0.500991166
166.485373	0.505159036
166.533453	0.508995935
166.581801	0.506642151
166.630125	0.507300016
166.678717	0.505146825
166.72724	0.506597967
166.775168	0.512974121
166.823813	0.505844288
166.872481	0.505243892
166.920698	0.509555569
166.969389	0.504080997
167.017828	0.505885709
167.065932	0.508995476
167.113936	0.509601958
167.162886	0.500030775
167.210646	0.512635619
167.259352	0.503280907
167.307776	0.50692376
167.356139	0.508274157
167.404753	0.506105372
167.453383	0.506728666
167.501845	0.508215662
167.549719	0.514200909
167.597739	0.512490715
167.646201	0.507326811
167.69451	0.508190105
167.74301	0.505131716
167.791663	0.502459477
167.840025	0.505125986
167.88835	0.505904996
167.936941	0.502803053
167.985762	0.502051067
168.033812	0.511225085
168.081763	0.512837823
168.130446	0.505958756
168.17887	0.509265951
168.227209	0.510605364
168.275389	0.51176199
168.323981	0.506589745
168.372351	0.508442841
168.421408	0.500231539
168.469778	0.506174814
168.517958	0.507555528
168.566321	0.505378143
168.614462	0.507948764
168.663542	0.499014456
168.711531	0.511559986
168.760176	0.505839185
168.807936	0.51597882
168.856718	0.505300175
168.905158	0.508458778
168.953535	0.508426128
169.002348	0.503692402
169.051054	0.504699859
169.099165	0.509869385
169.146925	0.512886151
169.195952	0.499574973
169.244009	0.510141667
169.292631	0.505102068
169.341284	0.506237673
169.390303	0.50318893
169.439063	0.506090022
169.487143	0.513680582
169.535292	0.51266439
169.583907	0.507056997
169.632323	0.508842493
169.681174	0.503894945
169.729048	0.513647317
169.778075	0.502006436
169.826071	0.513506469
169.874434	0.510215236
169.922987	0.509036082
169.971419	0.511220196
170.02001	0.510456551
170.068488	0.512306777
170.11624	0.520561665
170.166007	0.499967066
170.21395	0.518132388
170.262183	0.514073206
170.31037	0.513988605
170.359267	0.505937828
170.407545	0.512027786
170.456702	0.503033976
170.504668	0.516278519
170.553244	0.510640547
170.602454	0.505055668
170.650473	0.518395912
170.6985	0.519361942
170.746725	0.517443094
170.795828	0.508044195
170.844321	0.514248817
170.892836	0.513385837
170.941176	0.514537144
170.989989	0.508449099
171.038619	0.509077271
171.08689	0.511844901
171.135641	0.507083125
171.183798	0.514357463
171.232611	0.508685886
171.280791	0.516576854
171.329184	0.51557124
171.378172	0.510358368
171.426817	0.515275614
171.475333	0.517082047
171.523878	0.516931881
171.572569	0.515371051
171.620932	0.518369245
171.669424	0.51639069
171.718008	0.515007135
171.766371	0.517631537
171.814681	0.519024061
171.863341	0.515943647
171.911826	0.519455347
171.959898	0.524888351
172.009161	0.512995055
172.057677	0.521528315
172.106017	0.523280263
172.15515	0.514553064
172.20307	0.527349397
172.251463	0.521607548
172.300108	0.518274255
172.349203	0.512870311
172.39762	0.519188375
172.446455	0.514027665
172.49536	0.51404642
172.543829	0.519721268
172.592322	0.520043747
172.641402	0.51459179
172.689536	0.52553007
172.738211	0.519695576
172.786833	0.519742518
172.83531	0.520972461
172.883948	0.518969892
172.932402	0.520145703
172.980879	0.518973472
173.029837	0.513711213
173.078352	0.518133887
173.12686	0.518466789
173.176016	0.512815441
173.224394	0.522650024
173.273093	0.520666538
173.321547	0.524326943
173.370032	0.52476913
173.41915	0.517998573
173.46662	0.535749565
173.515372	0.52102908
173.564398	0.517902827
173.612753	0.525219102
173.662192	0.513276137
173.710211	0.528239073
173.75881	0.521832082
173.807776	0.518886638
173.856398	0.523522307
173.904723	0.527443378
173.953551	0.522665783
174.001669	0.530841415
174.05078	0.520204309
174.099181	0.527506381
174.14778	0.524974543
174.196402	0.524387198
174.245223	0.521947291
174.29373	0.525162037
174.342291	0.525089053
174.390578	0.528537484
174.439696	0.520767388
174.487921	0.532199126
174.536734	0.527212045
174.585333	0.53051553
174.63381	0.532307848
174.682524	0.529697717
174.731795	0.523699903
174.779997	0.535487715
174.82878	0.529037449
174.877325	0.531123659
174.926062	0.528916381
174.974699	0.530210878
175.02249	0.539421349
175.0716	0.526009816
175.120261	0.53256523
175.16886	0.534430733
175.217856	0.530850263
175.266684	0.532436764
175.315344	0.533966878
175.364096	0.532713386
175.412604	0.534877336
175.461981	0.525214108
175.509764	0.542290918
175.558234	0.534025283
175.60755	0.524768409
175.656401	0.530221098
175.704863	0.535306769
175.753867	0.530290048
175.801802	0.542565789
175.850859	0.52993979
175.899382	0.535683216
175.948798	0.525630499
175.996809	0.540726787
176.046034	0.527035199
176.094046	0.540189169
176.143217	0.526849836
176.191763	0.533640682
176.240248	0.53465941
176.288359	0.539175843
176.33792	0.52378332
176.386351	0.536134922
176.434462	0.539347563
176.483992	0.52341167
176.532492	0.534185511
176.580588	0.538458914
176.629713	0.527000555
176.678793	0.527340302
176.727827	0.527164912
176.77561	0.540088335
176.824744	0.52555422
176.87287	0.536561138
176.922263	0.523411958
176.970351	0.538415511
177.019484	0.526825418
177.068617	0.526022675
177.117064	0.532551592
177.165648	0.530495786
177.215002	0.521718643
177.263152	0.534980031
177.312148	0.525672966
177.36067	0.530333159
177.409674	0.524872463
177.458235	0.530289825
177.506873	0.530332066
177.555266	0.53424485
177.6043	0.52794457
177.652579	0.53672621
177.7022	0.522372941
177.75054	0.536399768
177.798933	0.535995129
177.847685	0.532199094
177.897253	0.523473166
177.945624	0.536150431
177.994315	0.532677192
178.043074	0.531943477
178.09194	0.531623017
178.140128	0.540270248
178.189116	0.532297467
178.237807	0.536030906
178.287161	0.529126262
178.335852	0.536239736
178.384726	0.533728625
178.433241	0.537187695
178.482634	0.527077661
178.531073	0.536919865
178.579482	0.536973842
178.628661	0.528325312
178.677542	0.531809894
178.726302	0.533745226
178.775297	0.532032326
178.824156	0.534888939
178.873106	0.53505733
178.921759	0.539014423
178.970938	0.53353685
179.019385	0.541504138
179.068129	0.537937043
179.116721	0.538925169
179.166052	0.530695231
179.215033	0.53492061
179.263831	0.53728865
179.312674	0.537874991
179.361205	0.542677196
179.410521	0.535144207
179.458258	0.553638561
179.507521	0.537583637
179.557173	0.534388862
179.605216	0.552870083
179.65415	0.543091668
179.702994	0.543624381
179.751868	0.541110864
179.801245	0.533587587
179.849608	0.544045935
179.898314	0.540978535
179.947096	0.541222495
179.996146	0.538785432
180.044745	0.544430621
180.093008	0.549235802
180.142554	0.536022766
180.191321	0.545140006
180.239951	0.546764184
180.289626	0.53493422
180.337797	0.550776403
180.386794	0.540711274
180.435156	0.547191843
180.484152	0.540199432
180.532729	0.54541921
180.581259	0.546893558
180.630499	0.539926576
180.679701	0.540924405
180.728316	0.547680864
180.777098	0.545936212
180.82643	0.540815565
180.875349	0.54561708
180.923903	0.549420732
180.972624	0.547305966
181.021262	0.547462504
181.070914	0.535910971
181.119376	0.548794643
181.168181	0.544828882
181.216605	0.549201515
181.265356	0.545635241
181.31436	0.542931889
181.363776	0.538326489
181.412634	0.544734781
181.461272	0.547297136
181.509917	0.546727248
181.559325	0.538516955
181.607962	0.547050533
181.656569	0.547473153
181.705939	0.538960614
181.754561	0.546865582
181.803656	0.541188311
181.852835	0.539889391
181.902144	0.538890112
181.950217	0.553114164
181.998953	0.545903625
182.048438	0.537714325
182.096945	0.547941615
182.145705	0.545013805
182.194937	0.539810197
182.243826	0.544212666
182.292448	0.546950744
182.341299	0.544759785
182.390036	0.546203946
182.439368	0.539616709
182.488715	0.539677651
182.537207	0.549530385
182.586569	0.540070876
182.635481	0.544948481
182.684653	0.542032501
182.73313	0.550063392
182.781355	0.55322396
182.830565	0.542593
182.879477	0.546380946
182.92903	0.539637985
182.978415	0.541679844
183.026793	0.55332286
183.075606	0.548700079
183.124686	0.546070167
183.173346	0.551074674
183.222395	0.546636974
183.270903	0.55279676
183.320006	0.545878895
183.368437	0.553039438
183.417197	0.549355346
183.466612	0.542162413
183.515257	0.550756123
183.564322	0.546086336
183.613417	0.545911416
183.661894	0.553413885
183.711142	0.544951969
183.760016	0.549154629
183.808905	0.549204887
183.858214	0.544486439
183.906973	0.550563265
183.955801	0.5497338
184.005339	0.54226269
184.053755	0.555299245
184.10282	0.548097392
184.151274	0.55513119
184.200652	0.545027088
184.249243	0.55340724
184.298399	0.546858501
184.347342	0.549027024
184.395689	0.555029501
184.444838	0.545104134
184.494315	0.54149587
184.54331	0.547025027
184.592345	0.547694392
184.641035	0.552778197
184.689688	0.554357018
184.73873	0.55077524
184.788428	0.544238634
184.836546	0.562500902
184.886267	0.543913187
184.935233	0.551932457
184.985136	0.54071232
185.034003	0.551357553
185.082503	0.555397829
185.130988	0.55625144
185.180479	0.545908023
185.229781	0.549066419
185.278609	0.555373055
185.327628	0.554026647
185.377287	0.547200947
185.425467	0.563936549
185.474883	0.549569057
185.523115	0.562169063
185.572188	0.552454225
185.621832	0.546034749
185.670752	0.554508652
185.719656	0.555344898
185.768996	0.551222398
185.817252	0.563994121
185.86695	0.547945978
185.915472	0.561813973
185.964011	0.561757749
186.013335	0.5528819
186.063147	0.547194895
186.111136	0.567673977
186.16004	0.555723783
186.209456	0.549126581
186.258681	0.550701725
186.307257	0.558684285
186.356291	0.554096125
186.405348	0.554504306
186.454405	0.555635799
186.503683	0.553926756
186.55287	0.556462426
186.601508	0.564094593
186.650717	0.558283391
186.699217	0.566174024
186.748823	0.552919636
186.797499	0.562234802
186.846892	0.553159361
186.895987	0.556163013
186.94512	0.555809467
186.993636	0.562770087
187.043166	0.551218336
187.091437	0.565676832
187.140662	0.55455685
187.189551	0.55855827
187.238547	0.557636988
187.287619	0.556457682
187.336958	0.553185358
187.385748	0.55953371
187.434782	0.556932663
187.483145	0.564773223
187.53266	0.551622161
187.582396	0.549384475
187.630995	0.562383918
187.67964	0.561739842
187.72869	0.557363989
187.777991	0.554723735
187.827612	0.550505825
187.875815	0.566822766
187.925391	0.551504852
187.974066	0.562147819
188.022849	0.561612051
188.072272	0.554865687
188.121405	0.558064303
188.17034	0.559938615
188.219435	0.557908693
188.267874	0.565148444
188.317221	0.554333407
188.36624	0.557650027
188.415976	0.549064037
188.465071	0.555588806
188.513579	0.56263404
188.562552	0.558218634
188.611853	0.555588195
188.660803	0.560485952
188.710745	0.549791609
188.758948	0.5697115
188.807455	0.565874305
188.856863	0.555465033
188.906088	0.557509871
188.954932	0.561358734
189.003958	0.559248867
189.053198	0.556815717
189.101981	0.562631229
189.151862	0.550682135
189.200766	0.563078955
189.249533	0.565850739
189.299353	0.554357461
189.347922	0.568710559
189.39675	0.565477143
189.445929	0.560622675
189.495367	0.556473485
189.544379	0.560377242
189.593367	0.560160438
189.643134	0.551360554
189.691397	0.56916331
189.740324	0.562155275
189.789511	0.559755875
189.838255	0.565837021
189.887701	0.558336639
189.936545	0.565585265
189.985709	0.562112808
190.034796	0.563081952
190.084006	0.560726147
190.132422	0.569362301
190.182394	0.551580366
190.231245	0.564867181
190.280539	0.560881378
190.329428	0.566656844
190.378302	0.567782006
190.427763	0.561572408
190.476485	0.570906607
190.525442	0.5694446
190.57495	0.563911644
190.623282	0.577979581
190.672965	0.561831824
190.721579	0.573741174
190.771475	0.557942846
190.820319	0.569687988
190.8692	0.569086535
190.91783	0.572031999
190.967421	0.561061802
191.016493	0.567086209
191.065642	0.566211311
191.114981	0.564245222
191.164168	0.56606418
191.21337	0.566026016
191.262289	0.569655335
191.311652	0.56471236
191.360686	0.568969166
191.409392	0.573267837
191.458296	0.57153322
191.508299	0.559280273
191.557089	0.573827421
191.605933	0.573144026
191.655135	0.569699088
191.704153	0.572377442
191.753264	0.571547298
191.802657	0.56873066
191.851195	0.580176841
191.900267	0.575963989
191.949477	0.576468754
191.999098	0.573676308
192.048018	0.5832172
192.097647	0.575302927
192.146162	0.588751667
192.195349	0.580849976
192.244231	0.584801048
192.293799	0.577127135
192.342352	0.588726701
192.391547	0.580492514
192.440939	0.577734528
192.49034	0.578204146
192.539732	0.579353107
192.587561	0.599173275
192.637534	0.574083222
192.68672	0.583448913
192.735815	0.582958828
192.785498	0.575419328
192.834204	0.586481008
192.883299	0.58105114
192.932219	0.582313734
192.98123	0.580327507
193.030722	0.573930258
193.079237	0.585752974
193.128447	0.577940165
193.177405	0.582268417
193.226683	0.579401532
193.275641	0.583613133
193.325171	0.576716267
193.374152	0.58276638
193.423163	0.582211923
193.472716	0.574644495
193.521445	0.583689389
193.571051	0.572605699
193.620177	0.577853455
193.669348	0.578109778
193.718024	0.584972419
193.767088	0.581826879
193.815611	0.589231278
193.865431	0.574513652
193.914763	0.580297073
193.963576	0.586605564
194.012366	0.586668397
194.061446	0.582557957
194.111174	0.574723297
194.16004	0.584988666
194.208792	0.586942367
194.258429	0.577161878
194.307371	0.586486528
194.357367	0.575082494
194.405936	0.592729041
194.455374	0.582799182
194.504546	0.585757212
194.553915	0.583216685
194.602766	0.5881614
194.652052	0.581801722
194.700499	0.591101725
194.750113	0.576971315
194.799078	0.584614445
194.847906	0.587002706
194.897368	0.58052128
194.946509	0.584564949
194.996085	0.579545299
195.045027	0.586116255
195.094374	0.580298361
195.143568	0.581353295
195.192511	0.583008861
195.241553	0.581516497
195.290648	0.58106995
195.339766	0.581732656
195.388907	0.582376152
195.43804	0.583746635
195.487021	0.5866326
195.536047	0.586554114
195.585295	0.584210473
195.634413	0.585354393
195.683394	0.586384462
195.732588	0.582601737
195.781531	0.585042988
195.831473	0.573350593
195.879996	0.59028825
195.929114	0.584312449
195.978789	0.578651955
196.027693	0.588568856
196.076636	0.590016108
196.12554	0.591804206
196.175238	0.582942862
196.224158	0.592361269
196.27326	0.589847132
196.322302	0.589418511
196.372237	0.57828978
196.420897	0.593108406
196.469534	0.593273122
196.518904	0.585513044
196.567984	0.58984285
196.617628	0.583842381
196.666426	0.595308975
196.715636	0.591267818
196.764586	0.594927268
196.814123	0.587342935
196.863242	0.591744218
196.911963	0.595502244
196.961371	0.586426945
197.010535	0.588546646
197.0595	0.591011783
197.108473	0.591868214
197.157652	0.59050033
197.207198	0.588054944
197.256667	0.591195137
197.30583	0.596616903
197.355124	0.596071819
197.403639	0.606221699
197.453085	0.594725446
197.502074	0.59982911
197.551642	0.59261902
197.601225	0.592404492
197.650038	0.601796563
197.699179	0.598205526
197.747595	0.608501933
197.797087	0.59612586
197.846053	0.602604361
197.895903	0.591394578
197.945258	0.596463993
197.993941	0.603556743
198.043562	0.591097544
198.092345	0.600520739
198.141508	0.594443224
198.190459	0.596113361
198.239928	0.589307693
198.288992	0.594415414
198.337981	0.596786866
198.386916	0.599043608
198.436613	0.591199026
198.485525	0.601530432
198.534476	0.601327468
198.583617	0.599218491
198.632742	0.599168468
198.682303	0.593803072
198.731406	0.598367558
198.781088	0.590434747
198.829733	0.602422961
198.87847	0.601145602
198.92771	0.595266896
198.976187	0.605917094
199.025809	0.593115137
199.07556	0.591841099
199.124472	0.601291485
199.173789	0.595431204
199.221861	0.609331779
199.271803	0.585117956
199.320624	0.59734963
199.370169	0.586613969
199.419142	0.592163231
199.468626	0.585371768
199.517333	0.5947927
199.566321	0.593067567
199.615157	0.596581785
199.664358	0.592766523
199.713728	0.591127196
199.76274	0.595143518
199.812186	0.588626907
199.861197	0.592753593
199.909666	0.598729495
199.959212	0.584763513
200.008192	0.590382345
200.057127	0.590044587
200.10649	0.584975297
200.155577	0.588665359
200.205092	0.585934992
200.254454	0.589345142
200.303503	0.594600638
200.352614	0.594523889
200.401572	0.596068288
200.450293	0.598313797
200.499731	0.589241766
200.549437	0.585161586
200.598029	0.597501668
200.647101	0.590730205
200.696936	0.581645168
200.746123	0.589237833
200.794356	0.60249569
200.844191	0.584306599
200.892935	0.598099725
200.942351	0.59031651
200.991408	0.593565486
201.041113	0.584354082
201.089781	0.595673931
201.139387	0.583701716
201.188246	0.592074902
201.236632	0.596080421
201.286238	0.580443693
201.335287	0.586449123
201.384482	0.585324502
201.433646	0.58659094
201.483328	0.581538255
201.531882	0.595629692
201.580992	0.588462658
201.630812	0.579577415
201.68006	0.585805961
201.728995	0.589206535
201.778296	0.58475223
201.827811	0.582165215
201.876501	0.591329259
201.925589	0.586641432
201.974524	0.589322401
202.023482	0.590373425
202.07244	0.591958486
202.122122	0.584392759
202.171561	0.587852621
202.220305	0.596514427
202.26982	0.587327551
202.31864	0.595965551
202.36727	0.598133934
202.416785	0.587744477
202.465857	0.592683709
202.515234	0.589355144
202.563574	0.603041013
202.613623	0.583430149
202.662123	0.603659146
202.711386	0.595663824
202.76042	0.599376642
202.809622	0.598033003
202.858061	0.607873733
202.907751	0.592069861
202.956725	0.600045472
203.006407	0.591105302
203.05506	0.603172733
203.104804	0.589292418
203.153326	0.603303587
203.202498	0.595088871
203.251555	0.596726782
203.301047	0.592697617
203.349562	0.605127098
203.39881	0.596059785
203.448149	0.594673833
203.49713	0.598745379
203.546912	0.588824443
203.595488	0.603577943
203.645285	0.589024351
203.694304	0.598845182
203.743262	0.599164786
203.79212	0.600583998
203.84104	0.599209629
203.890654	0.591252192
203.940192	0.593061695
203.988745	0.605348641
204.037779	0.599171501
204.086676	0.600957285
204.135924	0.596642088
204.185614	0.592062467
204.234724	0.600464763
204.283659	0.604252926
204.333212	0.600508121
204.382056	0.609975021
204.430731	0.613549231
204.4802	0.604794851
204.529051	0.61447678
204.578192	0.612553744
204.627119	0.61574664
204.676459	0.610421071
204.725203	0.617513613
204.774756	0.607043963
204.824004	0.610617573
204.872977	0.613578628
204.921866	0.615329936
204.971144	0.610928939
205.019972	0.616312189
205.069403	0.608155101
205.11888	0.606733316
205.167899	0.612830451
205.217009	0.61145104
205.265837	0.615013106
205.314986	0.611206271
205.364157	0.611191295
205.413435	0.609739652
205.462897	0.607214034
205.511641	0.615983725
205.56066	0.612744764
205.610129	0.606117647
205.658614	0.616962217
205.708197	0.602025087
205.756934	0.612009365
205.806425	0.602450197
205.856207	0.598650128
205.903937	0.623941152
205.953452	0.601424006
206.002951	0.601745995
206.051695	0.610787607
206.10092	0.605502557
206.15042	0.602655205
206.198821	0.616272709
206.248702	0.597334967
206.296652	0.620918362
206.345961	0.603193508
206.395804	0.596852435
206.444861	0.606826414
206.493636	0.610640044
206.542921	0.604621961
206.592459	0.602185899
206.641638	0.606965406
206.690154	0.61545848
206.739485	0.606638091
206.788908	0.606469218
206.838309	0.606514778
206.886961	0.615295731
206.936713	0.60091975
206.985373	0.613963448
207.03443	0.608959449
207.083815	0.604826658
207.132353	0.615421947
207.182204	0.59911984
207.231352	0.607501596
207.280142	0.611505328
207.329817	0.600261053
207.378302	0.615368451
207.427527	0.606431491
207.476553	0.60828663
207.525855	0.604149635
207.575034	0.604512181
207.624648	0.599097127
207.673842	0.604409808
207.722533	0.611390247
207.771979	0.602516305
207.821608	0.600955477
207.869879	0.618405542
207.918944	0.608356231
207.968573	0.602199179
208.017653	0.608882465
208.066405	0.611928809
208.115446	0.607555905
208.164831	0.602590968
208.214041	0.604858598
208.262602	0.614112148
208.311949	0.605494236
208.360739	0.613263142
208.410315	0.603774139
208.459158	0.612709703
208.508261	0.609200699
208.55728	0.609975422
208.606528	0.606433376
208.655623	0.607266678
208.704085	0.613670117
208.754027	0.59459404
208.802855	0.607291008
208.851363	0.61123171
208.900938	0.598533085
208.94953	0.610910136
208.999686	0.592411672
209.048727	0.60640582
209.098128	0.602651277
209.146422	0.617600699
209.195826	0.60486941
209.245016	0.608031386
209.294482	0.604051655
209.343153	0.612767666
209.392386	0.604526211
209.441546	0.604467682
209.49045	0.607358006
209.539473	0.605613681
209.588458	0.605900639
209.637575	0.604430197
209.687098	0.599424823
209.736369	0.602931581
209.785391	0.606262473
209.833933	0.612954549
209.883456	0.60191314
209.932284	0.610285934
209.981902	0.599791294
210.030558	0.61107596
210.080409	0.595971049
210.129855	0.601289087
210.178683	0.609401916
210.227763	0.607307615
210.276766	0.60869169
210.326117	0.605177151
210.374983	0.61138802
210.424197	0.607767757
210.472815	0.615543638
210.52199	0.607513742
210.571764	0.598988538
210.620844	0.606398395
210.670176	0.602317484
210.718947	0.609655835
210.768103	0.605505689
210.816798	0.611486847
210.865992	0.606273286
210.914938	0.609357532
210.964209	0.605189775
211.012808	0.61320555
211.06206	0.604600461
211.111681	0.59960975
211.160971	0.602006156
211.209647	0.608303058
211.259245	0.595617016
211.307692	0.610088199
211.35702	0.600369011
211.406195	0.603680746
211.454871	0.611272452
211.504221	0.603906286
211.553263	0.608410921
211.602206	0.610496346
211.651343	0.60913827
211.700945	0.603941516
211.750025	0.609894868
211.79872	0.613413875
211.848319	0.600740583
211.896818	0.613494319
211.945937	0.606032959
211.994902	0.60902881
212.04452	0.602127154
212.093428	0.611855602
212.141932	0.618098316
212.190951	0.612628083
212.240839	0.603766791
212.289671	0.618614828
212.338999	0.613699204
212.388003	0.617537959
212.437178	0.61493944
212.485892	0.620401324
212.534724	0.618201628
212.584639	0.60506092
212.63262	0.629694933
212.682623	0.604885535
212.731184	0.622935916
212.78028	0.616420409
212.829478	0.615352319
212.878249	0.621647505
212.927748	0.612890473
212.976695	0.619675555
213.025656	0.618236882
213.075121	0.610616154
213.124491	0.610329515
213.173087	0.619463327
213.222937	0.604585783
213.271979	0.615450794
213.321501	0.610552568
213.370253	0.621270999
213.418887	0.623683076
213.468024	0.61834017
213.517336	0.61768745
213.56626	0.623889152
213.615683	0.618237796
213.664072	0.630638445
213.713766	0.612600965
213.762885	0.618704637
213.81198	0.618540887
213.861216	0.617502029
213.910025	0.623622937
213.959566	0.615168161
214.008608	0.622059192
214.057665	0.622456189
214.106455	0.626867323
214.155112	0.628972236
214.203997	0.626840442
214.254214	0.609680274
214.303061	0.624977515
214.351908	0.623198578
214.400603	0.623702782
214.450491	0.607911044
214.49901	0.625171975
214.548552	0.612855786
214.597285	0.623664919
214.646788	0.614096843
214.695559	0.623850261
214.744425	0.62270795
214.793928	0.614853469
214.843314	0.616129557
214.891566	0.630062194
214.941031	0.61312686
214.990069	0.617419001
215.038977	0.619025618
215.088595	0.610811983
215.137499	0.62119342
215.186331	0.623494936
215.234946	0.627951243
215.284315	0.619729426
215.333739	0.619973812
215.38251	0.629103564
215.431223	0.630470045
215.480379	0.624952603
215.529536	0.62493484
215.578516	0.627311575
215.627001	0.633948873
215.676215	0.625147441
215.725428	0.626923631
215.774363	0.631599209
215.823595	0.628358368
215.873041	0.625584037
215.922121	0.63027788
215.971026	0.633270493
216.020068	0.631800291
216.069376	0.628508946
216.118437	0.631326701
216.167265	0.633660676
216.215975	0.634008057
216.264845	0.631112455
216.313979	0.627234801
216.363386	0.623697044
216.412505	0.626597498
216.461642	0.625274484
216.510275	0.630465025
216.560069	0.614702765
216.608992	0.625974818
216.658228	0.622248717
216.706995	0.628648158
216.755614	0.630673325
216.805136	0.618505316
216.854521	0.618987967
216.903544	0.623411091
216.952158	0.62940275
217.001181	0.626116606
217.050181	0.628161791
217.099436	0.62680737
217.14807	0.636549111
217.19734	0.629492498
217.24671	0.629643663
217.295443	0.639820797
217.344576	0.635901715
217.393271	0.642025666
217.442503	0.634938841
217.491659	0.635807395
217.54101	0.633933972
217.59001	0.64009904
217.638781	0.644757399
217.687357	0.648268614
217.736689	0.638843721
217.785574	0.644636703
217.835425	0.632793858
217.883868	0.652417376
217.933062	0.64286081
217.982314	0.642204976
218.031275	0.643586576
218.080317	0.640757202
218.128661	0.649125569
218.177355	0.643947363
218.22732	0.627953294
218.276167	0.642643898
218.325056	0.642142384
218.373942	0.641776563
218.423308	0.635433194
218.47235	0.639357691
218.521235	0.641075095
218.569949	0.64346508
218.618987	0.638632476
218.668528	0.629344608
218.717627	0.633037251
218.766516	0.634629984
218.815478	0.632953272
218.864691	0.630625543
218.912772	0.645750307
218.961947	0.631426857
219.01087	0.634895061
219.060412	0.626603623
219.109587	0.630225789
219.158373	0.634202736
219.206797	0.638102443
219.256781	0.616532438
219.305552	0.630670067
219.35438	0.629065893
219.403632	0.623493545
219.45217	0.6335629
219.50146	0.624976262
219.551405	0.617846699
219.599982	0.636405404
219.649081	0.630689239
219.697482	0.641247503
219.746233	0.637887872
219.795718	0.629226868
219.845084	0.631010582
219.894183	0.632582816
219.942664	0.639788735
219.99232	0.624599949
220.041014	0.636888582
220.089724	0.637780812
220.138819	0.633555839
220.187861	0.634743678
220.237017	0.634817364
220.285979	0.638567156
220.33494	0.639854051
220.383692	0.643528333
220.433485	0.631204895
220.482081	0.648461361
220.530867	0.644730945
220.579791	0.642611356
220.629778	0.628828087
220.678103	0.650342226
220.727183	0.640814238
220.775759	0.648569721
220.824873	0.642166375
220.874205	0.639859206
220.922953	0.647618202
220.97159	0.648975954
221.020823	0.640701339
221.070094	0.640349485
221.119307	0.640545866
221.168558	0.638484282
221.217039	0.64797697
221.26602	0.641194537
221.315214	0.638458665
221.363673	0.64780989
221.412909	0.636681787
221.461504	0.643935949
221.511084	0.62994909
221.560469	0.631946682
221.608698	0.646494046
221.658164	0.630022999
221.706683	0.641985252
221.755839	0.632703169
221.8048	0.634843008
221.853743	0.634485686
221.902743	0.633322251
221.951956	0.630123332
222.000941	0.633681394
222.049765	0.636652646
222.098852	0.634087139
222.147467	0.641132977
222.196192	0.640521534
222.246119	0.625783461
222.294733	0.643138295
222.344195	0.633719282
222.393427	0.636915847
222.441882	0.647106977
222.491267	0.635236778
222.539744	0.646507485
222.588839	0.638718853
222.637953	0.638676164
222.687262	0.635933938
222.736281	0.63911459
222.784972	0.643266739
222.834238	0.635496533
222.883662	0.633766929
222.932158	0.647182144
222.981177	0.640827527
223.030505	0.635244316
223.079115	0.643945401
223.127978	0.640128983
223.177653	0.629163337
223.226653	0.638351191
223.274859	0.648590467
223.323973	0.636783771
223.372607	0.643006936
223.422068	0.632369735
223.470835	0.641450394
223.520335	0.632183641
223.5698	0.633210303
223.618273	0.6445287
223.66712	0.638969949
223.71604	0.638125661
223.764922	0.638683077
223.814268	0.63346153
223.862902	0.642992235
223.911784	0.639482426
223.960665	0.639950954
224.009627	0.639156511
224.058703	0.638200094
224.108202	0.633521015
224.157008	0.643258833
224.205485	0.649067109
224.254271	0.64487851
224.303946	0.63367018
224.352732	0.646261144
224.402117	0.640037508
224.4504	0.657460835
224.499823	0.643915095
224.548357	0.657081327
224.59788	0.643762574
224.646666	0.652679919
224.695277	0.654885765
224.744372	0.64813432
224.794146	0.63904711
224.842253	0.660252564
224.891543	0.643407949
224.940501	0.648747699
224.988825	0.658097702
225.038153	0.645435613
225.086802	0.655990996
225.135783	0.652054052
225.184607	0.653952726
225.233729	0.649783964
225.282862	0.649631214
225.331973	0.649784938
225.380732	0.65464977
225.430212	0.645216674
225.47946	0.647519644
225.52772	0.66117121
225.57654	0.654589444
225.625437	0.65532093
225.675207	0.646303914
225.724047	0.659573574
225.772772	0.660810946
225.821589	0.658379309
225.871649	0.640852378
225.920027	0.662179631
225.969	0.653680261
226.018248	0.649850874
226.067011	0.655799343
226.115656	0.656686307
226.164614	0.653862691
226.213606	0.654623388
226.262911	0.651263194
226.311812	0.657087551
226.360243	0.661843923
226.410052	0.642944457
226.458563	0.65943712
226.507578	0.652478947
226.556418	0.654733708
226.605353	0.653282043
226.654211	0.654611796
226.703459	0.649035488
226.752493	0.652642073
226.801661	0.651918619
226.850581	0.656410145
226.899111	0.663207339
226.948607	0.650578471
226.997717	0.655954609
227.046309	0.663524092
227.095614	0.654194707
227.144183	0.664862996
227.193602	0.654040485
227.24256	0.66074062
227.291495	0.661975469
227.340258	0.664273574
227.389273	0.661338891
227.43846	0.660307405
227.487978	0.657099403
227.536818	0.668134271
227.585349	0.67309463
227.634535	0.664602965
227.68297	0.675258007
227.732371	0.662258458
227.781424	0.667108991
227.829916	0.675009377
227.879103	0.665897223
227.928332	0.666768083
227.977694	0.665066304
228.026011	0.679787194
228.074679	0.675577167
228.123942	0.668019002
228.172358	0.680978076
228.221526	0.670731693
228.270502	0.672922001
228.319827	0.666233953
228.368861	0.668856532
228.417509	0.673019745
228.466402	0.668941535
228.515704	0.663090817
228.564852	0.664464436
228.614115	0.662649453
228.662909	0.669711665
228.711706	0.670669231
228.760718	0.669033378
228.809264	0.676067931
228.858935	0.659377457
228.907538	0.672094041
228.956587	0.664126694
229.00482	0.674109991
229.054743	0.650346337
229.103636	0.663387358
229.152258	0.666554245
229.201426	0.65868437
229.249934	0.667622277
229.299311	0.656006132
229.348204	0.662624543
229.39704	0.663137067
229.446226	0.65859776
229.494811	0.667048984
229.544131	0.65721387
229.59289	0.665106217
229.642096	0.658874932
229.691122	0.661271928
229.740038	0.663008043
229.78839	0.671092848
229.837614	0.659384018
229.886603	0.662545459
229.935439	0.664656346
229.984179	0.666274739
230.03348	0.660088326
230.082453	0.665627336
230.131152	0.670579722
230.180067	0.668136011
230.22896	0.66871793
230.278086	0.665770829
230.326166	0.681556477
230.375567	0.664555132
230.424555	0.671135776
230.473044	0.677697777
230.52244	0.664707232
230.570155	0.686866455
230.620406	0.650653582
230.668971	0.67266225
230.717787	0.668974744
230.766951	0.663985627
230.81573	0.667694042
230.86447	0.667008168
230.913073	0.668978603
230.96218	0.663464229
231.011347	0.664246236
231.059908	0.673818992
231.108435	0.673910292
231.158453	0.653562642
231.206747	0.677055554
231.255991	0.664533005
231.304808	0.671746724
231.353102	0.68062456
231.40246	0.667847187
231.451376	0.674739449
231.500056	0.678210886
231.548563	0.681869438
231.597094	0.682175725
231.646586	0.669242317
231.694586	0.689447776
231.743357	0.676538644
231.793177	0.660778199
231.841933	0.674165963
231.890376	0.678362206
231.939711	0.667106483
231.988505	0.675827183
232.037608	0.672734029
232.086127	0.682782822
232.135096	0.678140756
232.184237	0.676960181
232.233031	0.682677761
232.28155	0.687414849
232.330286	0.684186816
232.379114	0.681540654
232.428179	0.677659055
232.476992	0.681302349
232.526289	0.675124519
232.574557	0.691064586
232.623332	0.686761911
232.672297	0.686647187
232.720976	0.692553775
232.770117	0.687071848
232.819296	0.686966788
232.867838	0.695869927
232.916396	0.694824706
232.965559	0.684170396
233.014021	0.691960931
233.062949	0.683919281
233.111723	0.684885472
233.160399	0.685234782
233.208395	0.694998323
233.257597	0.677928167
233.305903	0.69117238
233.355879	0.668402388
233.404536	0.686281119
233.453021	0.687827469
233.502547	0.671959348
233.550719	0.689164482
233.59965	0.677120024
233.648596	0.675289532
233.697157	0.679777572
233.74663	0.667593179
233.794859	0.684891261
233.843768	0.676593414
233.892191	0.685305323
233.940672	0.686646501
233.989603	0.681696612
234.038512	0.682763988
234.087283	0.684243095
234.136446	0.677905265
234.184638	0.690812223
234.233527	0.68005861
234.281756	0.687978562
234.33045	0.680998874
234.379553	0.675219969
234.428423	0.678799909
234.476927	0.685252461
234.525641	0.682766437
234.574259	0.683648737
234.623286	0.676816764
234.671961	0.680009268
234.720618	0.677994138
234.768614	0.685384849
234.818217	0.661661467
234.866713	0.674744032
234.914934	0.677584044
234.963778	0.668260082
235.012431	0.670377561
235.061545	0.664089627
235.109885	0.676096165
235.159022	0.66542132
235.207671	0.671464259
235.256556	0.667456672
235.30575	0.661641334
235.353972	0.673353191
235.403166	0.658447866
235.452128	0.660399872
235.500796	0.663521556
235.548884	0.671689423
235.597613	0.663256832
235.646864	0.65674407
235.69528	0.669478894
235.744303	0.662309164
235.793555	0.661504913
235.842089	0.672849453
235.890467	0.676424095
235.940165	0.658636008
235.987944	0.685145636
236.03731	0.663155832
236.086836	0.660996381
236.135428	0.672279291
236.183962	0.672861114
236.232535	0.671682018
236.281184	0.670082834
236.330416	0.66209595
236.378794	0.675314283
236.427584	0.670835261
236.476466	0.67046122
236.525095	0.674382906
236.574232	0.667759231
236.62364	0.66458056
236.672137	0.677504699
236.720999	0.672989173
236.76961	0.676107865
236.818552	0.672034788
236.867087	0.678578858
236.916533	0.66742012
236.965803	0.672720511
237.014708	0.680480779
237.063166	0.688637145
237.112048	0.683219118
237.160563	0.687995903
237.209368	0.68338778
237.257998	0.685889288
237.307387	0.675750789
237.355921	0.688429555
237.404845	0.68369247
237.453726	0.684335956
237.502551	0.685724272
237.550909	0.693311298
237.599757	0.68666519
237.648833	0.684602657
237.697016	0.697588745
237.74594	0.687012756
237.795115	0.683009148
237.843241	0.697427471
237.892165	0.685569886
237.940279	0.696917881
237.989718	0.678090961
238.038866	0.681963427
238.087508	0.688811789
238.135722	0.696328765
238.18487	0.684241011
238.233492	0.692678854
238.282252	0.693025147
238.331381	0.689390396
238.379073	0.711463601
238.42816	0.691422178
238.476763	0.697973279
238.525542	0.695380612
238.574087	0.69887981
238.623061	0.693173043
238.671706	0.697729507
238.720484	0.696372826
238.768465	0.709251969
238.817358	0.698018506
238.866606	0.694523914
238.914568	0.714535521
238.963248	0.704974244
239.012068	0.703529438
239.061137	0.699934698
239.109953	0.703559624
239.158598	0.705792971
239.207083	0.707681553
239.255473	0.707726184
239.304854	0.691725715
239.353556	0.700201016
239.402216	0.699830155
239.450705	0.702544717
239.499194	0.703320237
239.547659	0.70517669
239.596884	0.695970811
239.645743	0.701485481
239.694655	0.700291526
239.742659	0.712681436
239.791396	0.700587917
239.839865	0.702748362
239.889208	0.688342287
239.938296	0.69043712
239.9863	0.704953795
240.035895	0.681959772
240.08401	0.702978709
240.133684	0.682058609
240.182288	0.699148763
240.23091	0.70049269
240.279322	0.704760492
240.328585	0.693519474
240.376955	0.7064539
240.426161	0.694280466
240.474669	0.704345857
240.524321	0.687289124
240.573061	0.700000021
240.621958	0.697897639
240.670348	0.705635774
240.719282	0.698637803
240.768427	0.696832584
240.816683	0.710664747
240.86587	0.697305104
240.914141	0.709878004
240.96329	0.695722867
241.012225	0.696740851
241.06151	0.690248384
241.110422	0.693074795
241.158701	0.700537269
241.207747	0.688620523
241.257025	0.684611779
241.305741	0.692351256
241.35426	0.695738499
241.403092	0.692521244
241.45241	0.685980947
241.501046	0.695609735
241.55052	0.683548582
241.598826	0.69903877
241.648222	0.683324112
241.696663	0.696697866
241.745944	0.684670649
241.79526	0.684434004
241.843975	0.69330372
241.893216	0.686621086
241.941716	0.697753788
241.991404	0.68198614
242.040177	0.696302107
242.089106	0.69466738
242.138365	0.690007357
242.186436	0.706464288
242.235482	0.691674415
242.284703	0.688041724
242.334002	0.686330729
242.382813	0.692052243
242.431294	0.697156559
242.480709	0.684787913
242.529561	0.693300589
242.57878	0.6890877
242.627884	0.693052732
242.677144	0.692916051
242.725508	0.707567907
242.774416	0.701230155
242.823677	0.69760615
242.872527	0.704984757
242.922196	0.69463344
242.970637	0.713692981
243.020112	0.699628981
243.069176	0.705735945
243.117987	0.709849851
243.1668	0.71046054
243.215456	0.713844641
243.265591	0.694119324
243.314209	0.717330997
243.36382	0.704390785
243.412455	0.720272253
243.461539	0.715626009
243.51039	0.719824077
243.559592	0.714916807
243.608967	0.712046266
243.657196	0.72857508
243.706027	0.71853297
243.755577	0.707478375
243.804274	0.719636409
243.852812	0.721889448
243.902422	0.706399552
243.951449	0.71545444
244.000222	0.72042759
244.049054	0.720448418
244.098565	0.711107599
244.146969	0.727344379
244.195994	0.717612383
244.244496	0.72397179
244.293364	0.717499438
244.34231	0.7148846
244.391465	0.710998187
244.440092	0.71842815
244.488936	0.7152994
244.538109	0.710687035
244.586775	0.719229889
244.635813	0.715234825
244.684927	0.71488663
244.733731	0.719718091
244.782477	0.719833974
244.831299	0.717156898
244.880396	0.711935598
244.929354	0.712158472
244.978821	0.704476485
245.026591	0.729431283
245.076077	0.704237106
245.124648	0.717505238
245.173605	0.711903056
245.222487	0.713535682
245.271311	0.714958477
245.320445	0.710544612
245.369345	0.714036549
245.417897	0.7191835
245.465998	0.725085823
245.515503	0.703552819
245.563799	0.719533898
245.613324	0.70064354
245.662362	0.70724469
245.710522	0.719960664
245.759091	0.713792783
245.809044	0.694711951
245.857769	0.713050186
245.905735	0.724235158
245.955103	0.704209297
246.003869	0.712721506
246.053374	0.701422238
246.10204	0.712698571
246.151272	0.704570924
246.199765	0.715719069
246.248684	0.709396673
246.297682	0.708346938
246.346507	0.711584071
246.395134	0.715363259
246.444853	0.701446894
246.493481	0.71821224
246.542576	0.712320978
246.591498	0.715456546
246.640009	0.721267365
246.689844	0.701113283
246.738083	0.723719229
246.787238	0.710112373
246.836119	0.714689908
246.885058	0.713942316
246.933842	0.717110176
246.983406	0.706541877
247.032229	0.718076351
247.081519	0.712955275
247.130225	0.72275112
247.179106	0.721021859
247.228007	0.721095115
247.276753	0.721895672
247.326062	0.712960271
247.374554	0.72438852
247.423767	0.713790321
247.472941	0.714784323
247.521632	0.722243686
247.570151	0.724409052
247.61953	0.71199482
247.669026	0.711479386
247.718152	0.717401538
247.766438	0.730469439
247.815583	0.717859649
247.864436	0.721304415
247.913229	0.721453673
247.962218	0.718338165
248.011988	0.707045919
248.060488	0.725801704
248.10899	0.725405514
248.158856	0.705784507
248.207085	0.729616053
248.256092	0.718372581
248.305161	0.718040826
248.353661	0.726648501
248.402319	0.724556911
248.451464	0.717560209
248.500433	0.719806442
248.549168	0.7224871
248.597943	0.720873824
248.646777	0.719336138
248.695687	0.718232997
248.744715	0.717039861
248.794249	0.709512482
248.842732	0.725162202
248.891915	0.715447175
248.940203	0.72952266
248.988976	0.722530087
249.038123	0.717359474
249.086995	0.722024654
249.135046	0.735069578
249.183997	0.72191931
249.233298	0.717273788
249.281876	0.728325902
249.331158	0.717749596
249.38003	0.722929414
249.42857	0.726698797
249.477793	0.71620346
249.526646	0.72166642
249.57622	0.711554946
249.624369	0.733360419
249.673613	0.718805556
249.722035	0.732003839
249.771336	0.719646017
249.820364	0.723994655
249.869412	0.723927395
249.917874	0.731889564
249.967137	0.718919767
250.015871	0.726669942
250.064646	0.726496406
250.113713	0.722220144
250.162936	0.720169896
250.211476	0.730998849
250.260485	0.724466601
250.309532	0.724944915
250.358364	0.729336685
250.407568	0.724782238
250.456538	0.728954256
250.504532	0.744212869
250.554125	0.719391087
250.603094	0.728132888
250.652201	0.7260321
250.700612	0.736655613
250.749808	0.724475827
250.798573	0.731272371
250.848608	0.712653493
250.897082	0.735764373
250.94575	0.734158496
250.99516	0.724019957
251.044785	0.721322958
251.093161	0.739686429
251.142277	0.727433132
251.191493	0.725524535
251.240492	0.728738448
251.289122	0.734812014
251.338885	0.718542017
251.387963	0.728725554
251.43665	0.734182203
251.485983	0.72435154
251.535412	0.723685201
251.583886	0.738848156
251.632575	0.736111534
251.681399	0.73416036
251.731354	0.716135143
251.779458	0.742761873
251.82881	0.723506284
251.877692	0.73042846
251.926869	0.726030454
251.975809	0.729742172
252.024849	0.727711461
252.073576	0.733094913
252.122109	0.737150798
252.171578	0.724338127
252.220518	0.733553806
252.269539	0.732826853
252.318402	0.735179401
252.367344	0.733078488
252.416714	0.725355573
252.465676	0.730441899
252.514618	0.730236415
252.563815	0.726320631
252.612814	0.728912933
252.66162	0.731494867
252.710854	0.725528735
252.759718	0.731598778
252.808268	0.736727628
252.856703	0.739338317
252.906933	0.71320623
252.95525	0.741263336
253.004347	0.729296024
253.052626	0.741518315
253.101704	0.729148013
253.151408	0.719498631
253.200075	0.732975688
253.248881	0.729716063
253.297764	0.727658612
253.346999	0.7225043
253.395647	0.731375933
253.445019	0.720819644
253.493922	0.728121243
253.542668	0.732011462
253.592703	0.714509663
253.640786	0.743809276
253.689434	0.735169826
253.739314	0.716637801
253.787981	0.734285189
253.837372	0.723557827
253.886628	0.725475222
253.93438	0.748105037
253.983939	0.721652232
254.033085	0.728303606
254.082644	0.723077616
254.131674	0.733332111
254.18002	0.745603265
254.229382	0.731423933
254.27851	0.735926446
254.327753	0.734312854
254.377371	0.728203157
254.425971	0.743060295
254.475354	0.731282003
254.524657	0.732154204
254.573941	0.732449158
254.623146	0.733876171
254.672627	0.730426062
254.720991	0.748337109
254.769396	0.749923484
254.819384	0.72750314
254.868142	0.746810327
254.917601	0.736554578
254.966925	0.737840552
255.015271	0.7525126
255.065571	0.723646003
255.114249	0.748681262
255.163495	0.741116311
255.212582	0.744431853
255.261534	0.747564203
255.31074	0.745176223
255.359498	0.754021747
255.40839	0.752953394
255.457577	0.749120699
255.50688	0.747605896
255.555148	0.763106085
255.604725	0.7419849
255.653971	0.746227805
255.702767	0.752590042
255.751894	0.74664618
255.800572	0.752999314
255.849642	0.746724082
255.898808	0.745348252
255.948405	0.739016697
255.997279	0.750697153
256.046093	0.751521218
256.095299	0.745432107
256.14474	0.740724886
256.193341	0.751907279
256.242566	0.741690081
256.291714	0.742482353
256.340178	0.753032321
256.389578	0.738894392
256.438824	0.741572212
256.487912	0.744643855
256.536648	0.751295324
256.585757	0.746491187
256.635334	0.739842191
256.684638	0.745151179
256.733258	0.755715259
256.781643	0.759103491
256.831356	0.73868169
256.880699	0.744229371
256.929144	0.758158818
256.978957	0.737188216
257.02783	0.750827714
257.076977	0.745873599
257.125372	0.757941035
257.174332	0.749244264
257.223254	0.749735711
257.272996	0.737783508
257.322192	0.745233232
257.371464	0.743435418
257.420816	0.741800934
257.470069	0.743396208
257.519186	0.745798279
257.568284	0.746479041
257.617048	0.752057002
257.666458	0.742591971
257.715184	0.753924729
257.764887	0.739677788
257.813925	0.749713556
257.863923	0.734629721
257.912981	0.748439382
257.961569	0.755463965
258.010784	0.745680754
258.060232	0.742115884
258.108978	0.75277471
258.157704	0.75325671
258.20684	0.747104975
258.256641	0.738191919
258.305641	0.750764707
258.354522	0.752651546
258.404108	0.741951356
258.453479	0.744953109
258.502185	0.755381501
258.55185	0.742364453
258.600829	0.754256379
258.649634	0.758114127
258.698809	0.753378612
258.74724	0.765949737
258.797571	0.73855676
258.846158	0.766293637
258.895412	0.756633154
258.944432	0.76020245
258.993529	0.75867953
259.042254	0.763761183
259.091586	0.753816477
259.140135	0.769054302
259.189526	0.757308233
259.237723	0.77651594
259.287173	0.756675556
259.336523	0.758045053
259.385875	0.75807892
259.434347	0.772091009
259.483678	0.758724901
259.532306	0.769313947
259.581031	0.7666528
259.631165	0.743755265
259.679695	0.767364523
259.728675	0.759657975
259.777342	0.764538586
259.826928	0.751774627
259.875888	0.762373472
259.924008	0.776384582
259.973652	0.753373166
260.02271	0.762743664
260.071123	0.773006509
260.120259	0.761208105
260.169845	0.753520243
260.218473	0.767378953
260.267805	0.756227875
260.316293	0.769510858
260.365459	0.759111352
260.414115	0.767278576
260.463516	0.755590921
260.513111	0.753403123
260.561905	0.767692241
260.610816	0.766619598
260.659747	0.766244761
260.709089	0.759311429
260.757823	0.768123125
260.807185	0.757920516
260.856664	0.755850556
260.90485	0.775705293
260.954192	0.756927084
261.003143	0.76305424
261.052347	0.758981788
261.101532	0.759855607
261.151031	0.755351771
261.199805	0.766510664
261.250027	0.743978625
261.298508	0.769786639
261.34781	0.756507775
261.396682	0.762664488
261.446004	0.755669512
261.495033	0.760173688
261.544277	0.756418802
261.593541	0.756122195
261.642804	0.75668621
261.69238	0.752983022
261.741232	0.765650039
261.790692	0.757322414
261.838976	0.775927883
261.888083	0.76247981
261.937367	0.759542959
261.986669	0.759029199
262.03654	0.750350189
262.085177	0.769380243
262.133951	0.767297736
262.183507	0.754818584
262.232556	0.763386092
262.282211	0.7546435
262.330965	0.768882799
262.380268	0.761591369
262.428866	0.773323885
262.478462	0.757675512
262.527412	0.767592708
262.57691	0.759244026
262.625645	0.771333558
262.674967	0.762692572
262.724309	0.76285293
262.773279	0.768617922
262.822171	0.770225352
262.871708	0.760626949
262.920854	0.766717204
262.969921	0.769018559
263.018989	0.769046599
263.068409	0.763214535
263.117516	0.7677091
263.166427	0.770834654
263.21571	0.765504609
263.265052	0.765116931
263.313298	0.783100035
263.362874	0.762180552
263.411453	0.77878022
263.461009	0.763557359
263.509649	0.777997484
263.559059	0.765569595
263.608803	0.759721226
263.657724	0.775342093
263.706624	0.776795566
263.756093	0.76786496
263.805367	0.77063412
263.854346	0.77486652
263.904031	0.763042029
263.952755	0.777663181
264.00197	0.770001365
264.050792	0.77587866
264.100575	0.76001945
264.149789	0.768432729
264.198691	0.772416588
264.248453	0.758387628
264.297551	0.768249664
264.34651	0.770491249
264.395509	0.771508417
264.445037	0.763813197
264.494311	0.767718497
264.543799	0.76420544
264.59323	0.76608364
264.641719	0.78117468
264.691149	0.766078247
264.739853	0.775926182
264.789617	0.758431576
264.838714	0.767613262
264.887947	0.765016837
264.936868	0.7697982
264.986338	0.762798224
265.035572	0.76768937
265.084923	0.76703334
265.134471	0.765283304
265.183509	0.775343788
265.233017	0.770990069
265.282036	0.780148269
265.331329	0.776549629
265.380955	0.770657316
265.429974	0.780006064
265.480011	0.764110094
265.529226	0.77719364
265.578264	0.780588333
265.627282	0.782602981
265.67636	0.782637213
265.725691	0.779235484
265.775082	0.779672262
265.824042	0.786960086
265.873688	0.776120808
265.922118	0.79553538
265.972156	0.769158949
266.020782	0.790396141
266.06982	0.782997584
266.119466	0.772763203
266.16919	0.771607515
266.217699	0.792729521
266.266913	0.782674317
266.31654	0.777171485
266.36595	0.782239049
266.415027	0.788717632
266.463693	0.7958632
266.513456	0.778254948
266.562533	0.788522585
266.611748	0.785253903
266.660825	0.786228149
266.710549	0.775589702
266.758821	0.798832078
266.808102	0.783645518
266.857245	0.786942674
266.906682	0.782814713
266.955471	0.793903185
267.005007	0.782401242
267.053895	0.792786224
267.103371	0.782769042
267.152887	0.781103537
267.201127	0.800064727
267.25082	0.775421116
267.299491	0.790895391
267.3494	0.771204894
267.398464	0.784520896
267.447627	0.783336773
267.497162	0.77932293
267.545481	0.800613592
267.595114	0.780485035
267.644512	0.78465312
267.693812	0.78597581
267.742621	0.793227548
267.791686	0.788132378
267.841221	0.779549651
267.890423	0.784355423
267.939467	0.786643996
267.988512	0.786940357
268.03795	0.781109096
268.087073	0.786549511
268.135666	0.796340527
268.185378	0.779507391
268.23456	0.78935481
268.283546	0.792752529
268.332355	0.794664663
268.381753	0.783973081
268.4307	0.79063815
268.480353	0.779057148
268.529359	0.789323576
268.578757	0.782905282
268.628155	0.783560998
268.67716	0.790762945
268.726303	0.789905674
268.774838	0.801089981
268.824667	0.781122396
268.874301	0.784463319
268.922874	0.800972912
268.971998	0.790946971
269.021808	0.77912061
269.071029	0.787912729
269.120172	0.789179472
269.169393	0.788023282
269.218262	0.793698139
269.267463	0.788324841
269.316057	0.799098494
269.366534	0.769659842
269.415127	0.80003225
269.464486	0.788377834
269.514296	0.781755667
269.563302	0.793956581
269.612778	0.786146212
269.661999	0.790229502
269.710514	0.802120419
269.759971	0.787300925
269.809153	0.792150509
269.858728	0.785924108
269.908145	0.788851867
269.956449	0.808459629
270.005484	0.797280742
270.055049	0.789989885
270.103906	0.802173986
270.15355	0.788606337
270.20282	0.793911714
270.251836	0.797806555
270.300831	0.798156613
270.349826	0.798153776
270.399234	0.79134356
270.448171	0.798644416
270.497677	0.789062391
270.546181	0.80633452
270.595216	0.797985255
270.644467	0.795484542
270.694031	0.791309657
270.743282	0.795315587
270.791806	0.805846856
270.8409	0.795711963
270.88964	0.801387543
270.939283	0.786910815
270.987906	0.803645712
271.037746	0.783771544
271.086977	0.793385915
271.135992	0.797932026
271.184732	0.802296383
271.23412	0.792088451
271.283332	0.794942434
271.331934	0.805903442
271.381303	0.793598892
271.430672	0.793676128
271.479726	0.798755913
271.528761	0.799114623
271.577462	0.804720485
271.6263	0.802724154
271.67612	0.787039815
271.725194	0.798538636
271.773463	0.812988227
271.823106	0.790704276
271.871552	0.810266147
271.921529	0.785642868
271.970289	0.805066397
272.019422	0.79889177
272.068437	0.801559956
272.117982	0.793644372
272.166605	0.809527871
272.216052	0.796588893
272.265067	0.804239373
272.314396	0.799697571
272.363784	0.798888805
272.412544	0.809952285
272.462266	0.794967067
272.511085	0.809752444
272.560316	0.801783017
272.609429	0.803384693
272.65866	0.801488941
272.707479	0.808238331
272.75671	0.801569418
272.805882	0.802620859
272.85582	0.790446642
272.904128	0.817075615
272.953634	0.79838565
273.002964	0.800709164
273.051763	0.809250033
273.101033	0.801126594
273.149951	0.805662581
273.199659	0.792724095
273.248543	0.806575573
273.297938	0.798850775
273.347097	0.80329608
273.395902	0.809821959
273.44571	0.793808368
273.49485	0.804989856
273.5445	0.798617241
273.593443	0.810063688
273.642779	0.803073305
273.69182	0.807578707
273.74151	0.796667639
273.790964	0.801064765
273.84028	0.803057499
273.889184	0.808807961
273.938519	0.800837338
273.987619	0.804204111
274.036818	0.802700098
274.085879	0.806276772
274.135097	0.804888716
274.184374	0.804381634
274.233533	0.807593293
274.283124	0.801253953
274.3325	0.805407743
274.381993	0.803928718
274.431054	0.811307354
274.48037	0.806905913
274.529273	0.813854278
274.579101	0.798962421
274.628162	0.811651429
274.677104	0.814199298
274.726637	0.804804275
274.775482	0.816026602
274.825073	0.805003736
274.873603	0.822566513
274.923765	0.795703892
274.972629	0.816938539
275.022043	0.806251098
275.070966	0.813431249
275.120244	0.808350895
275.169501	0.809289615
275.218562	0.812838893
275.268232	0.803195602
275.317194	0.814802057
275.366314	0.813102775
275.415689	0.80970448
275.465241	0.805956539
275.513811	0.82154419
275.563245	0.80686337
275.612404	0.810395955
275.662212	0.799460471
275.711056	0.815831271
275.760451	0.807366346
275.809866	0.807634781
275.859103	0.810880018
275.908263	0.812421585
275.957697	0.808546058
276.007111	0.809803314
276.056487	0.810127699
276.106039	0.806837461
276.154785	0.819931785
276.20418	0.808382143
276.253653	0.806115516
276.303304	0.803476363
276.351637	0.826141496
276.401495	0.801779996
276.450229	0.820845805
276.499849	0.806386742
276.549921	0.799555273
276.598596	0.823544188
276.647783	0.815627409
276.697383	0.809028185
276.7471	0.806179576
276.795166	0.83342036
276.845238	0.799168964
276.894425	0.813054061
276.944044	0.806765813
276.992975	0.818790486
277.042162	0.815197811
277.09186	0.807295789
277.141381	0.810660094
277.189997	0.826058147
277.239283	0.816462154
277.288686	0.814979782
277.337754	0.819885354
277.387157	0.812957561
277.436659	0.809917122
277.485845	0.81462731
277.534226	0.828822876
277.583885	0.808362717
277.633347	0.812352611
277.682396	0.819726999
277.731346	0.821531742
277.780395	0.821005652
277.830133	0.809752984
277.878985	0.824316633
277.928192	0.817279158
277.977595	0.812984896
278.026506	0.819726025
278.075397	0.818901037
278.124899	0.808481872
278.174538	0.806835439
278.222898	0.829384833
278.272478	0.809704224
278.321567	0.818491647
278.370754	0.817829703
278.419823	0.820989338
278.469284	0.815073477
278.517547	0.835603621
278.567894	0.799675345
278.616727	0.822858116
278.665756	0.818247734
278.714431	0.823593965
278.763697	0.813742466
278.812667	0.818978284
278.861775	0.817174469
278.91167	0.805419654
278.960542	0.823131021
279.009807	0.818517188
279.059289	0.81526176
279.107905	0.829406822
279.15776	0.808614491
279.206751	0.820827591
279.25576	0.81814786
279.305006	0.814174572
279.354291	0.812927079
279.402947	0.823541493
279.452448	0.809880526
279.501654	0.81566784
279.550526	0.822346949
279.599798	0.817522028
279.648775	0.822740744
279.698896	0.804033797
279.747519	0.828539561
279.797265	0.808399152
279.846401	0.817710151
279.895418	0.818813302
279.944613	0.815983644
279.994575	0.803592281
280.043219	0.82554122
280.092197	0.820979975
280.142356	0.803303314
280.191138	0.827491681
280.240825	0.813110203
280.289684	0.826669249
280.338249	0.83159211
280.38829	0.805978591
280.436933	0.828885002
280.486659	0.811020334
280.536051	0.816031389
280.585344	0.817777071
280.634322	0.823645602
280.683773	0.816624029
280.732987	0.822592688
280.782635	0.816486783
280.831337	0.833123247
280.880532	0.825243322
280.929392	0.831007137
280.978862	0.820250595
281.02786	0.827395182
281.076936	0.825673247
281.12615	0.822564238
281.1757	0.816934703
281.223831	0.84119414
281.273951	0.808520233
281.322535	0.835220301
281.372556	0.81239638
281.421043	0.839212315
281.470808	0.817908577
281.519707	0.832367115
281.568705	0.830247179
281.617683	0.829207372
281.666326	0.833655262
281.715699	0.820611135
281.764873	0.823728885
281.813891	0.826483092
281.864188	0.805527497
281.913126	0.827866423
281.961967	0.830350872
282.011063	0.827883665
282.059923	0.832021457
282.109766	0.815364758
282.15847	0.83329577
282.20729	0.829601776
282.256701	0.818980846
282.306113	0.818055934
282.354932	0.827566459
282.404442	0.816093716
282.453046	0.831710373
282.502398	0.819619093
282.55181	0.820043423
282.601004	0.824421411
282.649569	0.83498131
282.699216	0.818138296
282.749002	0.815525801
282.798315	0.822305296
282.846588	0.839511424
282.896203	0.81675906
282.945582	0.820892294
282.994901	0.821954993
283.04357	0.832355031
283.093166	0.817070155
283.142051	0.830245983
283.191489	0.821372837
283.24	0.837523741
283.290009	0.81317469
283.339014	0.830095151
283.38847	0.82280482
283.43775	0.825472394
283.486656	0.830552198
283.536211	0.819499289
283.58559	0.822433879
283.634554	0.829615624
283.684189	0.818160043
283.733055	0.830944727
283.782631	0.819538725
283.831437	0.833598572
283.880599	0.828252956
283.930076	0.823937724
283.979278	0.829038745
284.028932	0.821638796
284.077621	0.837170652
284.127334	0.819296427
284.176673	0.825241006
284.225736	0.829813509
284.274543	0.834164174
284.323606	0.829027026
284.373261	0.819053358
284.422364	0.828256644
284.471584	0.827565652
284.520371	0.836252049
284.569455	0.831684618
284.619109	0.822409519
284.668369	0.82915981
284.717372	0.832784584
284.766534	0.8292055
284.816287	0.81891276
284.865134	0.833711208
284.913723	0.837101758
284.962728	0.829514823
285.011238	0.837816936