110.031	0.242453
110.073	0.248108
110.115	0.248788
110.157	0.243767
110.200	0.244098
110.243	0.241735
110.285	0.242896
110.328	0.240868
110.370	0.241470
110.413	0.240263
110.456	0.243331
110.498	0.244459
110.541	0.245465
110.584	0.247339
110.627	0.246244
110.669	0.244937
110.712	0.243926
110.755	0.244004
110.797	0.241697
110.840	0.242568
110.883	0.244441
110.925	0.242578
110.968	0.241312
111.013	0.234705
111.055	0.250034
111.097	0.251428
111.140	0.244103
111.184	0.241510
111.226	0.246103
111.269	0.240640
111.312	0.243733
111.355	0.246674
111.398	0.240070
111.441	0.240475
111.484	0.249111
111.527	0.238877
111.571	0.244788
111.614	0.241122
111.657	0.247190
111.700	0.247510
111.743	0.266476
111.786	0.260887
111.829	0.267616
111.873	0.265368
111.916	0.263384
111.959	0.269448
112.002	0.264391
112.046	0.262747
112.089	0.268271
112.131	0.257592
112.175	0.263214
112.219	0.265641
112.262	0.265281
112.305	0.268423
112.348	0.267264
112.391	0.266937
112.435	0.266323
112.478	0.270682
112.521	0.269983
112.565	0.272649
112.608	0.275215
112.651	0.272762
112.695	0.269218
112.738	0.267358
112.781	0.264595
112.825	0.264533
112.868	0.278195
112.911	0.274653
112.955	0.282041
112.999	0.274779
113.042	0.280596
113.086	0.280441
113.129	0.278227
113.172	0.277401
113.216	0.280268
113.260	0.279555
113.304	0.280025
113.347	0.282374
113.390	0.277396
113.434	0.281883
113.478	0.274435
113.522	0.276556
113.565	0.282263
113.609	0.275618
113.652	0.280282
113.696	0.277052
113.739	0.280658
113.784	0.276851
113.827	0.281859
113.871	0.278341
113.915	0.284199
113.958	0.282450
114.002	0.276923
114.046	0.280467
114.090	0.275814
114.133	0.281563
114.178	0.276019
114.221	0.280634
114.266	0.274550
114.309	0.283737
114.353	0.278736
114.397	0.279175
114.441	0.278856
114.485	0.280122
114.530	0.278835
114.573	0.284807
114.618	0.275020
114.662	0.280590
114.705	0.283458
114.749	0.281034
114.794	0.278509
114.838	0.280454
114.882	0.278599
114.926	0.283540
114.970	0.281731
115.014	0.279490
115.058	0.281515
115.102	0.280246
115.147	0.281998
115.190	0.282470
115.235	0.278311
115.279	0.279272
115.323	0.284336
115.367	0.279537
115.411	0.277608
115.456	0.275866
115.500	0.281763
115.544	0.280636
115.588	0.279963
115.633	0.282160
115.677	0.278893
115.721	0.278458
115.765	0.282908
115.809	0.281282
115.854	0.276390
115.897	0.282390
115.942	0.277499
115.986	0.279950
116.031	0.289074
116.075	0.298157
116.120	0.300872
116.164	0.301506
116.208	0.306930
116.252	0.301375
116.297	0.288486
116.342	0.280991
116.386	0.279605
116.430	0.287647
116.475	0.300872
116.519	0.301132
116.563	0.306909
116.608	0.298496
116.652	0.300190
116.697	0.301492
116.741	0.300960
116.786	0.302967
116.830	0.303206
116.874	0.304568
116.919	0.299209
116.964	0.299661
117.008	0.301142
117.052	0.303617
117.098	0.293222
117.142	0.302330
117.186	0.301884
117.231	0.297420
117.276	0.300788
117.321	0.308017
117.365	0.307859
117.410	0.303883
117.454	0.301954
117.499	0.304394
117.544	0.298388
117.589	0.299972
117.634	0.301471
117.678	0.306366
117.723	0.299769
117.767	0.303680
117.813	0.298468
117.857	0.303189
117.902	0.304369
117.947	0.303426
117.991	0.310039
118.037	0.297686
118.081	0.304216
118.125	0.304836
118.171	0.297160
118.216	0.298915
118.261	0.300614
118.305	0.305086
118.350	0.299520
118.396	0.296515
118.440	0.306990
118.484	0.307486
118.530	0.302266
118.575	0.303460
118.619	0.307553
118.664	0.305436
118.709	0.306644
118.754	0.299428
118.799	0.300489
118.844	0.300084
118.888	0.303300
118.933	0.307137
118.978	0.301541
119.023	0.301743
119.068	0.308892
119.112	0.305648
119.158	0.300671
119.203	0.307434
119.248	0.305697
119.293	0.308058
119.337	0.305565
119.382	0.301362
119.427	0.298632
119.472	0.303613
119.518	0.296941
119.563	0.307320
119.608	0.299451
119.653	0.309720
119.697	0.312757
119.742	0.307284
119.788	0.305892
119.833	0.309864
119.878	0.303640
119.923	0.307892
119.968	0.303930
120.013	0.303434
120.058	0.300144
120.103	0.305641
120.149	0.301120
120.193	0.310076
120.238	0.307336
120.284	0.302450
120.330	0.311209
120.375	0.307843
120.419	0.311997
120.465	0.301289
120.509	0.316933
120.556	0.300688
120.601	0.308668
120.646	0.300467
120.691	0.310660
120.736	0.306397
120.782	0.307318
120.827	0.310818
120.872	0.311223
120.918	0.307394
120.963	0.311622
121.008	0.312042
121.054	0.306618
121.099	0.306745
121.145	0.305535
121.189	0.314756
121.235	0.304199
121.280	0.307794
121.326	0.303586
121.371	0.308555
121.417	0.311146
121.463	0.307614
121.508	0.314752
121.553	0.308913
121.599	0.308633
121.644	0.307927
121.690	0.309915
121.736	0.303176
121.781	0.309010
121.826	0.311571
121.872	0.302192
121.917	0.306705
121.963	0.303743
122.008	0.312343
122.054	0.305208
122.099	0.309176
122.145	0.312060
122.190	0.311550
122.236	0.308150
122.281	0.316921
122.327	0.305876
122.373	0.311486
122.418	0.309553
122.464	0.307002
122.510	0.305093
122.555	0.309436
122.601	0.306785
122.647	0.311312
122.693	0.309207
122.738	0.312423
122.784	0.308071
122.829	0.314313
122.875	0.313763
122.920	0.315124
122.966	0.306230
123.012	0.307693
123.058	0.307609
123.104	0.303103
123.149	0.308706
123.195	0.311243
123.240	0.308548
123.287	0.305621
123.332	0.311091
123.378	0.318431
123.424	0.327926
123.470	0.326326
123.515	0.341168
123.562	0.324166
123.607	0.317160
123.653	0.310988
123.699	0.307550
123.745	0.308566
123.791	0.326770
123.836	0.331763
123.883	0.328889
123.928	0.328639
123.974	0.330197
124.020	0.332353
124.066	0.334462
124.111	0.336886
124.158	0.331385
124.203	0.331627
124.249	0.329814
124.296	0.326804
124.341	0.325849
124.387	0.331767
124.433	0.326640
124.479	0.334379
124.525	0.327863
124.571	0.331781
124.616	0.338165
124.662	0.335763
124.709	0.330153
124.755	0.335452
124.800	0.338493
124.846	0.338097
124.892	0.330697
124.939	0.325501
124.984	0.332207
125.030	0.335785
125.076	0.333551
125.122	0.341141
125.168	0.343265
125.214	0.348505
125.260	0.346625
125.306	0.343826
125.352	0.346785
125.398	0.348308
125.445	0.339047
125.491	0.343843
125.537	0.339172
125.583	0.340078
125.628	0.345220
125.674	0.343013
125.721	0.343030
125.767	0.341072
125.813	0.342736
125.859	0.347599
125.905	0.348055
125.951	0.347574
125.997	0.348285
126.043	0.345197
126.089	0.340653
126.135	0.341176
126.182	0.341314
126.228	0.341276
126.274	0.342068
126.321	0.337081
126.366	0.350177
126.412	0.343695
126.459	0.340156
126.505	0.345999
126.551	0.347996
126.598	0.341538
126.644	0.345379
126.690	0.345203
126.736	0.345420
126.782	0.343165
126.829	0.341344
126.875	0.337725
126.921	0.342232
126.968	0.343167
127.014	0.347331
127.060	0.349857
127.106	0.350023
127.153	0.344242
127.199	0.349408
127.245	0.349163
127.292	0.342977
127.338	0.343515
127.383	0.352148
127.430	0.341281
127.476	0.341390
127.523	0.343568
127.569	0.341665
127.616	0.343222
127.662	0.346939
127.709	0.341807
127.755	0.345279
127.801	0.354111
127.847	0.343650
127.894	0.345964
127.940	0.343698
127.986	0.343528
128.033	0.339855
128.079	0.341546
128.125	0.342103
128.172	0.343759
128.218	0.340485
128.264	0.345125
128.310	0.345757
128.357	0.339425
128.404	0.344767
128.450	0.347178
128.496	0.348740
128.543	0.342974
128.590	0.338336
128.636	0.343678
128.682	0.340311
128.729	0.342773
128.775	0.341065
128.821	0.342617
128.868	0.339229
128.914	0.342147
128.960	0.350377
129.007	0.342277
129.054	0.346494
129.100	0.347451
129.147	0.344082
129.193	0.344138
129.240	0.341724
129.287	0.342556
129.333	0.341418
129.380	0.343838
129.426	0.345181
129.473	0.341708
129.519	0.343779
129.566	0.347349
129.612	0.344632
129.659	0.346713
129.706	0.346343
129.752	0.347946
129.799	0.346419
129.846	0.342154
129.892	0.345563
129.938	0.343159
129.985	0.341763
130.032	0.342674
130.079	0.342501
130.126	0.345061
130.172	0.346826
130.219	0.347185
130.265	0.349658
130.312	0.346487
130.359	0.347150
130.405	0.349585
130.452	0.345641
130.498	0.348047
130.545	0.336233
130.592	0.346156
130.638	0.342839
130.686	0.339216
130.732	0.351652
130.779	0.345908
130.826	0.352188
130.872	0.356418
130.919	0.355994
130.965	0.359268
131.012	0.347022
131.059	0.345674
131.106	0.345388
131.152	0.351421
131.200	0.338068
131.246	0.353192
131.293	0.346384
131.339	0.351883
131.386	0.357684
131.433	0.359746
131.480	0.356347
131.526	0.362596
131.573	0.360024
131.620	0.354877
131.667	0.356502
131.714	0.358577
131.761	0.347753
131.807	0.346928
131.854	0.349751
131.901	0.356081
131.947	0.357100
131.995	0.355753
132.041	0.359791
132.088	0.362080
132.136	0.354414
132.182	0.364480
132.229	0.361222
132.277	0.353429
132.323	0.356716
132.370	0.355635
132.417	0.357601
132.464	0.358601
132.511	0.355776
132.558	0.357840
132.604	0.358654
132.652	0.354048
132.699	0.364934
132.746	0.358036
132.793	0.361303
132.840	0.361971
132.887	0.357509
132.934	0.358001
132.981	0.357252
133.028	0.356176
133.075	0.358159
133.122	0.358769
133.169	0.357385
133.216	0.361157
133.264	0.355361
133.310	0.365688
133.357	0.362242
133.404	0.358608
133.451	0.366901
133.498	0.357144
133.545	0.361004
133.592	0.357032
133.640	0.358015
133.687	0.358006
133.733	0.364023
133.780	0.358683
133.828	0.359407
133.875	0.365025
133.921	0.368976
133.969	0.364245
134.016	0.366728
134.062	0.368569
134.110	0.362857
134.157	0.363293
134.204	0.358954
134.251	0.363511
134.298	0.360815
134.345	0.361581
134.392	0.360413
134.439	0.362802
134.486	0.362853
134.533	0.365171
134.580	0.367075
134.628	0.362845
134.675	0.369632
134.722	0.360683
134.769	0.370900
134.816	0.357919
134.863	0.364993
134.910	0.360778
134.957	0.364824
135.005	0.363039
135.051	0.370684
135.099	0.364747
135.146	0.372790
135.193	0.374000
135.240	0.367672
135.288	0.366668
135.335	0.371045
135.382	0.366290
135.429	0.367613
135.476	0.366807
135.524	0.361314
135.571	0.365537
135.618	0.370437
135.666	0.359070
135.712	0.372061
135.760	0.368291
135.807	0.371285
135.854	0.369474
135.901	0.369956
135.949	0.363506
135.996	0.369307
136.044	0.360914
136.090	0.371820
136.137	0.368770
136.184	0.367537
136.232	0.358756
136.279	0.372789
136.326	0.368588
136.373	0.372529
136.421	0.372749
136.468	0.369715
136.515	0.370296
136.562	0.373484
136.610	0.368055
136.656	0.372390
136.704	0.365890
136.751	0.371464
136.799	0.364355
136.846	0.363424
136.893	0.371302
136.940	0.370008
136.988	0.369411
137.035	0.375391
137.082	0.370946
137.129	0.376017
137.177	0.366813
137.224	0.373377
137.271	0.372093
137.318	0.367734
137.366	0.367781
137.413	0.371608
137.460	0.367136
137.507	0.371604
137.555	0.369662
137.602	0.370366
137.649	0.374655
137.697	0.365191
137.744	0.373008
137.792	0.368663
137.838	0.375731
137.886	0.368101
137.933	0.373707
137.980	0.367167
138.028	0.371778
138.075	0.370375
138.122	0.369640
138.169	0.371910
138.217	0.371805
138.264	0.371670
138.312	0.371598
138.359	0.373641
138.406	0.370308
138.454	0.366817
138.501	0.369692
138.548	0.370881
138.595	0.371632
138.643	0.369387
138.690	0.368279
138.738	0.370715
138.785	0.369399
138.833	0.370148
138.880	0.374221
138.927	0.364836
138.975	0.369687
139.023	0.364677
139.070	0.370940
139.117	0.367435
139.165	0.368687
139.212	0.372957
139.259	0.364411
139.306	0.373694
139.354	0.368454
139.401	0.370856
139.449	0.366069
139.497	0.363874
139.544	0.371090
139.591	0.365702
139.639	0.366665
139.685	0.373803
139.733	0.360241
139.781	0.368911
139.828	0.364206
139.875	0.369732
139.923	0.364142
139.970	0.369940
140.018	0.368495
140.065	0.367825
140.113	0.366761
140.160	0.369812
140.207	0.366356
140.255	0.364608
140.303	0.366315
140.351	0.362326
140.398	0.371180
140.445	0.364441
140.492	0.370915
140.540	0.367802
140.587	0.368853
140.635	0.365648
140.682	0.370197
140.731	0.360359
140.777	0.375404
140.825	0.366267
140.872	0.370430
140.920	0.362365
140.967	0.368783
141.015	0.368471
141.062	0.369631
141.110	0.368716
141.157	0.370962
141.204	0.371492
141.251	0.371820
141.300	0.365682
141.347	0.367798
141.395	0.365962
141.442	0.369200
141.490	0.368809
141.537	0.373212
141.585	0.369150
141.632	0.372159
141.680	0.363604
141.728	0.369752
141.776	0.368028
141.823	0.373445
141.871	0.368179
141.918	0.370840
141.966	0.364831
142.013	0.374347
142.061	0.369788
142.108	0.371730
142.156	0.371048
142.203	0.376203
142.251	0.369875
142.298	0.376709
142.346	0.377821
142.394	0.375756
142.442	0.373343
142.489	0.375833
142.537	0.367369
142.584	0.377691
142.631	0.375223
142.680	0.373518
142.727	0.383414
142.775	0.373871
142.822	0.378143
142.870	0.377583
142.918	0.382103
142.965	0.377242
143.013	0.379845
143.060	0.381985
143.108	0.374778
143.156	0.375748
143.203	0.374198
143.251	0.380363
143.299	0.378137
143.346	0.381389
143.394	0.376570
143.442	0.383167
143.489	0.378155
143.537	0.381404
143.585	0.385123
143.632	0.391017
143.680	0.379086
143.728	0.381572
143.775	0.381083
143.823	0.378474
143.871	0.387430
143.918	0.385369
143.965	0.389815
144.013	0.382623
144.061	0.384491
144.109	0.387347
144.157	0.382231
144.204	0.391083
144.252	0.385238
144.299	0.391782
144.347	0.382238
144.395	0.383438
144.443	0.381865
144.491	0.382534
144.538	0.393740
144.586	0.385774
144.634	0.390146
144.681	0.394817
144.729	0.389818
144.776	0.397147
144.825	0.386035
144.873	0.392828
144.920	0.396328
144.968	0.383554
145.015	0.385836
145.063	0.383037
145.111	0.384765
145.159	0.388685
145.206	0.397738
145.254	0.393553
145.302	0.389510
145.350	0.392151
145.397	0.398145
145.445	0.396750
145.492	0.400711
145.540	0.397369
145.588	0.392932
145.637	0.388995
145.684	0.399535
145.731	0.397677
145.779	0.389441
145.827	0.394686
145.875	0.394805
145.923	0.391228
145.971	0.399038
146.018	0.399870
146.066	0.396894
146.114	0.398543
146.161	0.401319
146.209	0.390548
146.257	0.398266
146.304	0.397138
146.352	0.392236
146.400	0.393052
146.448	0.387877
146.495	0.406560
146.543	0.393397
146.591	0.392770
146.639	0.399887
146.686	0.400677
146.734	0.396919
146.782	0.400555
146.830	0.395675
146.878	0.395593
146.926	0.392074
146.973	0.400034
147.021	0.392756
147.069	0.401196
147.116	0.397140
147.164	0.403982
147.212	0.392833
147.260	0.398241
147.308	0.402809
147.356	0.397488
147.403	0.397971
147.451	0.394861
147.499	0.399823
147.548	0.390987
147.596	0.395616
147.643	0.398013
147.691	0.398435
147.739	0.402675
147.786	0.402078
147.834	0.400298
147.883	0.394113
147.931	0.403225
147.979	0.398784
148.026	0.403613
148.074	0.397144
148.122	0.399278
148.170	0.400716
148.218	0.394264
148.266	0.398448
148.314	0.399258
148.362	0.398212
148.410	0.401146
148.457	0.402512
148.505	0.402567
148.553	0.401723
148.602	0.395184
148.649	0.399779
148.697	0.402134
148.744	0.404254
148.792	0.396545
148.840	0.398556
148.888	0.394513
148.937	0.394871
148.984	0.401954
149.032	0.401760
149.080	0.406320
149.128	0.400458
149.176	0.405308
149.224	0.401016
149.271	0.403804
149.319	0.398588
149.367	0.401774
149.416	0.396961
149.463	0.399310
149.511	0.404830
149.559	0.397055
149.607	0.396879
149.655	0.404624
149.703	0.402983
149.750	0.405690
149.799	0.396515
149.846	0.406540
149.895	0.394389
149.943	0.403306
149.991	0.399559
150.038	0.401449
150.087	0.394301
150.134	0.408212
150.182	0.399455
150.230	0.400966
150.278	0.402537
150.325	0.411959
150.374	0.405913
150.422	0.419232
150.469	0.422112
150.518	0.413570
150.565	0.419306
150.614	0.413696
150.661	0.408531
150.709	0.405431
150.757	0.403052
150.805	0.401218
150.853	0.405715
150.901	0.413676
150.950	0.417856
150.997	0.424579
151.046	0.415986
151.093	0.424136
151.141	0.417087
151.189	0.416069
151.237	0.422651
151.284	0.424925
151.332	0.415697
151.381	0.415448
151.428	0.418575
151.476	0.417587
151.524	0.421823
151.572	0.421939
151.620	0.423194
151.669	0.417644
151.717	0.419642
151.765	0.422852
151.812	0.421469
151.860	0.419618
151.908	0.420868
151.956	0.418051
152.004	0.421057
152.052	0.418868
152.100	0.419493
152.148	0.419874
152.196	0.423003
152.244	0.421669
152.292	0.422585
152.340	0.425516
152.387	0.422230
152.435	0.418844
152.484	0.414770
152.532	0.420961
152.580	0.417559
152.627	0.422929
152.675	0.419701
152.723	0.421290
152.771	0.421207
152.819	0.420533
152.867	0.422547
152.915	0.421017
152.962	0.427394
153.011	0.419217
153.059	0.421486
153.107	0.417273
153.155	0.424906
153.203	0.420051
153.251	0.417771
153.298	0.424636
153.346	0.413861
153.394	0.421941
153.442	0.423934
153.490	0.421386
153.538	0.426249
153.586	0.421052
153.635	0.413460
153.682	0.425597
153.730	0.418748
153.778	0.424178
153.826	0.418987
153.874	0.425989
153.922	0.417207
153.970	0.422159
154.018	0.417267
154.066	0.422590
154.114	0.430980
154.162	0.422980
154.209	0.427037
154.258	0.418441
154.306	0.426092
154.354	0.421549
154.401	0.427333
154.449	0.427035
154.497	0.417004
154.545	0.423802
154.594	0.413400
154.641	0.430035
154.689	0.427567
154.737	0.422204
154.785	0.422017
154.832	0.430254
154.881	0.416289
154.929	0.425674
154.976	0.425234
155.025	0.420594
155.073	0.421230
155.120	0.428122
155.169	0.414976
155.217	0.422432
155.264	0.429058
155.312	0.423204
155.360	0.430543
155.408	0.426601
155.456	0.425548
155.504	0.424889
155.552	0.421602
155.600	0.427755
155.648	0.428987
155.696	0.426379
155.743	0.430611
155.792	0.420971
155.839	0.428165
155.887	0.423241
155.936	0.422100
155.984	0.426744
156.032	0.426668
156.079	0.429856
156.127	0.428429
156.175	0.428246
156.223	0.427543
156.271	0.430091
156.319	0.426688
156.367	0.428160
156.415	0.426921
156.463	0.424078
156.511	0.423950
156.559	0.429119
156.607	0.429870
156.655	0.430129
156.703	0.425878
156.751	0.430084
156.799	0.425462
156.847	0.426475
156.895	0.430317
156.943	0.424787
156.991	0.427287
157.039	0.425729
157.088	0.423328
157.135	0.432158
157.183	0.433393
157.231	0.435464
157.279	0.431203
157.327	0.430958
157.375	0.427356
157.423	0.432592
157.472	0.425783
157.519	0.434279
157.567	0.429244
157.616	0.429741
157.664	0.431470
157.712	0.433803
157.760	0.429128
157.807	0.438225
157.856	0.431367
157.904	0.431804
157.952	0.432623
158.000	0.432430
158.047	0.433466
158.095	0.435194
158.144	0.424756
158.192	0.430958
158.240	0.431556
158.288	0.433898
158.336	0.430092
158.384	0.428321
158.433	0.428317
158.481	0.434065
158.529	0.435183
158.577	0.431152
158.625	0.431597
158.673	0.434857
158.721	0.428951
158.769	0.428305
158.817	0.435670
158.865	0.429712
158.913	0.431045
158.961	0.433950
159.009	0.432527
159.057	0.438829
159.105	0.429797
159.153	0.435473
159.201	0.433141
159.250	0.428879
159.298	0.434652
159.346	0.435443
159.395	0.425050
159.442	0.443390
159.490	0.431423
159.538	0.436826
159.586	0.433956
159.634	0.439369
159.682	0.437851
159.731	0.430177
159.779	0.440005
159.826	0.440423
159.875	0.432693
159.923	0.438307
159.971	0.434464
160.019	0.431750
160.067	0.435485
160.115	0.440652
160.163	0.430481
160.212	0.436108
160.260	0.434493
160.308	0.443433
160.357	0.435393
160.404	0.443423
160.452	0.436372
160.500	0.441479
160.548	0.435354
160.596	0.437508
160.644	0.439629
160.692	0.437814
160.741	0.424666
160.789	0.445530
160.837	0.429508
160.885	0.438290
160.933	0.440518
160.981	0.436729
161.029	0.442986
161.077	0.437149
161.125	0.436885
161.173	0.442101
161.221	0.433524
161.270	0.434743
161.318	0.434853
161.366	0.441442
161.414	0.433438
161.462	0.446285
161.510	0.436637
161.558	0.433324
161.606	0.441025
161.654	0.443431
161.702	0.440195
161.751	0.433636
161.799	0.436598
161.846	0.440189
161.895	0.433773
161.943	0.433571
161.991	0.437026
162.039	0.444320
162.087	0.433510
162.135	0.439667
162.183	0.439397
162.231	0.434590
162.280	0.437876
162.328	0.438590
162.376	0.441623
162.424	0.437749
162.473	0.433257
162.520	0.443304
162.568	0.437438
162.616	0.439442
162.664	0.436656
162.712	0.439906
162.761	0.436375
162.809	0.441956
162.857	0.440509
162.905	0.438079
162.953	0.452264
163.001	0.438137
163.050	0.434377
163.098	0.435613
163.145	0.445359
163.194	0.437070
163.243	0.427788
163.290	0.443781
163.339	0.439531
163.387	0.444315
163.435	0.439831
163.483	0.441377
163.531	0.436517
163.579	0.444018
163.628	0.439979
163.676	0.441615
163.724	0.441208
163.772	0.443030
163.820	0.447555
163.868	0.442394
163.916	0.443539
163.964	0.436202
164.013	0.438449
164.061	0.442613
164.109	0.446328
164.156	0.448411
164.205	0.445916
164.253	0.449344
164.302	0.434109
164.349	0.451997
164.398	0.444085
164.446	0.444332
164.494	0.453738
164.542	0.441586
164.590	0.449232
164.638	0.445203
164.686	0.441757
164.734	0.444128
164.783	0.448031
164.831	0.450233
164.879	0.457821
164.927	0.450243
164.974	0.454519
165.023	0.449122
165.071	0.449494
165.119	0.449179
165.167	0.446712
165.216	0.446409
165.263	0.453540
165.312	0.439537
165.360	0.446461
165.408	0.447959
165.456	0.450947
165.504	0.455737
165.552	0.451146
165.600	0.455984
165.648	0.451119
165.696	0.452995
165.744	0.454868
165.793	0.446667
165.840	0.458029
165.889	0.450968
165.937	0.446658
165.985	0.457259
166.033	0.455871
166.082	0.450365
166.130	0.460336
166.178	0.459572
166.226	0.453161
166.275	0.455548
166.323	0.456709
166.371	0.453058
166.419	0.456459
166.467	0.458905
166.516	0.453114
166.564	0.454315
166.611	0.460073
166.660	0.446368
166.708	0.465228
166.756	0.458307
166.804	0.464600
166.853	0.457167
166.901	0.468933
166.949	0.465401
166.997	0.464983
167.045	0.460797
167.093	0.459501
167.142	0.454607
167.190	0.461570
167.238	0.460263
167.286	0.461033
167.335	0.456129
167.383	0.467999
167.431	0.459677
167.479	0.468183
167.528	0.464336
167.576	0.469453
167.624	0.460082
167.672	0.466978
167.720	0.464928
167.769	0.459577
167.817	0.460810
167.864	0.464982
167.913	0.459038
167.962	0.463650
168.009	0.469793
168.058	0.467706
168.106	0.461686
168.154	0.469676
168.202	0.461775
168.251	0.461816
168.299	0.464489
168.347	0.467137
168.396	0.458721
168.444	0.465629
168.492	0.460622
168.540	0.470459
168.589	0.459503
168.637	0.468202
168.686	0.461553
168.733	0.473225
168.782	0.463660
168.830	0.468827
168.878	0.466637
168.926	0.460546
168.975	0.464770
169.023	0.469211
169.071	0.458161
169.120	0.464528
169.168	0.462692
169.216	0.461503
169.264	0.468413
169.313	0.463950
169.361	0.466836
169.409	0.463356
169.458	0.466385
169.506	0.466689
169.555	0.459305
169.603	0.472283
169.651	0.460577
169.700	0.466047
169.748	0.464585
169.796	0.470742
169.845	0.459620
169.893	0.465577
169.941	0.468309
169.989	0.474753
170.037	0.466201
170.086	0.468158
170.135	0.462109
170.183	0.471087
170.231	0.468510
170.280	0.462548
170.328	0.464908
170.376	0.469327
170.424	0.466592
170.473	0.459713
170.521	0.469984
170.570	0.462245
170.618	0.468522
170.666	0.466588
170.715	0.467675
170.763	0.466982
170.811	0.469008
170.860	0.464501
170.908	0.470006
170.957	0.461309
171.005	0.462597
171.054	0.465624
171.102	0.464009
171.150	0.467770
171.198	0.471091
171.247	0.464260
171.295	0.471949
171.344	0.468516
171.392	0.467987
171.440	0.465299
171.489	0.464072
171.538	0.464999
171.586	0.469994
171.634	0.467781
171.683	0.464539
171.731	0.464482
171.780	0.460846
171.828	0.473808
171.877	0.464872
171.925	0.465773
171.973	0.472125
172.021	0.468949
172.071	0.459673
172.119	0.464311
172.168	0.461294
172.216	0.470183
172.265	0.460898
172.313	0.467772
172.362	0.466581
172.410	0.468875
172.459	0.461876
172.508	0.463587
172.556	0.462527
172.605	0.463231
172.653	0.471284
172.702	0.462091
172.751	0.465182
172.799	0.467927
172.847	0.469163
172.896	0.457443
172.945	0.467036
172.994	0.461744
173.043	0.461155
173.090	0.479793
173.139	0.458960
173.188	0.470919
173.236	0.463497
173.284	0.476706
173.333	0.461427
173.381	0.472932
173.430	0.465100
173.479	0.462186
173.527	0.463934
173.576	0.461621
173.625	0.469285
173.673	0.465661
173.722	0.465362
173.770	0.466536
173.819	0.469026
173.867	0.471311
173.916	0.464552
173.964	0.470157
174.013	0.462138
174.062	0.465390
174.110	0.464029
174.159	0.460862
174.208	0.469435
174.256	0.470738
174.305	0.467068
174.353	0.470128
174.402	0.461161
174.450	0.469191
174.499	0.462315
174.547	0.470893
174.597	0.459179
174.645	0.470272
174.694	0.464866
174.742	0.462620
174.791	0.458181
174.840	0.469692
174.888	0.462886
174.937	0.469574
174.985	0.468672
175.033	0.467137
175.082	0.463986
175.131	0.463972
175.180	0.465324
175.228	0.468935
175.277	0.461708
175.325	0.471251
175.375	0.456433
175.423	0.466476
175.471	0.469948
175.521	0.457705
175.569	0.466838
175.618	0.467572
175.667	0.465220
175.716	0.464276
175.764	0.469365
175.813	0.467072
175.862	0.464992
175.910	0.471392
175.960	0.456897
176.008	0.471451
176.057	0.466770
176.105	0.470763
176.155	0.460909
176.203	0.478871
176.251	0.464899
176.300	0.469362
176.349	0.471333
176.397	0.473548
176.446	0.472082
176.495	0.476685
176.544	0.467900
176.592	0.475480
176.641	0.466137
176.690	0.470456
176.738	0.471302
176.787	0.472270
176.837	0.465715
176.885	0.480557
176.934	0.472707
176.982	0.480234
177.031	0.477245
177.079	0.484954
177.129	0.471106
177.178	0.478085
177.226	0.476898
177.275	0.476066
177.324	0.474450
177.372	0.482627
177.421	0.478335
177.470	0.479661
177.518	0.479209
177.568	0.473338
177.616	0.488323
177.664	0.482064
177.714	0.471195
177.762	0.486837
177.811	0.483427
177.860	0.481373
177.908	0.483185
177.956	0.487087
178.005	0.477899
178.054	0.480405
178.103	0.477719
178.152	0.482119
178.201	0.482174
178.250	0.479345
178.298	0.486413
178.347	0.484437
178.396	0.481783
178.444	0.485323
178.493	0.483463
178.542	0.483390
178.591	0.479182
178.640	0.485181
178.688	0.487971
178.738	0.468696
178.787	0.489003
178.836	0.481241
178.884	0.487605
178.932	0.486729
178.981	0.484403
179.030	0.484380
179.079	0.483451
179.128	0.480594
179.177	0.487333
179.226	0.484864
179.275	0.483112
179.323	0.489483
179.372	0.491466
179.420	0.489401
179.470	0.481135
179.518	0.487282
179.567	0.484842
179.615	0.492027
179.665	0.482949
179.713	0.490981
179.762	0.478141
179.811	0.490174
179.860	0.485294
179.909	0.489044
179.957	0.489823
180.006	0.482497
180.055	0.487231
180.104	0.484911
180.153	0.490823
180.202	0.486878
180.250	0.486887
180.299	0.488467
180.348	0.488657
180.397	0.482515
180.446	0.485478
180.494	0.498680
180.543	0.482694
180.592	0.490822
180.641	0.488452
180.690	0.486777
180.738	0.492101
180.788	0.482544
180.836	0.495381
180.885	0.483190
180.934	0.488441
180.982	0.492073
181.031	0.485845
181.080	0.493634
181.129	0.487257
181.178	0.486954
181.226	0.492020
181.275	0.494406
181.324	0.484418
181.373	0.491305
181.422	0.484164
181.470	0.491925
181.520	0.483709
181.568	0.491126
181.617	0.487295
181.666	0.487613
181.715	0.490152
181.763	0.491910
181.812	0.494184
181.862	0.475798
181.910	0.495415
181.959	0.485608
182.008	0.499103
182.056	0.491070
182.105	0.489477
182.155	0.484901
182.203	0.491706
182.252	0.487346
182.301	0.491932
182.350	0.489542
182.399	0.491925
182.447	0.492498
182.496	0.490295
182.545	0.494746
182.594	0.485760
182.643	0.491873
182.692	0.490964
182.740	0.494969
182.790	0.483658
182.839	0.492833
182.887	0.491268
182.937	0.484539
182.985	0.494808
183.034	0.491472
183.083	0.493520
183.132	0.495762
183.181	0.490010
183.230	0.496580
183.279	0.490252
183.328	0.491386
183.376	0.496039
183.425	0.489287
183.475	0.489547
183.523	0.492520
183.572	0.493505
183.621	0.493140
183.670	0.489113
183.720	0.489731
183.768	0.498525
183.817	0.493111
183.866	0.489809
183.915	0.497131
183.964	0.491799
184.013	0.495201
184.061	0.495067
184.110	0.498173
184.159	0.488874
184.208	0.495741
184.257	0.487789
184.306	0.490796
184.355	0.498353
184.403	0.498516
184.453	0.483730
184.502	0.501284
184.551	0.489678
184.600	0.490377
184.649	0.492700
184.699	0.491262
184.747	0.497293
184.796	0.491960
184.845	0.494267
184.894	0.493255
184.943	0.501878
184.992	0.487353
185.042	0.492869
185.090	0.499197
185.139	0.493983
185.188	0.500734
185.237	0.489831
185.287	0.493566
185.336	0.493376
185.385	0.493444
185.433	0.500217
185.482	0.495724
185.531	0.500125
185.580	0.490736
185.629	0.500599
185.678	0.498556
185.727	0.494371
185.776	0.490892
185.825	0.499178
185.874	0.493380
185.923	0.500786
185.972	0.494437
186.020	0.498634
186.070	0.491433
186.119	0.495035
186.167	0.499878
186.217	0.490681
186.266	0.497012
186.314	0.508914
186.363	0.496166
186.412	0.495036
186.462	0.497057
186.510	0.499615
186.559	0.498563
186.608	0.502436
186.657	0.493906
186.706	0.499897
186.755	0.499839
186.804	0.498755
186.853	0.491594
186.902	0.505199
186.950	0.501906
186.999	0.495947
187.049	0.492845
187.097	0.506329
187.147	0.498195
187.195	0.499152
187.245	0.493967
187.293	0.506081
187.342	0.499591
187.391	0.496937
187.440	0.499951
187.489	0.499597
187.538	0.499585
187.587	0.496980
187.636	0.506904
187.685	0.501292
187.734	0.501667
187.783	0.498184
187.831	0.505076
187.881	0.499029
187.929	0.505390
187.978	0.500461
188.028	0.496158
188.076	0.503350
188.126	0.496379
188.174	0.502106
188.224	0.496948
188.272	0.502435
188.321	0.505886
188.371	0.497050
188.419	0.503893
188.468	0.503829
188.517	0.500649
188.566	0.506457
188.616	0.492276
188.664	0.504963
188.713	0.503677
188.762	0.503560
188.811	0.493665
188.860	0.505149
188.909	0.503081
188.958	0.506806
189.007	0.500266
189.055	0.513473
189.105	0.497575
189.155	0.493525
189.203	0.505681
189.252	0.504508
189.301	0.501116
189.350	0.516103
189.399	0.515641
189.448	0.514461
189.497	0.515144
189.546	0.514389
189.594	0.518457
189.644	0.511829
189.693	0.520652
189.741	0.521414
189.790	0.514478
189.839	0.514090
189.888	0.512537
189.937	0.514280
189.986	0.516728
190.035	0.520401
190.085	0.510705
190.133	0.521161
190.182	0.517675
190.231	0.517914
190.280	0.519352
190.329	0.524024
190.378	0.512934
190.427	0.517986
190.476	0.517821
190.524	0.518201
190.574	0.510647
190.622	0.518531
190.671	0.517302
190.721	0.510554
190.770	0.516314
190.819	0.518230
190.868	0.515382
190.917	0.519651
190.966	0.512290
191.015	0.516423
191.064	0.516475
191.113	0.520501
191.162	0.520132
191.211	0.518244
191.260	0.517660
191.309	0.527786
191.358	0.527051
191.407	0.522501
191.456	0.528511
191.505	0.522868
191.554	0.527145
191.603	0.526132
191.652	0.521416
191.701	0.531273
191.750	0.526002
191.799	0.518686
191.848	0.529423
191.897	0.530249
191.946	0.518325
191.995	0.532337
192.044	0.523767
192.093	0.535080
192.142	0.527581
192.191	0.529824
192.240	0.526917
192.289	0.529406
192.338	0.528382
192.386	0.528628
192.436	0.522978
192.484	0.528085
192.534	0.528386
192.583	0.525917
192.632	0.522425
192.681	0.529897
192.730	0.529141
192.779	0.528489
192.828	0.531389
192.877	0.526906
192.926	0.526227
192.975	0.535961
193.024	0.531180
193.072	0.532958
193.123	0.519020
193.171	0.537039
193.220	0.527802
193.269	0.534205
193.318	0.530869
193.367	0.527107
193.417	0.526524
193.465	0.537900
193.514	0.532459
193.563	0.525538
193.612	0.534688
193.661	0.534508
193.710	0.521991
193.758	0.544352
193.808	0.528531
193.857	0.525927
193.906	0.527450
193.955	0.530832
194.004	0.530625
194.053	0.534469
194.102	0.531898
194.151	0.528648
194.200	0.534216
194.249	0.527758
194.298	0.530940
194.347	0.526020
194.397	0.528407
194.445	0.539385
194.494	0.526855
194.543	0.530852
194.593	0.526575
194.641	0.536299
194.690	0.537745
194.739	0.527278
194.788	0.532499
194.837	0.528636
194.887	0.524987
194.936	0.535953
194.984	0.538774
195.034	0.531781
195.083	0.536244
195.131	0.535895
195.180	0.533963
195.229	0.539446
195.279	0.526139
195.327	0.537466
195.376	0.531960
195.425	0.534006
195.474	0.532610
195.524	0.532126
195.573	0.533047
195.622	0.535475
195.671	0.530814
195.720	0.533083
195.769	0.534148
195.818	0.534471
195.866	0.538551
195.916	0.529486
195.964	0.539319
196.014	0.525188
196.062	0.540846
196.111	0.532470
196.160	0.534354
196.209	0.535971
196.258	0.532402
196.308	0.528164
196.356	0.541206
196.405	0.539707
196.455	0.522423
196.503	0.542009
196.552	0.537493
196.602	0.524381
196.650	0.539581
196.699	0.532365
196.748	0.531697
196.797	0.540318
196.847	0.525114
196.895	0.542243
196.945	0.527775
196.994	0.535631
197.043	0.528807
197.092	0.537582
197.141	0.534828
197.190	0.530731
197.239	0.537273
197.288	0.534421
197.337	0.533093
197.386	0.532120
197.435	0.532558
197.485	0.529804
197.534	0.533901
197.583	0.535976
197.631	0.538183
197.680	0.534011
197.730	0.530729
197.779	0.530969
197.828	0.536153
197.877	0.528856
197.926	0.530979
197.975	0.534658
198.024	0.533408
198.074	0.531244
198.123	0.535045
198.172	0.535664
198.220	0.542021
198.269	0.533482
198.318	0.537668
198.367	0.535602
198.417	0.534731
198.465	0.541308
198.514	0.539064
198.563	0.534669
198.613	0.533298
198.662	0.531896
198.711	0.545777
198.760	0.542047
198.809	0.559912
198.858	0.541471
198.907	0.557981
198.956	0.544128
199.005	0.556660
199.054	0.547851
199.103	0.550032
199.153	0.536026
199.202	0.546831
199.251	0.536368
199.300	0.552264
199.349	0.550420
199.398	0.551689
199.447	0.549639
199.496	0.552712
199.545	0.547934
199.595	0.545862
199.644	0.551484
199.693	0.551560
199.742	0.552911
199.791	0.547396
199.840	0.546702
199.889	0.551218
199.938	0.548385
199.987	0.554320
200.036	0.557519
200.085	0.547682
200.134	0.552052
200.183	0.555367
200.233	0.549033
200.282	0.552175
200.331	0.556396
200.381	0.543103
200.429	0.556431
200.479	0.541986
200.528	0.549325
200.578	0.550402
200.627	0.549631
200.676	0.553943
200.725	0.549399
200.774	0.549994
200.823	0.553831
200.872	0.551250
200.922	0.554082
200.971	0.551560
201.020	0.550155
201.070	0.549224
201.118	0.555474
201.167	0.552654
201.217	0.548622
201.266	0.554291
201.315	0.548232
201.364	0.551431
201.414	0.545859
201.462	0.560240
201.512	0.546760
201.561	0.559445
201.610	0.544502
201.660	0.550919
201.709	0.546858
201.758	0.550393
201.807	0.552421
201.857	0.545500
201.906	0.557126
201.955	0.553274
202.004	0.547871
202.054	0.551800
202.102	0.557800
202.152	0.551964
202.201	0.551936
202.250	0.552197
202.298	0.565771
202.348	0.551053
202.397	0.544505
202.447	0.552859
202.495	0.557928
202.545	0.550396
202.594	0.556718
202.643	0.549743
202.693	0.549353
202.742	0.560686
202.791	0.551721
202.840	0.554722
202.889	0.560693
202.939	0.546949
202.987	0.559655
203.037	0.550840
203.085	0.561096
203.135	0.554120
203.184	0.559546
203.233	0.549521
203.283	0.553140
203.332	0.556925
203.381	0.553343
203.430	0.560690
203.479	0.554355
203.529	0.549429
203.578	0.557092
203.627	0.552834
203.676	0.559625
203.726	0.555120
203.775	0.549969
203.824	0.564271
203.873	0.553523
203.922	0.558775
203.972	0.551065
204.020	0.563848
204.070	0.552220
204.119	0.563277
204.169	0.551411
204.218	0.554468
204.268	0.554687
204.316	0.559643
204.365	0.561283
204.415	0.554608
204.464	0.562401
204.513	0.552562
204.562	0.559338
204.611	0.557968
204.661	0.559477
204.710	0.559864
204.759	0.557953
204.808	0.552062
204.857	0.559154
204.906	0.559828
204.956	0.557012
205.005	0.558658
205.054	0.555865
205.103	0.564431
205.152	0.552938
205.201	0.560473
205.250	0.560111
205.299	0.559904
205.350	0.545530
205.398	0.563617
205.448	0.553451
205.496	0.565198
205.545	0.560573
205.595	0.554434
205.644	0.556741
205.693	0.570166
205.742	0.556082
205.791	0.565231
205.841	0.555031
205.890	0.558206
205.939	0.554971
205.988	0.564138
206.038	0.556488
206.087	0.561784
206.136	0.555004
206.185	0.560716
206.234	0.562342
206.283	0.566471
206.332	0.561080
206.382	0.558967
206.431	0.556290
206.480	0.563388
206.530	0.561582
206.579	0.561525
206.628	0.564827
206.676	0.567153
206.726	0.551780
206.775	0.565325
206.825	0.555891
206.874	0.565481
206.923	0.564666
206.973	0.555428
207.022	0.562490
207.071	0.565356
207.120	0.559005
207.169	0.568112
207.218	0.560696
207.268	0.555626
207.317	0.562732
207.366	0.560019
207.415	0.568637
207.464	0.558096
207.514	0.563275
207.563	0.563378
207.612	0.563301
207.661	0.567075
207.710	0.562174
207.760	0.557118
207.809	0.562199
207.858	0.557796
207.907	0.565652
207.956	0.560444
208.006	0.563259
208.055	0.565196
208.104	0.561427
208.153	0.563253
208.202	0.563266
208.252	0.557815
208.301	0.571098
208.350	0.561494
208.399	0.558653
208.448	0.564094
208.498	0.556875
208.547	0.562729
208.596	0.566847
208.645	0.561818
208.695	0.557769
208.744	0.569165
208.794	0.556421
208.843	0.564705
208.892	0.560583
208.941	0.562251
208.991	0.557876
209.040	0.560245
209.089	0.565835
209.139	0.551648
209.188	0.564811
209.236	0.571627
209.286	0.556194
209.336	0.560527
209.385	0.568557
209.434	0.563756
209.483	0.568285
209.533	0.553408
209.582	0.566266
209.631	0.562464
209.681	0.560063
209.730	0.563409
209.779	0.564257
209.828	0.570555
209.877	0.564985
209.927	0.560631
209.977	0.560883
210.025	0.574706
210.075	0.560362
210.124	0.570484
210.174	0.556664
210.223	0.563993
210.273	0.564217
210.321	0.572881
210.371	0.561027
210.419	0.572057
210.469	0.559899
210.518	0.563774
210.568	0.566834
210.617	0.566851
210.666	0.566119
210.715	0.560918
210.764	0.569735
210.814	0.559700
210.864	0.558062
210.913	0.564258
210.961	0.573377
211.011	0.566568
211.060	0.568112
211.109	0.563090
211.159	0.566988
211.208	0.569860
211.257	0.566606
211.306	0.566994
211.355	0.572147
211.404	0.566319
211.454	0.566523
211.503	0.567205
211.552	0.564329
211.602	0.565526
211.651	0.569085
211.701	0.564477
211.750	0.570438
211.798	0.577979
211.848	0.563659
211.897	0.565309
211.946	0.571211
211.995	0.567659
212.045	0.566455
212.094	0.571149
212.142	0.570773
212.192	0.563957
212.242	0.562780
212.291	0.568506
212.340	0.569246
212.390	0.561927
212.439	0.565540
212.488	0.573587
212.537	0.565393
212.586	0.571027
212.635	0.572509
212.685	0.556996
212.734	0.571030
212.784	0.560670
212.833	0.567787
212.882	0.572918
212.932	0.558825
212.980	0.574278
213.029	0.569739
213.078	0.570885
213.128	0.562391
213.177	0.568860
213.227	0.559086
213.276	0.570408
213.325	0.566768
213.374	0.571436
213.424	0.563142
213.473	0.566991
213.522	0.566653
213.571	0.569025
213.621	0.559790
213.670	0.573864
213.719	0.576109
213.769	0.575552
213.818	0.575433
213.867	0.588963
213.916	0.576411
213.965	0.596250
214.014	0.580083
214.063	0.581458
214.112	0.587762
214.161	0.588539
214.210	0.584164
214.260	0.577668
214.309	0.586695
214.358	0.588230
214.408	0.574571
214.456	0.589700
214.506	0.579289
214.554	0.597771
214.604	0.571089
214.653	0.586507
214.702	0.585241
214.751	0.594116
214.801	0.574433
214.849	0.592066
214.899	0.584802
214.948	0.587330
214.997	0.587536
215.046	0.594841
215.096	0.586169
215.146	0.587228
215.194	0.602353
215.243	0.594557
215.292	0.601838
215.342	0.587524
215.390	0.600750
215.440	0.590036
215.489	0.596598
215.538	0.594526
215.588	0.594489
215.636	0.603805
215.685	0.600317
215.734	0.597424
215.783	0.593854
215.833	0.590746
215.882	0.592483
215.931	0.595043
215.981	0.589306
216.030	0.595186
216.079	0.596137
216.128	0.602232
216.178	0.592793
216.227	0.597709
216.276	0.598339
216.325	0.592494
216.375	0.593989
216.424	0.599350
216.473	0.594281
216.522	0.599216
216.572	0.591262
216.621	0.600844
216.670	0.598751
216.719	0.599443
216.768	0.594168
216.818	0.597458
216.867	0.606120
216.916	0.602978
216.965	0.597237
217.015	0.594795
217.064	0.603403
217.113	0.602952
217.162	0.594181
217.211	0.601132
217.260	0.605534
217.309	0.598710
217.358	0.602046
217.408	0.598639
217.457	0.594520
217.506	0.602170
217.556	0.599186
217.605	0.599608
217.654	0.599117
217.703	0.599930
217.752	0.601392
217.801	0.600527
217.851	0.595653
217.900	0.598029
217.949	0.594239
217.999	0.593981
218.047	0.606828
218.097	0.593852
218.146	0.599106
218.195	0.604904
218.244	0.598354
218.294	0.598003
218.343	0.597096
218.392	0.595974
218.442	0.597411
218.491	0.596360
218.540	0.597015
218.590	0.589959
218.639	0.602144
218.688	0.599020
218.737	0.599588
218.786	0.598467
218.836	0.593453
218.884	0.605902
218.934	0.596561
218.982	0.608164
219.032	0.586851
219.082	0.591878
219.131	0.606696
219.180	0.600710
219.229	0.591624
219.279	0.594537
219.328	0.600271
219.377	0.604881
219.425	0.602738
219.475	0.590849
219.525	0.598408
219.574	0.597525
219.624	0.589525
219.672	0.610970
219.722	0.589593
219.771	0.605411
219.821	0.597286
219.870	0.600567
219.919	0.598906
219.968	0.598719
220.018	0.595043
220.067	0.597093
220.115	0.618071
220.165	0.588439
220.215	0.597483
220.263	0.606622
220.312	0.599283
220.362	0.597076
220.411	0.597774
220.460	0.605105
220.509	0.601641
220.559	0.596445
220.608	0.599990
220.657	0.600330
220.707	0.598192
220.755	0.604444
220.805	0.596870
220.854	0.601344
220.903	0.599654
220.953	0.593728
221.002	0.604711
221.051	0.597901
221.101	0.598999
221.150	0.597621
221.200	0.600622
221.248	0.604020
221.297	0.606645
221.347	0.593497
221.396	0.599946
221.446	0.599120
221.495	0.600858
221.544	0.604042
221.593	0.595703
221.643	0.600979
221.692	0.608039
221.741	0.598393
221.790	0.604876
221.839	0.597935
221.889	0.601005
221.938	0.601916
221.987	0.599441
222.036	0.593527
222.085	0.602254
222.135	0.596409
222.185	0.590062
222.234	0.601539
222.283	0.593598
222.332	0.600700
222.381	0.601677
222.431	0.596215
222.481	0.593017
222.530	0.604775
222.579	0.598332
222.628	0.591480
222.677	0.601545
222.728	0.585729
222.777	0.601079
222.826	0.596744
222.875	0.603556
222.924	0.591311
222.974	0.596587
223.023	0.599527
223.072	0.598703
223.122	0.591706
223.171	0.600817
223.221	0.593156
223.270	0.600532
223.319	0.598371
223.369	0.595777
223.418	0.600268
223.467	0.597667
223.517	0.590236
223.566	0.601975
223.616	0.593405
223.665	0.606650
223.714	0.599474
223.763	0.601350
223.813	0.598861
223.862	0.602289
223.912	0.593074
223.961	0.596204
224.011	0.598833
224.059	0.607485
224.109	0.597339
224.159	0.598087
224.208	0.600782
224.256	0.613575
224.307	0.591190
224.356	0.602907
224.405	0.600433
224.454	0.606322
224.503	0.600646
224.553	0.595479
224.602	0.603198
224.652	0.602688
224.701	0.600035
224.750	0.602817
224.800	0.595795
224.850	0.601474
224.899	0.604132
224.948	0.605758
224.997	0.603428
225.047	0.600230
225.097	0.602737
225.145	0.611114
225.195	0.601016
225.244	0.607470
225.294	0.602958
225.343	0.599685
225.392	0.605807
225.442	0.607274
225.491	0.597803
225.541	0.599237
225.590	0.607142
225.639	0.610223
225.688	0.606708
225.738	0.600641
225.788	0.604496
225.837	0.609222
225.887	0.595548
225.936	0.605999
225.986	0.601520
226.035	0.611233
226.084	0.599608
226.133	0.614261
226.183	0.600903
226.231	0.618734
226.281	0.597978
226.331	0.602759
226.380	0.605608
226.429	0.606973
226.479	0.606146
226.527	0.612437
226.577	0.603123
226.627	0.605834
226.675	0.614068
226.725	0.604976
226.775	0.604639
226.823	0.625797
226.873	0.605116
226.922	0.611426
226.971	0.620660
227.020	0.616401
227.070	0.611214
227.119	0.619190
227.168	0.620248
227.217	0.626710
227.266	0.614611
227.315	0.623873
227.365	0.610283
227.413	0.629460
227.463	0.606157
227.512	0.633454
227.561	0.622899
227.610	0.613670
227.658	0.634641
227.708	0.612050
227.756	0.628817
227.805	0.628425
227.854	0.623604
227.903	0.619805
227.951	0.630517
228.001	0.614318
228.050	0.619898
228.098	0.629891
228.147	0.620927
228.195	0.626634
228.244	0.633748
228.292	0.629747
228.340	0.628379
228.390	0.621216
228.438	0.630319
228.487	0.620446
228.535	0.633525
228.584	0.632054
228.632	0.632150
228.681	0.623616
228.729	0.635550
228.778	0.626301
228.826	0.632134
228.875	0.622572
228.923	0.636943
228.972	0.620416
229.020	0.628949
229.069	0.627655
229.117	0.630706
229.166	0.623793
229.214	0.641722
229.262	0.625782
229.311	0.624982
229.360	0.624984
229.408	0.633521
229.456	0.632681
229.505	0.622686
229.553	0.636695
229.602	0.619752
229.650	0.624924
229.699	0.630584
229.747	0.623343
229.796	0.628932
229.844	0.624504
229.893	0.629804
229.941	0.626138
229.990	0.633015
230.038	0.627647
230.086	0.628951
230.135	0.618865
230.184	0.629564
230.232	0.624397
230.281	0.628690
230.329	0.621780
230.378	0.623774
230.426	0.632138
230.474	0.630295
230.523	0.623611
230.571	0.636646
230.620	0.618958
230.669	0.621411
230.717	0.623715
230.765	0.632532
230.814	0.618186
230.863	0.629035
230.911	0.622382
230.960	0.620344
231.008	0.632583
231.057	0.626380
231.105	0.622523
231.154	0.619140
231.202	0.630565
231.251	0.621428
231.299	0.626056
231.348	0.627991
231.397	0.618495
231.445	0.628033
231.493	0.625992
231.542	0.614478
231.590	0.639080
231.638	0.623437
231.687	0.613902
231.736	0.625784
231.784	0.627574
231.833	0.624088
231.882	0.618663
231.929	0.635745
231.978	0.626812
232.027	0.624466
232.075	0.630207
232.123	0.632039
232.172	0.628366
232.220	0.631160
232.269	0.623696
232.317	0.633196
232.366	0.624970
232.414	0.626016
232.462	0.632971
232.511	0.620180
232.559	0.632697
232.607	0.632961
232.656	0.632723
232.705	0.622389
232.753	0.633745
232.801	0.634199
232.849	0.634773
232.898	0.623497
232.946	0.634612
232.994	0.632504
233.042	0.628645
233.090	0.627227
233.139	0.630166
233.187	0.633848
233.235	0.630608
233.284	0.622687
233.332	0.630409
233.379	0.639892
233.428	0.625463
233.476	0.638599
233.524	0.628084
233.572	0.630589
233.620	0.630760
233.669	0.628496
233.717	0.629420
233.765	0.624773
233.813	0.629192
233.862	0.622412
233.910	0.630622
233.958	0.633714
234.007	0.627296
234.055	0.630242
234.102	0.638324
234.150	0.634058
234.200	0.616503
234.248	0.634460
234.296	0.626318
234.344	0.629114
234.392	0.633370
234.441	0.625529
234.489	0.640104
234.537	0.632318
234.586	0.627525
234.634	0.634538
234.682	0.636350
234.731	0.633325
234.779	0.638476
234.827	0.638559
234.876	0.627593
234.924	0.636615
234.973	0.629245
235.022	0.632114
235.070	0.640544
235.118	0.633163
235.166	0.643075
235.214	0.637865
235.263	0.637577
235.311	0.639431
235.360	0.624148
235.409	0.636399
235.457	0.628784
235.506	0.627364
235.555	0.637808
235.603	0.632451
235.651	0.640012
235.700	0.624652
235.749	0.633815
235.797	0.630429
235.845	0.640565
235.894	0.626311
235.943	0.632985
235.992	0.628616
236.040	0.634072
236.089	0.626894
236.137	0.631978
236.186	0.631162
236.235	0.625687
236.283	0.627679
236.332	0.631622
236.381	0.629771
236.429	0.632747
236.479	0.619378
236.527	0.633976
236.576	0.632129
236.624	0.634029
236.672	0.636430
236.722	0.619844
236.770	0.640484
236.819	0.622531
236.867	0.638673
236.916	0.624337
236.965	0.630195
237.014	0.628198
237.063	0.629828
237.110	0.643797
237.159	0.630591
237.208	0.629648
237.257	0.628911
237.305	0.638462
237.353	0.638994
237.402	0.631933
237.450	0.638666
237.499	0.625889
237.548	0.635886
237.597	0.631177
237.645	0.629093
237.695	0.624655
237.743	0.636958
237.792	0.627667
237.841	0.636409
237.889	0.633710
237.938	0.632262
237.987	0.634671
238.035	0.643615
238.084	0.627364
238.132	0.641870
238.181	0.622957
238.230	0.631908
238.279	0.636132
238.328	0.633665
238.377	0.632151
238.425	0.639072
238.474	0.633707
238.523	0.633956
238.572	0.624165
238.620	0.644510
238.669	0.629588
238.719	0.621664
238.766	0.649069
238.816	0.624688
238.864	0.641264
238.913	0.631770
238.962	0.628962
239.011	0.637058
239.060	0.638006
239.109	0.633565
239.157	0.635350
239.205	0.646390
239.254	0.642033
239.303	0.625679
239.352	0.640567
239.401	0.625776
239.450	0.636493
239.499	0.631819
239.547	0.638420
239.596	0.632213
239.646	0.626879
239.695	0.636416
239.743	0.639815
239.792	0.636411
239.841	0.629016
239.890	0.634519
239.938	0.642806
239.987	0.635159
240.036	0.632596
240.085	0.631833
240.133	0.633927
240.183	0.623496
240.231	0.642010
240.280	0.628843
240.329	0.636183
240.378	0.637593
240.427	0.625484
240.476	0.638990
240.525	0.630797
240.574	0.636469
240.623	0.636918
240.671	0.634751
240.721	0.630163
240.769	0.641104
240.818	0.629352
240.867	0.632492
240.916	0.635645
240.966	0.628643
241.014	0.657911
241.062	0.648309
241.112	0.644633
241.160	0.651759
241.209	0.652971
241.258	0.645777
241.308	0.639583
241.356	0.658598
241.405	0.658247
241.454	0.648896
241.503	0.649732
241.551	0.660447
241.600	0.653081
241.650	0.641912
241.699	0.655230
241.747	0.657519
241.797	0.642816
241.845	0.659372
241.895	0.642426
241.943	0.658421
241.992	0.652345
242.042	0.647087
242.091	0.657755
242.139	0.663412
242.188	0.651005
242.237	0.649537
242.288	0.638254
242.335	0.675177
242.384	0.655929
242.433	0.648060
242.483	0.647434
242.531	0.659873
242.581	0.646397
242.630	0.654864
242.679	0.649021
242.727	0.659937
242.777	0.650982
242.826	0.649341
242.875	0.650650
242.924	0.655140
242.973	0.652289
243.022	0.649398
243.071	0.662891
243.120	0.651413
243.169	0.656759
243.219	0.643345
243.267	0.656672
243.316	0.657490
243.366	0.653297
243.414	0.670206
243.463	0.658077
243.513	0.647233
243.562	0.661457
243.611	0.662687
243.660	0.652778
243.709	0.660269
243.758	0.664423
243.807	0.662012
243.855	0.667112
243.905	0.647652
243.954	0.659136
244.003	0.661470
244.052	0.672265
244.101	0.661375
244.150	0.659269
244.199	0.660950
244.248	0.666216
244.297	0.656167
244.346	0.664364
244.394	0.670595
244.444	0.654467
244.492	0.665248
244.542	0.652994
244.591	0.657831
244.640	0.662839
244.688	0.668601
244.738	0.651477
244.787	0.659972
244.835	0.666935
244.885	0.652768
244.933	0.667377
244.983	0.649747
245.032	0.661757
245.081	0.665559
245.130	0.658573
245.178	0.663411
245.228	0.656366
245.276	0.665605
245.325	0.660787
245.374	0.662058
245.423	0.659779
245.473	0.652768
245.522	0.664931
245.571	0.656886
245.620	0.659057
245.668	0.665198
245.717	0.659248
245.767	0.656375
245.816	0.655653
245.865	0.661299
245.913	0.666695
245.963	0.652104
246.012	0.657825
246.060	0.669819
246.110	0.647799
246.159	0.660714
246.208	0.660643
246.257	0.662753
246.306	0.654618
246.355	0.658407
246.404	0.656677
246.453	0.661825
246.503	0.652769
246.551	0.664733
246.601	0.654051
246.649	0.666286
246.699	0.652380
246.749	0.653954
246.797	0.666091
246.846	0.666412
246.895	0.655745
246.945	0.659660
246.994	0.653459
247.043	0.665856
247.092	0.660094
247.141	0.658468
247.190	0.664768
247.239	0.665340
247.288	0.657026
247.338	0.660898
247.386	0.666589
247.436	0.658003
247.485	0.660589
247.533	0.668489
247.582	0.659673
247.632	0.649500
247.681	0.664443
247.730	0.665904
247.779	0.658573
247.828	0.669681
247.878	0.649297
247.927	0.662749
247.975	0.670493
248.025	0.653766
248.073	0.662015
248.123	0.653511
248.172	0.665729
248.221	0.655449
248.271	0.653807
248.319	0.669811
248.368	0.658928
248.418	0.656412
248.467	0.654648
248.516	0.666595
248.566	0.647649
248.614	0.672742
248.663	0.663158
248.712	0.653088
248.761	0.660803
248.810	0.662441
248.860	0.654698
248.909	0.657316
248.958	0.659977
249.007	0.670010
249.056	0.659517
249.106	0.651592
249.155	0.661975
249.204	0.658142
249.253	0.658969
249.302	0.662056
249.351	0.655214
249.401	0.660681
249.450	0.657654
249.499	0.662744
249.548	0.660558
249.597	0.655614
249.646	0.666450
249.696	0.642945
249.745	0.664583
249.794	0.664385
249.844	0.670083
249.893	0.665491
249.941	0.679231
249.991	0.651907
250.041	0.662901
250.090	0.672564
250.139	0.677653
250.188	0.667730
250.237	0.674919
250.287	0.657688
250.336	0.675977
250.385	0.673356
250.434	0.667393
250.484	0.671295
250.533	0.673861
250.582	0.669464
250.632	0.670038
250.680	0.680377
250.730	0.662300
250.779	0.667734
250.829	0.668120
250.878	0.669363
250.927	0.681205
250.976	0.667576
251.025	0.672390
251.075	0.665312
251.124	0.683387
251.174	0.664189
251.223	0.669496
251.273	0.665778
251.322	0.677330
251.371	0.668103
251.420	0.672991
251.470	0.674326
251.520	0.661892
251.568	0.678812
251.618	0.670024
251.667	0.668317
251.716	0.679989
251.766	0.666980
251.815	0.673144
251.865	0.672484
251.914	0.674700
251.963	0.669734
252.013	0.670479
252.062	0.670750
252.111	0.678038
252.160	0.677544
252.209	0.680131
252.259	0.663682
252.308	0.683602
252.358	0.657115
252.407	0.680700
252.456	0.676550
252.506	0.665764
252.555	0.678480
252.604	0.675241
252.654	0.673850
252.703	0.671724
252.752	0.673313
252.802	0.673141
252.851	0.672420
252.900	0.676824
252.950	0.669518
253.000	0.669178
253.049	0.678696
253.098	0.685911
253.148	0.668129
253.197	0.679503
253.246	0.672492
253.295	0.679507
253.345	0.670647
253.395	0.672125
253.444	0.679961
253.493	0.670563
253.542	0.678807
253.591	0.675015
253.641	0.673955
253.690	0.675573
253.740	0.672713
253.790	0.667215
253.839	0.681510
253.888	0.673608
253.937	0.678908
253.986	0.674844
254.037	0.666482
254.086	0.676386
254.135	0.673962
254.185	0.672973
254.234	0.675397
254.283	0.681036
254.333	0.662421
254.382	0.678816
254.432	0.676226
254.481	0.678470
254.531	0.666030
254.580	0.673851
254.630	0.672613
254.679	0.684438
254.728	0.673151
254.778	0.675041
254.827	0.677847
254.877	0.666593
254.926	0.672898
254.976	0.675460
255.025	0.677569
255.075	0.667886
255.124	0.680304
255.173	0.679244
255.223	0.672903
255.272	0.677594
255.322	0.677573
255.371	0.676860
255.421	0.672956
255.470	0.678606
255.519	0.676409
255.569	0.671971
255.618	0.675987
255.667	0.681840
255.717	0.680164
255.767	0.667189
255.816	0.687288
255.866	0.668784
255.915	0.674688
255.964	0.680798
256.014	0.674056
256.064	0.674771
256.113	0.680354
256.162	0.680104
256.212	0.671609
256.262	0.670576
256.311	0.684310
256.361	0.665101
256.410	0.684921
256.459	0.674590
256.509	0.679191
256.559	0.663222
256.608	0.684952
256.657	0.673698
256.707	0.665360
256.756	0.680824
256.806	0.676807
256.855	0.677770
256.905	0.666789
256.955	0.667657
257.004	0.678768
257.053	0.671956
257.103	0.675238
257.152	0.672701
257.202	0.669805
257.252	0.671021
257.301	0.680149
257.351	0.669402
257.400	0.671897
257.450	0.676926
257.499	0.680761
257.548	0.677350
257.598	0.674863
257.647	0.678452
257.698	0.666509
257.747	0.678901
257.796	0.673501
257.845	0.685853
257.895	0.672772
257.945	0.673088
257.994	0.673309
258.044	0.679507
258.093	0.682018
258.143	0.666334
258.193	0.675761
258.242	0.679560
258.291	0.678014
258.341	0.675234
258.390	0.681297
258.439	0.674504
258.489	0.677235
258.539	0.668650
258.588	0.677455
258.638	0.677167
258.688	0.668291
258.737	0.679797
258.786	0.682797
258.836	0.677724
258.886	0.674370
258.935	0.678678
258.985	0.670573
259.035	0.667788
259.085	0.670586
259.133	0.689827
259.183	0.671097
259.233	0.671364
259.281	0.686873
259.332	0.664813
259.381	0.679103
259.430	0.677046
259.480	0.671311
259.530	0.674571
259.579	0.686519
259.628	0.671866
259.677	0.683702
259.727	0.672557
259.777	0.673591
259.827	0.672575
259.876	0.675152
259.926	0.673721
259.975	0.683168
260.024	0.678836
260.074	0.678580
260.124	0.671315
260.173	0.684811
260.222	0.678439
260.272	0.675726
260.321	0.675016
260.371	0.675590
260.420	0.675898
260.470	0.672766
260.520	0.675196
260.569	0.678305
260.618	0.679205
260.668	0.671176
260.717	0.681964
260.767	0.668312
260.817	0.678782
260.866	0.684118
260.915	0.680069
260.965	0.665034
261.015	0.677981
261.065	0.671288
261.115	0.672833
261.163	0.684670
261.213	0.669102
261.263	0.681437
261.312	0.677633
261.362	0.674692
261.411	0.675078
261.461	0.679497
261.510	0.672461
261.560	0.674309
261.609	0.678198
261.659	0.678953
261.708	0.682154
261.758	0.669901
261.807	0.683664
261.857	0.680560
261.906	0.675681
261.956	0.679844
262.005	0.685211
262.055	0.674418
262.105	0.673782
262.154	0.681569
262.203	0.681705
262.253	0.677588
262.302	0.682566
262.351	0.687753
262.401	0.674656
262.451	0.683580
262.500	0.678309
262.550	0.680543
262.599	0.677394
262.648	0.689003
262.698	0.676088
262.748	0.675805
262.797	0.681972
262.847	0.676697
262.896	0.684064
262.945	0.690534
262.996	0.662164
263.045	0.690220
263.095	0.675162
263.144	0.686142
263.194	0.679847
263.243	0.687132
263.293	0.668742
263.343	0.678835
263.392	0.681439
263.441	0.692725
263.491	0.673938
263.540	0.689392
263.590	0.672469
263.640	0.682196
263.690	0.677360
263.739	0.688799
263.789	0.677606
263.838	0.685919
263.888	0.680436
263.937	0.687191
263.987	0.675512
264.037	0.685237
264.086	0.688843
264.136	0.683426
264.185	0.694125
264.235	0.682203
264.285	0.677581
264.334	0.698377
264.384	0.678466
264.434	0.690905
264.484	0.671057
264.533	0.693271
264.583	0.680978
264.632	0.689713
264.682	0.678872
264.732	0.684217
264.781	0.694758
264.831	0.678487
264.880	0.694628
264.930	0.686795
264.980	0.679175
265.029	0.686729
265.079	0.681723
265.128	0.695678
265.178	0.681550
265.228	0.682017
265.277	0.692846
265.327	0.678653
265.377	0.687415
265.425	0.703899
265.476	0.669953
265.525	0.693483
265.575	0.686328
265.624	0.695052
265.674	0.690369
265.724	0.682199
265.773	0.684280
265.823	0.691843
265.872	0.697254
265.921	0.689471
265.972	0.681717
266.021	0.694971
266.071	0.686277
266.120	0.694124
266.170	0.679652
266.220	0.688088
266.269	0.698580
266.319	0.677561
266.369	0.696605
266.418	0.696405
266.467	0.698076
266.517	0.691244
266.567	0.690744
266.617	0.695510
266.666	0.692725
266.716	0.695793
266.765	0.702085
266.815	0.680178
266.864	0.715071
266.914	0.677867
266.963	0.695218
267.014	0.683465
267.063	0.698142
267.113	0.691312
267.162	0.696469
267.211	0.701847
267.262	0.688981
267.311	0.699878
267.361	0.687092
267.411	0.695259
267.461	0.693363
267.510	0.705767
267.559	0.698180
267.609	0.691901
267.659	0.692183
267.708	0.696948
267.758	0.692531
267.808	0.687025
267.857	0.714282
267.907	0.685705
267.956	0.703816
268.006	0.693057
268.055	0.705244
268.105	0.688863
268.154	0.700465
268.204	0.695988
268.253	0.711418
268.303	0.685579
268.352	0.704244
268.402	0.695727
268.452	0.690851
268.500	0.712015
268.550	0.692837
268.600	0.699226
268.649	0.697343
268.699	0.697981
268.749	0.692622
268.798	0.692536
268.848	0.702148
268.897	0.694700
268.946	0.710201
268.996	0.686019
269.046	0.692629
269.096	0.698363
269.145	0.702034
269.194	0.703465
269.244	0.694285
269.293	0.697238
269.343	0.694112
269.392	0.703648
269.442	0.702623
269.492	0.691060
269.541	0.705470
269.590	0.698520
269.640	0.700216
269.689	0.696703
269.739	0.697209
269.789	0.693430
269.837	0.712768
269.887	0.694378
269.936	0.706751
269.985	0.709846
270.035	0.694839
270.084	0.700263
270.134	0.692319
270.183	0.704663
270.233	0.695325
270.282	0.704942
270.332	0.704699
270.381	0.696085
270.431	0.700729
270.480	0.699662
270.529	0.706486
270.579	0.691019
270.628	0.703569
270.678	0.700306
270.727	0.695965
270.777	0.704705
270.826	0.698595
270.876	0.695066
270.924	0.712046
270.974	0.690273
271.024	0.700829
271.074	0.694560
271.123	0.703654
271.171	0.707304
271.222	0.685559
271.271	0.711023
271.320	0.699845
271.369	0.710673
271.419	0.690803
271.468	0.704646
271.518	0.693449
271.567	0.706815
271.616	0.698033
271.666	0.693097
271.715	0.705701
271.765	0.694873
271.815	0.702236
271.864	0.700489
271.914	0.693159
271.963	0.708119
272.012	0.703822
272.062	0.700630
272.111	0.705279
272.160	0.699081
272.210	0.698477
272.260	0.696420
272.309	0.703416
272.358	0.700907
272.407	0.704053
272.457	0.695882
272.506	0.711047
272.555	0.699406
272.605	0.702949
272.654	0.700278
272.703	0.708264
272.753	0.694970
272.802	0.709072
272.852	0.698749
272.901	0.696919
272.951	0.700492
273.001	0.695465
273.050	0.703822
273.099	0.701125
273.149	0.697995
273.197	0.715621
273.247	0.695286
273.297	0.698197
273.346	0.705122
273.395	0.707965
273.445	0.698675
273.494	0.705483
273.544	0.696042
273.593	0.704478
273.643	0.697945
273.692	0.702792
273.741	0.705768
273.791	0.690657
273.841	0.696406
273.890	0.711570
273.939	0.702223
273.989	0.701185
274.038	0.702541
274.087	0.706015
274.137	0.700440
274.186	0.700735
274.236	0.702635
274.285	0.703888
274.334	0.706234
274.383	0.701699
274.433	0.700281
274.482	0.700920
274.531	0.704618
274.581	0.698861
274.631	0.697273
274.679	0.710389
274.729	0.701108
274.778	0.700898
274.827	0.707164
274.877	0.686801
274.926	0.707234
274.976	0.704593
275.026	0.688657
275.075	0.710245
275.124	0.703411
275.173	0.699491
275.223	0.692983
275.272	0.711835
275.321	0.705122
275.370	0.708126
275.420	0.695085
275.470	0.695994
275.519	0.706480
275.569	0.691644
275.618	0.707774
275.667	0.699432
275.717	0.701120
275.766	0.700207
275.815	0.705747
275.865	0.700168
275.915	0.695608
275.964	0.703259
276.013	0.701862
276.062	0.705645
276.111	0.704261
276.160	0.706465
276.211	0.684292
276.259	0.715401
276.309	0.693319
276.359	0.702035
276.408	0.703202
276.457	0.705640
276.507	0.689118
276.556	0.709767
276.605	0.706204
276.655	0.693063
276.704	0.704583
276.754	0.696224
276.803	0.708001
276.852	0.696050
276.902	0.705241
276.951	0.702615
277.000	0.701926
277.050	0.702752
277.100	0.697671
277.149	0.699358
277.198	0.712577
277.247	0.707559
277.297	0.692821
277.347	0.705203
277.396	0.701201
277.445	0.715655
277.494	0.704659
277.544	0.707267
277.593	0.702811
277.643	0.704449
277.692	0.706266
277.741	0.709802
277.790	0.703362
277.840	0.694511
277.890	0.704012
277.939	0.710868
277.988	0.710215
278.037	0.709272
278.087	0.702171
278.136	0.710945
278.186	0.705524
278.235	0.709094
278.285	0.708468
278.333	0.719087
278.383	0.701806
278.433	0.705120
278.482	0.708585
278.532	0.709223
278.580	0.717765
278.631	0.697674
278.680	0.716894
278.729	0.712444
278.779	0.704372
278.828	0.719553
278.877	0.708076
278.927	0.709737
278.976	0.708757
279.025	0.713837
279.074	0.712970
279.124	0.713713
279.173	0.708197
279.222	0.722047
279.271	0.707509
279.321	0.715540
279.370	0.706130
279.420	0.706109
279.469	0.706650
279.518	0.720721
279.568	0.709084
279.617	0.711228
279.667	0.701081
279.716	0.721270
279.765	0.715407
279.814	0.711903
279.864	0.702717
279.913	0.719576
279.963	0.703486
280.012	0.715394
280.060	0.718189
280.110	0.713327
280.159	0.710794
280.209	0.705824
280.258	0.713061
280.307	0.709306
280.357	0.705593
280.407	0.707775
280.456	0.714876
280.505	0.719804
280.555	0.699399
280.603	0.727346
280.653	0.710407
280.702	0.720182
280.751	0.709729
280.801	0.711634
280.849	0.719715
280.899	0.705947
280.948	0.720357
280.997	0.710919
281.047	0.705329
281.096	0.719904
281.146	0.715915
281.195	0.713879
281.244	0.719878
281.293	0.715098
281.342	0.718277
281.392	0.709850
281.441	0.714217
281.490	0.716062
281.540	0.709563
281.588	0.720851
281.638	0.716956
281.687	0.712374
281.736	0.718008
281.785	0.717441
281.834	0.718569
281.884	0.706571
281.932	0.730935
281.982	0.704210
282.031	0.716378
282.080	0.716011
282.130	0.711164
282.179	0.716958
282.228	0.709476
282.278	0.715636
282.327	0.712857
282.376	0.719466
282.426	0.708898
282.474	0.719908
282.524	0.711066
282.573	0.712646
282.622	0.719722
282.672	0.708719
282.721	0.709924
282.770	0.723567
282.819	0.710845
282.868	0.715389
282.919	0.700030
282.967	0.724441
283.017	0.707743
283.066	0.714558
283.115	0.721795
283.165	0.695429
283.214	0.726819
283.263	0.715859
283.312	0.716062
283.361	0.711919
283.410	0.718229
283.460	0.710610
283.510	0.707850
283.559	0.712079
283.608	0.718792
283.657	0.710628
283.706	0.713112
283.756	0.712902
283.806	0.705964
283.854	0.721119
283.904	0.707476
283.953	0.716003
284.003	0.708792
284.052	0.722213
284.102	0.706899
284.150	0.725914
284.200	0.710215
284.249	0.711840
284.299	0.707071
284.347	0.730750
284.397	0.702681
284.445	0.727410
284.494	0.717271
284.544	0.707777
284.593	0.715458
284.643	0.717642
284.692	0.711866
284.741	0.720044
284.791	0.705020
284.840	0.719280
284.889	0.718026
284.938	0.712362
284.988	0.706620
285.037	0.708701